0.000000000000000000e+00	0.000000000000000000e+00	4.314040145115115959e-06
1.000000000000000000e+00	1.000000000000000000e+03	1.857856971200948282e+00
2.000000000000000000e+00	2.000000000000000000e+03	2.615318660163168829e+00
3.000000000000000000e+00	3.000000000000000000e+03	3.321701622015361455e+00
4.000000000000000000e+00	4.000000000000000000e+03	3.788167977611323511e+00
5.000000000000000000e+00	5.000000000000000000e+03	4.360146787539968649e+00
6.000000000000000000e+00	6.000000000000000000e+03	5.114137861108885019e+00
7.000000000000000000e+00	7.000000000000000000e+03	5.611283295199521959e+00
8.000000000000000000e+00	8.000000000000000000e+03	6.255442074373929628e+00
9.000000000000000000e+00	9.000000000000000000e+03	6.640624191275302124e+00
1.000000000000000000e+01	1.000000000000000000e+04	7.309394106500886501e+00
1.100000000000000000e+01	1.100000000000000000e+04	7.785530675850266924e+00
1.200000000000000000e+01	1.200000000000000000e+04	7.937374920523644128e+00
1.300000000000000000e+01	1.300000000000000000e+04	8.247814226423786366e+00
1.400000000000000000e+01	1.400000000000000000e+04	8.659126081255079654e+00
1.500000000000000000e+01	1.500000000000000000e+04	9.060529097046376990e+00
1.600000000000000000e+01	1.600000000000000000e+04	9.255679269134910570e+00
1.700000000000000000e+01	1.700000000000000000e+04	9.587410605614691050e+00
1.800000000000000000e+01	1.800000000000000000e+04	9.904790233808625999e+00
1.900000000000000000e+01	1.900000000000000000e+04	1.036753289884229368e+01
2.000000000000000000e+01	2.000000000000000000e+04	1.071250960200369917e+01
2.100000000000000000e+01	2.100000000000000000e+04	1.101101430697030104e+01
2.200000000000000000e+01	2.200000000000000000e+04	1.145330971781812579e+01
2.300000000000000000e+01	2.300000000000000000e+04	1.180523570088677232e+01
2.400000000000000000e+01	2.400000000000000000e+04	1.198995805675265203e+01
2.500000000000000000e+01	2.500000000000000000e+04	1.233206451484077704e+01
2.600000000000000000e+01	2.600000000000000000e+04	1.248435769373589288e+01
2.700000000000000000e+01	2.700000000000000000e+04	1.265223790426979456e+01
2.800000000000000000e+01	2.800000000000000000e+04	1.279552091610265663e+01
2.900000000000000000e+01	2.900000000000000000e+04	1.301459967377903482e+01
3.000000000000000000e+01	3.000000000000000000e+04	1.345317554589382425e+01
3.100000000000000000e+01	3.100000000000000000e+04	1.397994343415277285e+01
3.200000000000000000e+01	3.200000000000000000e+04	1.441232467560949004e+01
3.300000000000000000e+01	3.300000000000000000e+04	1.458571283153298204e+01
3.400000000000000000e+01	3.400000000000000000e+04	1.476821447488503658e+01
3.500000000000000000e+01	3.500000000000000000e+04	1.489868944305544041e+01
3.600000000000000000e+01	3.600000000000000000e+04	1.522246985081588555e+01
3.700000000000000000e+01	3.700000000000000000e+04	1.555987384149272401e+01
3.800000000000000000e+01	3.800000000000000000e+04	1.574295686945656847e+01
3.900000000000000000e+01	3.900000000000000000e+04	1.580182734925706711e+01
4.000000000000000000e+01	4.000000000000000000e+04	1.600088552738627001e+01
4.100000000000000000e+01	4.100000000000000000e+04	1.622207187501603798e+01
4.200000000000000000e+01	4.200000000000000000e+04	1.634152001153020350e+01
4.300000000000000000e+01	4.300000000000000000e+04	1.653728857615484671e+01
4.400000000000000000e+01	4.400000000000000000e+04	1.695253732466610330e+01
4.500000000000000000e+01	4.500000000000000000e+04	1.712772033877422828e+01
4.600000000000000000e+01	4.600000000000000000e+04	1.734369136564875546e+01
4.700000000000000000e+01	4.700000000000000000e+04	1.767500544025017106e+01
4.800000000000000000e+01	4.800000000000000000e+04	1.792424652111059657e+01
4.900000000000000000e+01	4.900000000000000000e+04	1.832727117997464106e+01
5.000000000000000000e+01	5.000000000000000000e+04	1.860911258494810383e+01
5.100000000000000000e+01	5.100000000000000000e+04	1.873413358212983226e+01
5.200000000000000000e+01	5.200000000000000000e+04	1.894533009782987065e+01
5.300000000000000000e+01	5.300000000000000000e+04	1.920896445779869310e+01
5.400000000000000000e+01	5.400000000000000000e+04	1.955427297472173365e+01
5.500000000000000000e+01	5.500000000000000000e+04	1.970853293128405426e+01
5.600000000000000000e+01	5.600000000000000000e+04	2.001665030557456504e+01
5.700000000000000000e+01	5.700000000000000000e+04	2.019997152238040528e+01
5.800000000000000000e+01	5.800000000000000000e+04	2.049826523556568603e+01
5.900000000000000000e+01	5.900000000000000000e+04	2.062756016715341190e+01
6.000000000000000000e+01	6.000000000000000000e+04	2.062354161088989102e+01
6.100000000000000000e+01	6.100000000000000000e+04	2.055222005282796260e+01
6.200000000000000000e+01	6.200000000000000000e+04	2.071512237063703310e+01
6.300000000000000000e+01	6.300000000000000000e+04	2.074480227288323775e+01
6.400000000000000000e+01	6.400000000000000000e+04	2.105616833498809726e+01
6.500000000000000000e+01	6.500000000000000000e+04	2.106594926172665438e+01
6.600000000000000000e+01	6.600000000000000000e+04	2.109935243230880531e+01
6.700000000000000000e+01	6.700000000000000000e+04	2.116149544323847209e+01
6.800000000000000000e+01	6.800000000000000000e+04	2.131037338349832666e+01
6.900000000000000000e+01	6.900000000000000000e+04	2.126635466291848786e+01
7.000000000000000000e+01	7.000000000000000000e+04	2.118412704076407493e+01
7.100000000000000000e+01	7.100000000000000000e+04	2.138246229069806859e+01
7.200000000000000000e+01	7.200000000000000000e+04	2.160729639035609040e+01
7.300000000000000000e+01	7.300000000000000000e+04	2.196646500067356911e+01
7.400000000000000000e+01	7.400000000000000000e+04	2.207652257098834170e+01
7.500000000000000000e+01	7.500000000000000000e+04	2.226658748181622371e+01
7.600000000000000000e+01	7.600000000000000000e+04	2.232481257816175102e+01
7.700000000000000000e+01	7.700000000000000000e+04	2.252189412622137965e+01
7.800000000000000000e+01	7.800000000000000000e+04	2.271730311508387956e+01
7.900000000000000000e+01	7.900000000000000000e+04	2.291207725117501326e+01
8.000000000000000000e+01	8.000000000000000000e+04	2.324252070760414313e+01
8.100000000000000000e+01	8.100000000000000000e+04	2.335022122155395863e+01
8.200000000000000000e+01	8.200000000000000000e+04	2.344992044461795544e+01
8.300000000000000000e+01	8.300000000000000000e+04	2.339685599236219815e+01
8.400000000000000000e+01	8.400000000000000000e+04	2.379336411053519384e+01
8.500000000000000000e+01	8.500000000000000000e+04	2.388927780352238628e+01
8.600000000000000000e+01	8.600000000000000000e+04	2.409174165042027127e+01
8.700000000000000000e+01	8.700000000000000000e+04	2.412163072458727342e+01
8.800000000000000000e+01	8.800000000000000000e+04	2.437759753004741725e+01
8.900000000000000000e+01	8.900000000000000000e+04	2.456589340137347222e+01
9.000000000000000000e+01	9.000000000000000000e+04	2.456903207445144233e+01
9.100000000000000000e+01	9.100000000000000000e+04	2.471573424720835632e+01
9.200000000000000000e+01	9.200000000000000000e+04	2.477209257288478383e+01
9.300000000000000000e+01	9.300000000000000000e+04	2.488975702073172158e+01
9.400000000000000000e+01	9.400000000000000000e+04	2.498535624686048351e+01
9.500000000000000000e+01	9.500000000000000000e+04	2.490605579258753366e+01
9.600000000000000000e+01	9.600000000000000000e+04	2.513329758646876755e+01
9.700000000000000000e+01	9.700000000000000000e+04	2.517051314600718825e+01
9.800000000000000000e+01	9.800000000000000000e+04	2.536650605534288516e+01
9.900000000000000000e+01	9.900000000000000000e+04	2.542438266893189791e+01
1.000000000000000000e+02	1.000000000000000000e+05	2.543232555816474516e+01
1.010000000000000000e+02	1.010000000000000000e+05	2.568799682373805737e+01
1.020000000000000000e+02	1.020000000000000000e+05	2.607575232176279911e+01
1.030000000000000000e+02	1.030000000000000000e+05	2.644762859907602959e+01
1.040000000000000000e+02	1.040000000000000000e+05	2.691185704941488055e+01
1.050000000000000000e+02	1.050000000000000000e+05	2.710983038500988229e+01
1.060000000000000000e+02	1.060000000000000000e+05	2.727366895482864706e+01
1.070000000000000000e+02	1.070000000000000000e+05	2.749678038800128022e+01
1.080000000000000000e+02	1.080000000000000000e+05	2.773005048270012551e+01
1.090000000000000000e+02	1.090000000000000000e+05	2.781473503408947678e+01
1.100000000000000000e+02	1.100000000000000000e+05	2.816383545470262817e+01
1.110000000000000000e+02	1.110000000000000000e+05	2.845497701274785385e+01
1.120000000000000000e+02	1.120000000000000000e+05	2.865848059738234355e+01
1.130000000000000000e+02	1.130000000000000000e+05	2.869903086137015435e+01
1.140000000000000000e+02	1.140000000000000000e+05	2.908095877334979207e+01
1.150000000000000000e+02	1.150000000000000000e+05	2.930374937911444633e+01
1.160000000000000000e+02	1.160000000000000000e+05	2.933198051963164588e+01
1.170000000000000000e+02	1.170000000000000000e+05	2.954943946327970750e+01
1.180000000000000000e+02	1.180000000000000000e+05	2.989869714700899550e+01
1.190000000000000000e+02	1.190000000000000000e+05	3.018357957581185858e+01
1.200000000000000000e+02	1.200000000000000000e+05	3.033684679369875781e+01
1.210000000000000000e+02	1.210000000000000000e+05	3.073511012555598043e+01
1.220000000000000000e+02	1.220000000000000000e+05	3.092777040416879686e+01
1.230000000000000000e+02	1.230000000000000000e+05	3.106528571473125311e+01
1.240000000000000000e+02	1.240000000000000000e+05	3.138551371468943074e+01
1.250000000000000000e+02	1.250000000000000000e+05	3.157488077333832877e+01
1.260000000000000000e+02	1.260000000000000000e+05	3.173985958064865898e+01
1.270000000000000000e+02	1.270000000000000000e+05	3.210177270886065060e+01
1.280000000000000000e+02	1.280000000000000000e+05	3.252128290564032653e+01
1.290000000000000000e+02	1.290000000000000000e+05	3.271014912809176423e+01
1.300000000000000000e+02	1.300000000000000000e+05	3.299508762154533059e+01
1.310000000000000000e+02	1.310000000000000000e+05	3.310593281030472923e+01
1.320000000000000000e+02	1.320000000000000000e+05	3.334971240812693338e+01
1.330000000000000000e+02	1.330000000000000000e+05	3.352856470835931191e+01
1.340000000000000000e+02	1.340000000000000000e+05	3.390993121511630193e+01
1.350000000000000000e+02	1.350000000000000000e+05	3.421057945670372646e+01
1.360000000000000000e+02	1.360000000000000000e+05	3.452359866159300594e+01
1.370000000000000000e+02	1.370000000000000000e+05	3.490013898238422740e+01
1.380000000000000000e+02	1.380000000000000000e+05	3.519836199202850224e+01
1.390000000000000000e+02	1.390000000000000000e+05	3.530994260001106966e+01
1.400000000000000000e+02	1.400000000000000000e+05	3.560449759216820098e+01
1.410000000000000000e+02	1.410000000000000000e+05	3.578075764879526588e+01
1.420000000000000000e+02	1.420000000000000000e+05	3.586435857108791225e+01
1.430000000000000000e+02	1.430000000000000000e+05	3.610290199292126090e+01
1.440000000000000000e+02	1.440000000000000000e+05	3.627814396958483911e+01
1.450000000000000000e+02	1.450000000000000000e+05	3.659019085106077540e+01
1.460000000000000000e+02	1.460000000000000000e+05	3.702469673532477401e+01
1.470000000000000000e+02	1.470000000000000000e+05	3.716308883719640477e+01
1.480000000000000000e+02	1.480000000000000000e+05	3.717221801786251945e+01
1.490000000000000000e+02	1.490000000000000000e+05	3.736028050597371930e+01
1.500000000000000000e+02	1.500000000000000000e+05	3.755367715636369041e+01
1.510000000000000000e+02	1.510000000000000000e+05	3.770562526405178971e+01
1.520000000000000000e+02	1.520000000000000000e+05	3.783841887866260123e+01
1.530000000000000000e+02	1.530000000000000000e+05	3.789829663663310555e+01
1.540000000000000000e+02	1.540000000000000000e+05	3.829872365406617973e+01
1.550000000000000000e+02	1.550000000000000000e+05	3.854182296436562893e+01
1.560000000000000000e+02	1.560000000000000000e+05	3.863167757715168449e+01
1.570000000000000000e+02	1.570000000000000000e+05	3.882236652637580221e+01
1.580000000000000000e+02	1.580000000000000000e+05	3.899816086852862185e+01
1.590000000000000000e+02	1.590000000000000000e+05	3.935492665524668610e+01
1.600000000000000000e+02	1.600000000000000000e+05	3.952369767749951990e+01
1.610000000000000000e+02	1.610000000000000000e+05	3.990109638990179519e+01
1.620000000000000000e+02	1.620000000000000000e+05	4.029269106076586127e+01
1.630000000000000000e+02	1.630000000000000000e+05	4.037347963643221505e+01
1.640000000000000000e+02	1.640000000000000000e+05	4.063409593370772654e+01
1.650000000000000000e+02	1.650000000000000000e+05	4.087889835248326165e+01
1.660000000000000000e+02	1.660000000000000000e+05	4.114408856193294639e+01
1.670000000000000000e+02	1.670000000000000000e+05	4.133400587646577407e+01
1.680000000000000000e+02	1.680000000000000000e+05	4.165534572249516287e+01
1.690000000000000000e+02	1.690000000000000000e+05	4.181210095438444796e+01
1.700000000000000000e+02	1.700000000000000000e+05	4.213027946034233651e+01
1.710000000000000000e+02	1.710000000000000000e+05	4.234376790216574449e+01
1.720000000000000000e+02	1.720000000000000000e+05	4.259657347019172846e+01
1.730000000000000000e+02	1.730000000000000000e+05	4.308956849446159509e+01
1.740000000000000000e+02	1.740000000000000000e+05	4.334235081903447906e+01
1.750000000000000000e+02	1.750000000000000000e+05	4.337762286226043784e+01
1.760000000000000000e+02	1.760000000000000000e+05	4.368973574353503153e+01
1.770000000000000000e+02	1.770000000000000000e+05	4.383795813291498433e+01
1.780000000000000000e+02	1.780000000000000000e+05	4.409674405469497316e+01
1.790000000000000000e+02	1.790000000000000000e+05	4.438803686807294469e+01
1.800000000000000000e+02	1.800000000000000000e+05	4.463526802061371512e+01
1.810000000000000000e+02	1.810000000000000000e+05	4.495347592311533447e+01
1.820000000000000000e+02	1.820000000000000000e+05	4.503910063890571536e+01
1.830000000000000000e+02	1.830000000000000000e+05	4.535428517636631796e+01
1.840000000000000000e+02	1.840000000000000000e+05	4.551286781460169095e+01
1.850000000000000000e+02	1.850000000000000000e+05	4.568752668186549926e+01
1.860000000000000000e+02	1.860000000000000000e+05	4.591597231728942319e+01
1.870000000000000000e+02	1.870000000000000000e+05	4.610077753685340696e+01
1.880000000000000000e+02	1.880000000000000000e+05	4.644007251356669030e+01
1.890000000000000000e+02	1.890000000000000000e+05	4.662045698420067907e+01
1.900000000000000000e+02	1.900000000000000000e+05	4.671807100256367562e+01
1.910000000000000000e+02	1.910000000000000000e+05	4.708293910118532466e+01
1.920000000000000000e+02	1.920000000000000000e+05	4.735197963927785736e+01
1.930000000000000000e+02	1.930000000000000000e+05	4.753972189473897458e+01
1.940000000000000000e+02	1.940000000000000000e+05	4.778615317274661578e+01
1.950000000000000000e+02	1.950000000000000000e+05	4.801731542650627205e+01
1.960000000000000000e+02	1.960000000000000000e+05	4.824859213695561522e+01
1.970000000000000000e+02	1.970000000000000000e+05	4.844612134020720617e+01
1.980000000000000000e+02	1.980000000000000000e+05	4.870125340641103406e+01
1.990000000000000000e+02	1.990000000000000000e+05	4.893313011108024568e+01
2.000000000000000000e+02	2.000000000000000000e+05	4.936184873183293575e+01
2.010000000000000000e+02	2.010000000000000000e+05	4.976763967962897794e+01
2.020000000000000000e+02	2.020000000000000000e+05	5.001840560096365351e+01
2.030000000000000000e+02	2.030000000000000000e+05	5.032872361008510609e+01
2.040000000000000000e+02	2.040000000000000000e+05	5.046110288327466264e+01
2.050000000000000000e+02	2.050000000000000000e+05	5.089186488125304209e+01
2.060000000000000000e+02	2.060000000000000000e+05	5.124460877833026728e+01
2.070000000000000000e+02	2.070000000000000000e+05	5.134228954930707545e+01
2.080000000000000000e+02	2.080000000000000000e+05	5.143044858579948198e+01
2.090000000000000000e+02	2.090000000000000000e+05	5.183995828657752725e+01
2.100000000000000000e+02	2.100000000000000000e+05	5.188587969743572614e+01
2.110000000000000000e+02	2.110000000000000000e+05	5.208511893093778156e+01
2.120000000000000000e+02	2.120000000000000000e+05	5.231359150580816930e+01
2.130000000000000000e+02	2.130000000000000000e+05	5.245695540623944453e+01
2.140000000000000000e+02	2.140000000000000000e+05	5.265553043309742520e+01
2.150000000000000000e+02	2.150000000000000000e+05	5.272937890560938712e+01
2.160000000000000000e+02	2.160000000000000000e+05	5.281828827045733021e+01
2.170000000000000000e+02	2.170000000000000000e+05	5.291671112991021175e+01
2.180000000000000000e+02	2.180000000000000000e+05	5.298193320734012701e+01
2.190000000000000000e+02	2.190000000000000000e+05	5.343516686159303219e+01
2.200000000000000000e+02	2.200000000000000000e+05	5.360223632405777039e+01
2.210000000000000000e+02	2.210000000000000000e+05	5.375288924027766058e+01
2.220000000000000000e+02	2.220000000000000000e+05	5.400221276071865617e+01
2.230000000000000000e+02	2.230000000000000000e+05	5.437508740587433209e+01
2.240000000000000000e+02	2.240000000000000000e+05	5.462484239964538801e+01
2.250000000000000000e+02	2.250000000000000000e+05	5.490750098606194740e+01
2.260000000000000000e+02	2.260000000000000000e+05	5.501691178996293985e+01
2.270000000000000000e+02	2.270000000000000000e+05	5.516588961677281588e+01
2.280000000000000000e+02	2.280000000000000000e+05	5.539281671072424018e+01
2.290000000000000000e+02	2.290000000000000000e+05	5.550764015011110786e+01
2.300000000000000000e+02	2.300000000000000000e+05	5.569692028964659158e+01
2.310000000000000000e+02	2.310000000000000000e+05	5.596465278070711236e+01
2.320000000000000000e+02	2.320000000000000000e+05	5.617128337320030340e+01
2.330000000000000000e+02	2.330000000000000000e+05	5.630907735045519757e+01
2.340000000000000000e+02	2.340000000000000000e+05	5.640948478815413836e+01
2.350000000000000000e+02	2.350000000000000000e+05	5.659339527555344773e+01
2.360000000000000000e+02	2.360000000000000000e+05	5.673969104273448494e+01
2.370000000000000000e+02	2.370000000000000000e+05	5.699155069298925014e+01
2.380000000000000000e+02	2.380000000000000000e+05	5.712772120212768101e+01
2.390000000000000000e+02	2.390000000000000000e+05	5.755854932810301250e+01
2.400000000000000000e+02	2.400000000000000000e+05	5.778573259255198735e+01
2.410000000000000000e+02	2.410000000000000000e+05	5.788505681936226921e+01
2.420000000000000000e+02	2.420000000000000000e+05	5.803357217878255625e+01
2.430000000000000000e+02	2.430000000000000000e+05	5.810324414106921154e+01
2.440000000000000000e+02	2.440000000000000000e+05	5.836913745172512336e+01
2.450000000000000000e+02	2.450000000000000000e+05	5.842065938058842534e+01
2.460000000000000000e+02	2.460000000000000000e+05	5.845948196652021522e+01
2.470000000000000000e+02	2.470000000000000000e+05	5.857992480190807072e+01
2.480000000000000000e+02	2.480000000000000000e+05	5.856808799318948644e+01
2.490000000000000000e+02	2.490000000000000000e+05	5.874238758090968560e+01
2.500000000000000000e+02	2.500000000000000000e+05	5.880628448557693844e+01
2.510000000000000000e+02	2.510000000000000000e+05	5.902874665193918702e+01
2.520000000000000000e+02	2.520000000000000000e+05	5.909081864315449195e+01
2.530000000000000000e+02	2.530000000000000000e+05	5.929810357477736460e+01
2.540000000000000000e+02	2.540000000000000000e+05	5.941935948925487310e+01
2.550000000000000000e+02	2.550000000000000000e+05	5.937688654672964361e+01
2.560000000000000000e+02	2.560000000000000000e+05	5.928116016215571449e+01
2.570000000000000000e+02	2.570000000000000000e+05	5.933605899237574022e+01
2.580000000000000000e+02	2.580000000000000000e+05	5.953268975315219791e+01
2.590000000000000000e+02	2.590000000000000000e+05	5.968662586040102269e+01
2.600000000000000000e+02	2.600000000000000000e+05	5.979060205322703325e+01
2.610000000000000000e+02	2.610000000000000000e+05	5.996054356389193174e+01
2.620000000000000000e+02	2.620000000000000000e+05	6.020253608606056162e+01
2.630000000000000000e+02	2.630000000000000000e+05	6.034352535112876126e+01
2.640000000000000000e+02	2.640000000000000000e+05	6.049739881278011211e+01
2.650000000000000000e+02	2.650000000000000000e+05	6.062898894962998497e+01
2.660000000000000000e+02	2.660000000000000000e+05	6.074134614936773602e+01
2.670000000000000000e+02	2.670000000000000000e+05	6.081313107442728239e+01
2.680000000000000000e+02	2.680000000000000000e+05	6.080700254981985609e+01
2.690000000000000000e+02	2.690000000000000000e+05	6.095569766707754411e+01
2.700000000000000000e+02	2.700000000000000000e+05	6.106385127481733122e+01
2.710000000000000000e+02	2.710000000000000000e+05	6.097713298011773730e+01
2.720000000000000000e+02	2.720000000000000000e+05	6.115143562911883635e+01
2.730000000000000000e+02	2.730000000000000000e+05	6.121781341168840385e+01
2.740000000000000000e+02	2.740000000000000000e+05	6.133181163432033145e+01
2.750000000000000000e+02	2.750000000000000000e+05	6.156301073819854963e+01
2.760000000000000000e+02	2.760000000000000000e+05	6.175713883588070274e+01
2.770000000000000000e+02	2.770000000000000000e+05	6.181873980976278204e+01
2.780000000000000000e+02	2.780000000000000000e+05	6.193733329746374494e+01
2.790000000000000000e+02	2.790000000000000000e+05	6.200178002822491408e+01
2.800000000000000000e+02	2.800000000000000000e+05	6.196531317031470820e+01
2.810000000000000000e+02	2.810000000000000000e+05	6.182561419685045223e+01
2.820000000000000000e+02	2.820000000000000000e+05	6.191020186194887032e+01
2.830000000000000000e+02	2.830000000000000000e+05	6.200540493082244353e+01
2.840000000000000000e+02	2.840000000000000000e+05	6.215712513054862853e+01
2.850000000000000000e+02	2.850000000000000000e+05	6.222977619994187393e+01
2.860000000000000000e+02	2.860000000000000000e+05	6.224224213125541638e+01
2.870000000000000000e+02	2.870000000000000000e+05	6.220808468763234345e+01
2.880000000000000000e+02	2.880000000000000000e+05	6.227145491176145242e+01
2.890000000000000000e+02	2.890000000000000000e+05	6.224386892000028837e+01
2.900000000000000000e+02	2.900000000000000000e+05	6.228584692342835183e+01
2.910000000000000000e+02	2.910000000000000000e+05	6.250961993901366043e+01
2.920000000000000000e+02	2.920000000000000000e+05	6.252950713995705456e+01
2.930000000000000000e+02	2.930000000000000000e+05	6.258164938450111947e+01
2.940000000000000000e+02	2.940000000000000000e+05	6.260732059877496880e+01
2.950000000000000000e+02	2.950000000000000000e+05	6.277247594135728548e+01
2.960000000000000000e+02	2.960000000000000000e+05	6.279288477801443946e+01
2.970000000000000000e+02	2.970000000000000000e+05	6.280496081849893386e+01
2.980000000000000000e+02	2.980000000000000000e+05	6.281463334635015627e+01
2.990000000000000000e+02	2.990000000000000000e+05	6.291259970093720710e+01
3.000000000000000000e+02	3.000000000000000000e+05	6.306276270969819109e+01
3.010000000000000000e+02	3.010000000000000000e+05	6.304562932551765186e+01
3.020000000000000000e+02	3.020000000000000000e+05	6.299265687194535701e+01
3.030000000000000000e+02	3.030000000000000000e+05	6.296989076704431909e+01
3.040000000000000000e+02	3.040000000000000000e+05	6.294197061565689921e+01
3.050000000000000000e+02	3.050000000000000000e+05	6.308869903721267747e+01
3.060000000000000000e+02	3.060000000000000000e+05	6.305619645840601351e+01
3.070000000000000000e+02	3.070000000000000000e+05	6.289078347811719283e+01
3.080000000000000000e+02	3.080000000000000000e+05	6.292127729496210264e+01
3.090000000000000000e+02	3.090000000000000000e+05	6.313904028563410975e+01
3.100000000000000000e+02	3.100000000000000000e+05	6.319336170671235919e+01
3.110000000000000000e+02	3.110000000000000000e+05	6.312385446617813045e+01
3.120000000000000000e+02	3.120000000000000000e+05	6.311980745025307726e+01
3.130000000000000000e+02	3.130000000000000000e+05	6.315264538096396763e+01
3.140000000000000000e+02	3.140000000000000000e+05	6.313738454424085234e+01
3.150000000000000000e+02	3.150000000000000000e+05	6.311030755976182149e+01
3.160000000000000000e+02	3.160000000000000000e+05	6.322513629377421296e+01
3.170000000000000000e+02	3.170000000000000000e+05	6.323369561456178189e+01
3.180000000000000000e+02	3.180000000000000000e+05	6.327828057086486524e+01
3.190000000000000000e+02	3.190000000000000000e+05	6.348575146130881564e+01
3.200000000000000000e+02	3.200000000000000000e+05	6.359952838065039771e+01
3.210000000000000000e+02	3.210000000000000000e+05	6.363313389824111255e+01
3.220000000000000000e+02	3.220000000000000000e+05	6.392194333055698507e+01
3.230000000000000000e+02	3.230000000000000000e+05	6.394924804682302977e+01
3.240000000000000000e+02	3.240000000000000000e+05	6.406525527884760152e+01
3.250000000000000000e+02	3.250000000000000000e+05	6.412201462933765583e+01
3.260000000000000000e+02	3.260000000000000000e+05	6.430157374899410172e+01
3.270000000000000000e+02	3.270000000000000000e+05	6.435341672119325551e+01
3.280000000000000000e+02	3.280000000000000000e+05	6.433667721272377094e+01
3.290000000000000000e+02	3.290000000000000000e+05	6.445504936580586275e+01
3.300000000000000000e+02	3.300000000000000000e+05	6.447385472078639168e+01
3.310000000000000000e+02	3.310000000000000000e+05	6.445924232609745275e+01
3.320000000000000000e+02	3.320000000000000000e+05	6.457583925734896013e+01
3.330000000000000000e+02	3.330000000000000000e+05	6.461215279845934845e+01
3.340000000000000000e+02	3.340000000000000000e+05	6.458751594016992215e+01
3.350000000000000000e+02	3.350000000000000000e+05	6.462052208710760226e+01
3.360000000000000000e+02	3.360000000000000000e+05	6.455455397221514602e+01
3.370000000000000000e+02	3.370000000000000000e+05	6.445888436698685098e+01
3.380000000000000000e+02	3.380000000000000000e+05	6.474088047286439007e+01
3.390000000000000000e+02	3.390000000000000000e+05	6.491400732109008231e+01
3.400000000000000000e+02	3.400000000000000000e+05	6.512158167075995152e+01
3.410000000000000000e+02	3.410000000000000000e+05	6.514891616331850344e+01
3.420000000000000000e+02	3.420000000000000000e+05	6.512848794138405140e+01
3.430000000000000000e+02	3.430000000000000000e+05	6.522978758017620748e+01
3.440000000000000000e+02	3.440000000000000000e+05	6.512327554156422593e+01
3.450000000000000000e+02	3.450000000000000000e+05	6.518430692762295564e+01
3.460000000000000000e+02	3.460000000000000000e+05	6.519102822053743296e+01
3.470000000000000000e+02	3.470000000000000000e+05	6.525596577115092600e+01
3.480000000000000000e+02	3.480000000000000000e+05	6.514476190643185305e+01
3.490000000000000000e+02	3.490000000000000000e+05	6.523885989150262787e+01
3.500000000000000000e+02	3.500000000000000000e+05	6.532645490531706400e+01
3.510000000000000000e+02	3.510000000000000000e+05	6.539477012103522213e+01
3.520000000000000000e+02	3.520000000000000000e+05	6.554853387167705137e+01
3.530000000000000000e+02	3.530000000000000000e+05	6.565246331221634080e+01
3.540000000000000000e+02	3.540000000000000000e+05	6.562705313929183149e+01
3.550000000000000000e+02	3.550000000000000000e+05	6.564220007144517410e+01
3.560000000000000000e+02	3.560000000000000000e+05	6.573145935898070036e+01
3.570000000000000000e+02	3.570000000000000000e+05	6.565476480408558757e+01
3.580000000000000000e+02	3.580000000000000000e+05	6.580045543579339551e+01
3.590000000000000000e+02	3.590000000000000000e+05	6.571488696641465310e+01
3.600000000000000000e+02	3.600000000000000000e+05	6.569051383243329667e+01
3.610000000000000000e+02	3.610000000000000000e+05	6.573754514735603038e+01
3.620000000000000000e+02	3.620000000000000000e+05	6.576068905232087047e+01
3.630000000000000000e+02	3.630000000000000000e+05	6.584404637806692051e+01
3.640000000000000000e+02	3.640000000000000000e+05	6.573744864918158726e+01
3.650000000000000000e+02	3.650000000000000000e+05	6.581624636936741979e+01
3.660000000000000000e+02	3.660000000000000000e+05	6.587334846077901318e+01
3.670000000000000000e+02	3.670000000000000000e+05	6.596416846409398715e+01
3.680000000000000000e+02	3.680000000000000000e+05	6.586070256940428180e+01
3.690000000000000000e+02	3.690000000000000000e+05	6.601770217585915645e+01
3.700000000000000000e+02	3.700000000000000000e+05	6.611507974442383784e+01
3.710000000000000000e+02	3.710000000000000000e+05	6.606468683041215684e+01
3.720000000000000000e+02	3.720000000000000000e+05	6.622949538685914206e+01
3.730000000000000000e+02	3.730000000000000000e+05	6.624158550254607292e+01
3.740000000000000000e+02	3.740000000000000000e+05	6.633685147167400942e+01
3.750000000000000000e+02	3.750000000000000000e+05	6.666415793145455382e+01
3.760000000000000000e+02	3.760000000000000000e+05	6.680179384048585689e+01
3.770000000000000000e+02	3.770000000000000000e+05	6.681618829002137261e+01
3.780000000000000000e+02	3.780000000000000000e+05	6.686747779392602808e+01
3.790000000000000000e+02	3.790000000000000000e+05	6.695657036356392666e+01
3.800000000000000000e+02	3.800000000000000000e+05	6.712415519638317107e+01
3.810000000000000000e+02	3.810000000000000000e+05	6.718772272443820270e+01
3.820000000000000000e+02	3.820000000000000000e+05	6.728257997691476078e+01
3.830000000000000000e+02	3.830000000000000000e+05	6.740078277542083640e+01
3.840000000000000000e+02	3.840000000000000000e+05	6.750723908803342965e+01
3.850000000000000000e+02	3.850000000000000000e+05	6.767832313862957960e+01
3.860000000000000000e+02	3.860000000000000000e+05	6.759966419399988524e+01
3.870000000000000000e+02	3.870000000000000000e+05	6.752836547251624211e+01
3.880000000000000000e+02	3.880000000000000000e+05	6.771248333993915480e+01
3.890000000000000000e+02	3.890000000000000000e+05	6.773572006376737420e+01
3.900000000000000000e+02	3.900000000000000000e+05	6.781080838441825165e+01
3.910000000000000000e+02	3.910000000000000000e+05	6.801743218310859618e+01
3.920000000000000000e+02	3.920000000000000000e+05	6.810049247360906577e+01
3.930000000000000000e+02	3.930000000000000000e+05	6.822488855086656656e+01
3.940000000000000000e+02	3.940000000000000000e+05	6.823957076818578571e+01
3.950000000000000000e+02	3.950000000000000000e+05	6.823828313667307555e+01
3.960000000000000000e+02	3.960000000000000000e+05	6.818692888461082191e+01
3.970000000000000000e+02	3.970000000000000000e+05	6.827705499102967224e+01
3.980000000000000000e+02	3.980000000000000000e+05	6.822339207931054261e+01
3.990000000000000000e+02	3.990000000000000000e+05	6.826790676259314239e+01
4.000000000000000000e+02	4.000000000000000000e+05	6.826960069840298218e+01
4.010000000000000000e+02	4.010000000000000000e+05	6.821916642827004296e+01
4.020000000000000000e+02	4.020000000000000000e+05	6.826828530492721825e+01
4.030000000000000000e+02	4.030000000000000000e+05	6.822832620852469176e+01
4.040000000000000000e+02	4.040000000000000000e+05	6.830091486111670918e+01
4.050000000000000000e+02	4.050000000000000000e+05	6.836171140959412185e+01
4.060000000000000000e+02	4.060000000000000000e+05	6.845923903484622031e+01
4.070000000000000000e+02	4.070000000000000000e+05	6.832582054071419009e+01
4.080000000000000000e+02	4.080000000000000000e+05	6.825783316633871323e+01
4.090000000000000000e+02	4.090000000000000000e+05	6.834121902394178960e+01
4.100000000000000000e+02	4.100000000000000000e+05	6.834876555398386699e+01
4.110000000000000000e+02	4.110000000000000000e+05	6.836662354921831763e+01
4.120000000000000000e+02	4.120000000000000000e+05	6.850324243807385471e+01
4.130000000000000000e+02	4.130000000000000000e+05	6.855466774643096528e+01
4.140000000000000000e+02	4.140000000000000000e+05	6.862804471781149118e+01
4.150000000000000000e+02	4.150000000000000000e+05	6.860801614206140187e+01
4.160000000000000000e+02	4.160000000000000000e+05	6.865136336634159875e+01
4.170000000000000000e+02	4.170000000000000000e+05	6.886988932838245603e+01
4.180000000000000000e+02	4.180000000000000000e+05	6.879871086915957790e+01
4.190000000000000000e+02	4.190000000000000000e+05	6.892036358703737164e+01
4.200000000000000000e+02	4.200000000000000000e+05	6.894740546575263807e+01
4.210000000000000000e+02	4.210000000000000000e+05	6.915360239198122372e+01
4.220000000000000000e+02	4.220000000000000000e+05	6.918696795499008090e+01
4.230000000000000000e+02	4.230000000000000000e+05	6.931964672234853708e+01
4.240000000000000000e+02	4.240000000000000000e+05	6.929973027585644729e+01
4.250000000000000000e+02	4.250000000000000000e+05	6.941817243386483938e+01
4.260000000000000000e+02	4.260000000000000000e+05	6.947539075690701793e+01
4.270000000000000000e+02	4.270000000000000000e+05	6.967471347997586406e+01
4.280000000000000000e+02	4.280000000000000000e+05	6.973361037350481695e+01
4.290000000000000000e+02	4.290000000000000000e+05	6.976335357980708807e+01
4.300000000000000000e+02	4.300000000000000000e+05	6.975557398659498176e+01
4.310000000000000000e+02	4.310000000000000000e+05	6.974398677552096615e+01
4.320000000000000000e+02	4.320000000000000000e+05	6.981682904158262204e+01
4.330000000000000000e+02	4.330000000000000000e+05	6.967201471825265457e+01
4.340000000000000000e+02	4.340000000000000000e+05	6.959240538879794258e+01
4.350000000000000000e+02	4.350000000000000000e+05	6.964605113735240138e+01
4.360000000000000000e+02	4.360000000000000000e+05	6.979103840147114113e+01
4.370000000000000000e+02	4.370000000000000000e+05	6.990067920761998721e+01
4.380000000000000000e+02	4.380000000000000000e+05	7.000502012169687305e+01
4.390000000000000000e+02	4.390000000000000000e+05	7.009687153793552739e+01
4.400000000000000000e+02	4.400000000000000000e+05	7.026523427386902654e+01
4.410000000000000000e+02	4.410000000000000000e+05	7.032903746519284027e+01
4.420000000000000000e+02	4.420000000000000000e+05	7.052895061905242358e+01
4.430000000000000000e+02	4.430000000000000000e+05	7.052144741436191566e+01
4.440000000000000000e+02	4.440000000000000000e+05	7.055047794582296206e+01
4.450000000000000000e+02	4.450000000000000000e+05	7.059296596133940227e+01
4.460000000000000000e+02	4.460000000000000000e+05	7.058211689080606277e+01
4.470000000000000000e+02	4.470000000000000000e+05	7.050516369435477770e+01
4.480000000000000000e+02	4.480000000000000000e+05	7.042915050891542705e+01
4.490000000000000000e+02	4.490000000000000000e+05	7.064967136033776285e+01
4.500000000000000000e+02	4.500000000000000000e+05	7.079892355056702513e+01
4.510000000000000000e+02	4.510000000000000000e+05	7.074170729340904984e+01
4.520000000000000000e+02	4.520000000000000000e+05	7.073580951369100944e+01
4.530000000000000000e+02	4.530000000000000000e+05	7.069776176737832429e+01
4.540000000000000000e+02	4.540000000000000000e+05	7.072241748076528722e+01
4.550000000000000000e+02	4.550000000000000000e+05	7.078610985712943204e+01
4.560000000000000000e+02	4.560000000000000000e+05	7.080454394593049017e+01
4.570000000000000000e+02	4.570000000000000000e+05	7.097888529774346011e+01
4.580000000000000000e+02	4.580000000000000000e+05	7.104220985236105435e+01
4.590000000000000000e+02	4.590000000000000000e+05	7.114258936332990402e+01
4.600000000000000000e+02	4.600000000000000000e+05	7.112841052302536582e+01
4.610000000000000000e+02	4.610000000000000000e+05	7.127539004767237429e+01
4.620000000000000000e+02	4.620000000000000000e+05	7.134390697162235995e+01
4.630000000000000000e+02	4.630000000000000000e+05	7.146702935274760193e+01
4.640000000000000000e+02	4.640000000000000000e+05	7.160511146945253813e+01
4.650000000000000000e+02	4.650000000000000000e+05	7.156755904693889647e+01
4.660000000000000000e+02	4.660000000000000000e+05	7.152360439095571110e+01
4.670000000000000000e+02	4.670000000000000000e+05	7.157503759534185406e+01
4.680000000000000000e+02	4.680000000000000000e+05	7.170327910533559646e+01
4.690000000000000000e+02	4.690000000000000000e+05	7.173206266578669954e+01
4.700000000000000000e+02	4.700000000000000000e+05	7.179580201028660724e+01
4.710000000000000000e+02	4.710000000000000000e+05	7.189796186210948292e+01
4.720000000000000000e+02	4.720000000000000000e+05	7.188633152452378283e+01
4.730000000000000000e+02	4.730000000000000000e+05	7.175264835455675438e+01
4.740000000000000000e+02	4.740000000000000000e+05	7.176074258920586146e+01
4.750000000000000000e+02	4.750000000000000000e+05	7.175416512413130476e+01
4.760000000000000000e+02	4.760000000000000000e+05	7.190326005382409846e+01
4.770000000000000000e+02	4.770000000000000000e+05	7.201144289565078793e+01
4.780000000000000000e+02	4.780000000000000000e+05	7.207591439686282797e+01
4.790000000000000000e+02	4.790000000000000000e+05	7.213433222146016988e+01
4.800000000000000000e+02	4.800000000000000000e+05	7.208793323979359968e+01
4.810000000000000000e+02	4.810000000000000000e+05	7.201752288100401245e+01
4.820000000000000000e+02	4.820000000000000000e+05	7.204019232538739459e+01
4.830000000000000000e+02	4.830000000000000000e+05	7.221698244708525749e+01
4.840000000000000000e+02	4.840000000000000000e+05	7.229305579689173555e+01
4.850000000000000000e+02	4.850000000000000000e+05	7.228655062232894579e+01
4.860000000000000000e+02	4.860000000000000000e+05	7.243002235772888753e+01
4.870000000000000000e+02	4.870000000000000000e+05	7.244834593042416770e+01
4.880000000000000000e+02	4.880000000000000000e+05	7.254763432633211551e+01
4.890000000000000000e+02	4.890000000000000000e+05	7.257470128043691204e+01
4.900000000000000000e+02	4.900000000000000000e+05	7.275486332676462098e+01
4.910000000000000000e+02	4.910000000000000000e+05	7.277296628406715229e+01
4.920000000000000000e+02	4.920000000000000000e+05	7.292472067464331076e+01
4.930000000000000000e+02	4.930000000000000000e+05	7.296275542347497378e+01
4.940000000000000000e+02	4.940000000000000000e+05	7.293168749117712935e+01
4.950000000000000000e+02	4.950000000000000000e+05	7.303221164746082650e+01
4.960000000000000000e+02	4.960000000000000000e+05	7.311673254077506101e+01
4.970000000000000000e+02	4.970000000000000000e+05	7.306501741867057831e+01
4.980000000000000000e+02	4.980000000000000000e+05	7.308744607388140935e+01
4.990000000000000000e+02	4.990000000000000000e+05	7.303131442077371105e+01
5.000000000000000000e+02	5.000000000000000000e+05	7.317616913795173161e+01
5.010000000000000000e+02	5.010000000000000000e+05	7.338150006172585904e+01
5.020000000000000000e+02	5.020000000000000000e+05	7.351275678801721369e+01
5.030000000000000000e+02	5.030000000000000000e+05	7.365211507464620411e+01
5.040000000000000000e+02	5.040000000000000000e+05	7.378574874435858533e+01
5.050000000000000000e+02	5.050000000000000000e+05	7.369487062194522764e+01
5.060000000000000000e+02	5.060000000000000000e+05	7.381274678016980317e+01
5.070000000000000000e+02	5.070000000000000000e+05	7.379679349445399339e+01
5.080000000000000000e+02	5.080000000000000000e+05	7.389085114946365707e+01
5.090000000000000000e+02	5.090000000000000000e+05	7.395159905556658941e+01
5.100000000000000000e+02	5.100000000000000000e+05	7.388211772057535143e+01
5.110000000000000000e+02	5.110000000000000000e+05	7.390201633446228868e+01
5.120000000000000000e+02	5.120000000000000000e+05	7.397958836803134375e+01
5.130000000000000000e+02	5.130000000000000000e+05	7.420341332826762937e+01
5.140000000000000000e+02	5.140000000000000000e+05	7.421413798212128654e+01
5.150000000000000000e+02	5.150000000000000000e+05	7.426639194304246416e+01
5.160000000000000000e+02	5.160000000000000000e+05	7.437584149945543288e+01
5.170000000000000000e+02	5.170000000000000000e+05	7.453630937347561769e+01
5.180000000000000000e+02	5.180000000000000000e+05	7.472282972140659751e+01
5.190000000000000000e+02	5.190000000000000000e+05	7.484451765116521926e+01
5.200000000000000000e+02	5.200000000000000000e+05	7.481517567868661445e+01
5.210000000000000000e+02	5.210000000000000000e+05	7.477157348997471331e+01
5.220000000000000000e+02	5.220000000000000000e+05	7.481115574729143702e+01
5.230000000000000000e+02	5.230000000000000000e+05	7.479517628229341142e+01
5.240000000000000000e+02	5.240000000000000000e+05	7.506778046834401152e+01
5.250000000000000000e+02	5.250000000000000000e+05	7.520858169644881741e+01
5.260000000000000000e+02	5.260000000000000000e+05	7.516380437212824006e+01
5.270000000000000000e+02	5.270000000000000000e+05	7.508902318508161500e+01
5.280000000000000000e+02	5.280000000000000000e+05	7.519037548418694428e+01
5.290000000000000000e+02	5.290000000000000000e+05	7.520602086045867907e+01
5.300000000000000000e+02	5.300000000000000000e+05	7.527085753811826407e+01
5.310000000000000000e+02	5.310000000000000000e+05	7.523164184884110739e+01
5.320000000000000000e+02	5.320000000000000000e+05	7.529424112539304303e+01
5.330000000000000000e+02	5.330000000000000000e+05	7.550632097253321717e+01
5.340000000000000000e+02	5.340000000000000000e+05	7.550173399277268516e+01
5.350000000000000000e+02	5.350000000000000000e+05	7.546457120925498430e+01
5.360000000000000000e+02	5.360000000000000000e+05	7.555712756115963202e+01
5.370000000000000000e+02	5.370000000000000000e+05	7.563392900073790770e+01
5.380000000000000000e+02	5.380000000000000000e+05	7.561620925853227959e+01
5.390000000000000000e+02	5.390000000000000000e+05	7.567038329077966807e+01
5.400000000000000000e+02	5.400000000000000000e+05	7.551059612576165136e+01
5.410000000000000000e+02	5.410000000000000000e+05	7.568703343382436799e+01
5.420000000000000000e+02	5.420000000000000000e+05	7.576870008582515936e+01
5.430000000000000000e+02	5.430000000000000000e+05	7.599738632687002848e+01
5.440000000000000000e+02	5.440000000000000000e+05	7.614373126448479923e+01
5.450000000000000000e+02	5.450000000000000000e+05	7.616670971775019439e+01
5.460000000000000000e+02	5.460000000000000000e+05	7.629504373924514482e+01
5.470000000000000000e+02	5.470000000000000000e+05	7.632574999216268452e+01
5.480000000000000000e+02	5.480000000000000000e+05	7.634050256002454660e+01
5.490000000000000000e+02	5.490000000000000000e+05	7.628332128930644274e+01
5.500000000000000000e+02	5.500000000000000000e+05	7.634040841477705897e+01
5.510000000000000000e+02	5.510000000000000000e+05	7.639036082841481345e+01
5.520000000000000000e+02	5.520000000000000000e+05	7.629742787499696988e+01
5.530000000000000000e+02	5.530000000000000000e+05	7.625848077727695795e+01
5.540000000000000000e+02	5.540000000000000000e+05	7.646151707884003201e+01
5.550000000000000000e+02	5.550000000000000000e+05	7.662057925270120506e+01
5.560000000000000000e+02	5.560000000000000000e+05	7.658366737140437408e+01
5.570000000000000000e+02	5.570000000000000000e+05	7.667630046941356170e+01
5.580000000000000000e+02	5.580000000000000000e+05	7.684808232932334704e+01
5.590000000000000000e+02	5.590000000000000000e+05	7.697178523668223704e+01
5.600000000000000000e+02	5.600000000000000000e+05	7.685971227176467835e+01
5.610000000000000000e+02	5.610000000000000000e+05	7.676168113133243764e+01
5.620000000000000000e+02	5.620000000000000000e+05	7.681380736604535286e+01
5.630000000000000000e+02	5.630000000000000000e+05	7.700281644871732567e+01
5.640000000000000000e+02	5.640000000000000000e+05	7.705591188583309759e+01
5.650000000000000000e+02	5.650000000000000000e+05	7.701643379223902741e+01
5.660000000000000000e+02	5.660000000000000000e+05	7.709268861036214560e+01
5.670000000000000000e+02	5.670000000000000000e+05	7.725678469076540011e+01
5.680000000000000000e+02	5.680000000000000000e+05	7.738217089290000672e+01
5.690000000000000000e+02	5.690000000000000000e+05	7.729812030705791415e+01
5.700000000000000000e+02	5.700000000000000000e+05	7.722828233939951303e+01
5.710000000000000000e+02	5.710000000000000000e+05	7.742263925184890638e+01
5.720000000000000000e+02	5.720000000000000000e+05	7.748010739299841987e+01
5.730000000000000000e+02	5.730000000000000000e+05	7.758330057932064960e+01
5.740000000000000000e+02	5.740000000000000000e+05	7.784125257389219144e+01
5.750000000000000000e+02	5.750000000000000000e+05	7.775534699006141182e+01
5.760000000000000000e+02	5.760000000000000000e+05	7.788005254389109666e+01
5.770000000000000000e+02	5.770000000000000000e+05	7.791574342874835679e+01
5.780000000000000000e+02	5.780000000000000000e+05	7.796922209401552095e+01
5.790000000000000000e+02	5.790000000000000000e+05	7.806877148525445875e+01
5.800000000000000000e+02	5.800000000000000000e+05	7.804617161317385410e+01
5.810000000000000000e+02	5.810000000000000000e+05	7.828587982160058800e+01
5.820000000000000000e+02	5.820000000000000000e+05	7.822747397174747164e+01
5.830000000000000000e+02	5.830000000000000000e+05	7.826854701555976135e+01
5.840000000000000000e+02	5.840000000000000000e+05	7.827390855106833101e+01
5.850000000000000000e+02	5.850000000000000000e+05	7.837554234100875306e+01
5.860000000000000000e+02	5.860000000000000000e+05	7.836500261919144350e+01
5.870000000000000000e+02	5.870000000000000000e+05	7.834212806897832593e+01
5.880000000000000000e+02	5.880000000000000000e+05	7.840289683622506800e+01
5.890000000000000000e+02	5.890000000000000000e+05	7.838932665453161519e+01
5.900000000000000000e+02	5.900000000000000000e+05	7.838762559620340653e+01
5.910000000000000000e+02	5.910000000000000000e+05	7.848498175323518922e+01
5.920000000000000000e+02	5.920000000000000000e+05	7.845733325010256465e+01
5.930000000000000000e+02	5.930000000000000000e+05	7.860014238654439112e+01
5.940000000000000000e+02	5.940000000000000000e+05	7.861327281113850063e+01
5.950000000000000000e+02	5.950000000000000000e+05	7.869981173821658160e+01
5.960000000000000000e+02	5.960000000000000000e+05	7.880468892683235538e+01
5.970000000000000000e+02	5.970000000000000000e+05	7.880841149098704079e+01
5.980000000000000000e+02	5.980000000000000000e+05	7.879786495999557872e+01
5.990000000000000000e+02	5.990000000000000000e+05	7.880226152543254159e+01
6.000000000000000000e+02	6.000000000000000000e+05	7.876135076050847772e+01
6.010000000000000000e+02	6.010000000000000000e+05	7.894164719994176949e+01
6.020000000000000000e+02	6.020000000000000000e+05	7.902230992085029015e+01
6.030000000000000000e+02	6.030000000000000000e+05	7.902544502570297880e+01
6.040000000000000000e+02	6.040000000000000000e+05	7.906595631553150838e+01
6.050000000000000000e+02	6.050000000000000000e+05	7.905436927550601922e+01
6.060000000000000000e+02	6.060000000000000000e+05	7.925032833334044824e+01
6.070000000000000000e+02	6.070000000000000000e+05	7.918747211477594306e+01
6.080000000000000000e+02	6.080000000000000000e+05	7.940381724651987838e+01
6.090000000000000000e+02	6.090000000000000000e+05	7.942136636135613514e+01
6.100000000000000000e+02	6.100000000000000000e+05	7.933786945980057226e+01
6.110000000000000000e+02	6.110000000000000000e+05	7.925241036503095415e+01
6.120000000000000000e+02	6.120000000000000000e+05	7.930748427906945608e+01
6.130000000000000000e+02	6.130000000000000000e+05	7.937941478256513506e+01
6.140000000000000000e+02	6.140000000000000000e+05	7.953874850265103191e+01
6.150000000000000000e+02	6.150000000000000000e+05	7.946806570845008366e+01
6.160000000000000000e+02	6.160000000000000000e+05	7.956410318354828348e+01
6.170000000000000000e+02	6.170000000000000000e+05	7.957408844177659546e+01
6.180000000000000000e+02	6.180000000000000000e+05	7.959284781845373402e+01
6.190000000000000000e+02	6.190000000000000000e+05	7.973979321620493010e+01
6.200000000000000000e+02	6.200000000000000000e+05	7.977417353239142983e+01
6.210000000000000000e+02	6.210000000000000000e+05	7.969990973817746749e+01
6.220000000000000000e+02	6.220000000000000000e+05	7.976632628704724937e+01
6.230000000000000000e+02	6.230000000000000000e+05	7.983607861508846781e+01
6.240000000000000000e+02	6.240000000000000000e+05	7.996086187585257221e+01
6.250000000000000000e+02	6.250000000000000000e+05	7.994186896352036342e+01
6.260000000000000000e+02	6.260000000000000000e+05	7.989978116242255624e+01
6.270000000000000000e+02	6.270000000000000000e+05	7.988288888055025438e+01
6.280000000000000000e+02	6.280000000000000000e+05	8.005088518765670358e+01
6.290000000000000000e+02	6.290000000000000000e+05	7.996835691140822178e+01
6.300000000000000000e+02	6.300000000000000000e+05	8.010253788728546454e+01
6.310000000000000000e+02	6.310000000000000000e+05	8.014124697311682155e+01
6.320000000000000000e+02	6.320000000000000000e+05	8.018757495993132522e+01
6.330000000000000000e+02	6.330000000000000000e+05	8.026033354740779657e+01
6.340000000000000000e+02	6.340000000000000000e+05	8.030778655259999255e+01
6.350000000000000000e+02	6.350000000000000000e+05	8.037756145003196195e+01
6.360000000000000000e+02	6.360000000000000000e+05	8.046104543984986890e+01
6.370000000000000000e+02	6.370000000000000000e+05	8.066134752335744906e+01
6.380000000000000000e+02	6.380000000000000000e+05	8.063220699666499058e+01
6.390000000000000000e+02	6.390000000000000000e+05	8.090268867692260812e+01
6.400000000000000000e+02	6.400000000000000000e+05	8.090590771475916654e+01
6.410000000000000000e+02	6.410000000000000000e+05	8.112763279585752230e+01
6.420000000000000000e+02	6.420000000000000000e+05	8.115918163247684447e+01
6.430000000000000000e+02	6.430000000000000000e+05	8.113445516859674456e+01
6.440000000000000000e+02	6.440000000000000000e+05	8.121388415174065756e+01
6.450000000000000000e+02	6.450000000000000000e+05	8.115320607120598595e+01
6.460000000000000000e+02	6.460000000000000000e+05	8.115187829882678727e+01
6.470000000000000000e+02	6.470000000000000000e+05	8.132006004394690990e+01
6.480000000000000000e+02	6.480000000000000000e+05	8.143479730271363337e+01
6.490000000000000000e+02	6.490000000000000000e+05	8.137670070211142104e+01
6.500000000000000000e+02	6.500000000000000000e+05	8.146837003650864517e+01
6.510000000000000000e+02	6.510000000000000000e+05	8.129109132214234990e+01
6.520000000000000000e+02	6.520000000000000000e+05	8.142827817958549019e+01
6.530000000000000000e+02	6.530000000000000000e+05	8.133510181375457648e+01
6.540000000000000000e+02	6.540000000000000000e+05	8.117709509278417102e+01
6.550000000000000000e+02	6.550000000000000000e+05	8.121710986053449233e+01
6.560000000000000000e+02	6.560000000000000000e+05	8.135261775248385163e+01
6.570000000000000000e+02	6.570000000000000000e+05	8.131539730930839482e+01
6.580000000000000000e+02	6.580000000000000000e+05	8.147186794485507733e+01
6.590000000000000000e+02	6.590000000000000000e+05	8.146141251360148772e+01
6.600000000000000000e+02	6.600000000000000000e+05	8.148980822729079421e+01
6.610000000000000000e+02	6.610000000000000000e+05	8.143370828494148839e+01
6.620000000000000000e+02	6.620000000000000000e+05	8.156473360665225414e+01
6.630000000000000000e+02	6.630000000000000000e+05	8.158790778194300231e+01
6.640000000000000000e+02	6.640000000000000000e+05	8.160210181900086468e+01
6.650000000000000000e+02	6.650000000000000000e+05	8.176453935242159332e+01
6.660000000000000000e+02	6.660000000000000000e+05	8.202340802806435249e+01
6.670000000000000000e+02	6.670000000000000000e+05	8.208597986891030018e+01
6.680000000000000000e+02	6.680000000000000000e+05	8.226885072716615355e+01
6.690000000000000000e+02	6.690000000000000000e+05	8.228500470190996907e+01
6.700000000000000000e+02	6.700000000000000000e+05	8.223883946781880638e+01
6.710000000000000000e+02	6.710000000000000000e+05	8.225143099762452437e+01
6.720000000000000000e+02	6.720000000000000000e+05	8.227169480410775293e+01
6.730000000000000000e+02	6.730000000000000000e+05	8.231468222459777451e+01
6.740000000000000000e+02	6.740000000000000000e+05	8.227850113653806829e+01
6.750000000000000000e+02	6.750000000000000000e+05	8.210324878388948378e+01
6.760000000000000000e+02	6.760000000000000000e+05	8.214925869859943930e+01
6.770000000000000000e+02	6.770000000000000000e+05	8.222156876979113349e+01
6.780000000000000000e+02	6.780000000000000000e+05	8.233702252149613798e+01
6.790000000000000000e+02	6.790000000000000000e+05	8.246273772866167917e+01
6.800000000000000000e+02	6.800000000000000000e+05	8.249110127278450477e+01
6.810000000000000000e+02	6.810000000000000000e+05	8.273597268075512545e+01
6.820000000000000000e+02	6.820000000000000000e+05	8.275457959462073632e+01
6.830000000000000000e+02	6.830000000000000000e+05	8.268698257559950093e+01
6.840000000000000000e+02	6.840000000000000000e+05	8.288285930073162433e+01
6.850000000000000000e+02	6.850000000000000000e+05	8.299643852858962134e+01
6.860000000000000000e+02	6.860000000000000000e+05	8.321218475656297642e+01
6.870000000000000000e+02	6.870000000000000000e+05	8.309772099294146130e+01
6.880000000000000000e+02	6.880000000000000000e+05	8.314953272587344202e+01
6.890000000000000000e+02	6.890000000000000000e+05	8.334235392244386276e+01
6.900000000000000000e+02	6.900000000000000000e+05	8.336206540511355456e+01
6.910000000000000000e+02	6.910000000000000000e+05	8.333972340221555442e+01
6.920000000000000000e+02	6.920000000000000000e+05	8.340202916935062660e+01
6.930000000000000000e+02	6.930000000000000000e+05	8.330448222720717411e+01
6.940000000000000000e+02	6.940000000000000000e+05	8.348617588360536956e+01
6.950000000000000000e+02	6.950000000000000000e+05	8.355989602420450524e+01
6.960000000000000000e+02	6.960000000000000000e+05	8.358148547134106821e+01
6.970000000000000000e+02	6.970000000000000000e+05	8.376294255585217741e+01
6.980000000000000000e+02	6.980000000000000000e+05	8.369835960450926393e+01
6.990000000000000000e+02	6.990000000000000000e+05	8.377066153238411061e+01
7.000000000000000000e+02	7.000000000000000000e+05	8.393222171930807463e+01
7.010000000000000000e+02	7.010000000000000000e+05	8.399060097490632870e+01
7.020000000000000000e+02	7.020000000000000000e+05	8.417844668083880322e+01
7.030000000000000000e+02	7.030000000000000000e+05	8.415311110965734542e+01
7.040000000000000000e+02	7.040000000000000000e+05	8.421758239861451045e+01
7.050000000000000000e+02	7.050000000000000000e+05	8.427765092056904450e+01
7.060000000000000000e+02	7.060000000000000000e+05	8.431460751256611275e+01
7.070000000000000000e+02	7.070000000000000000e+05	8.433837147019504243e+01
7.080000000000000000e+02	7.080000000000000000e+05	8.434990521321265078e+01
7.090000000000000000e+02	7.090000000000000000e+05	8.441990818173069044e+01
7.100000000000000000e+02	7.100000000000000000e+05	8.445007090246939185e+01
7.110000000000000000e+02	7.110000000000000000e+05	8.451388843563840680e+01
7.120000000000000000e+02	7.120000000000000000e+05	8.451001055166317144e+01
7.130000000000000000e+02	7.130000000000000000e+05	8.472889590242782276e+01
7.140000000000000000e+02	7.140000000000000000e+05	8.485136912435889656e+01
7.150000000000000000e+02	7.150000000000000000e+05	8.501120281629791009e+01
7.160000000000000000e+02	7.160000000000000000e+05	8.512700439097740457e+01
7.170000000000000000e+02	7.170000000000000000e+05	8.521993079126241355e+01
7.180000000000000000e+02	7.180000000000000000e+05	8.540766947173221979e+01
7.190000000000000000e+02	7.190000000000000000e+05	8.547979589875328088e+01
7.200000000000000000e+02	7.200000000000000000e+05	8.540594145381768953e+01
7.210000000000000000e+02	7.210000000000000000e+05	8.548991302786765800e+01
7.220000000000000000e+02	7.220000000000000000e+05	8.561129257851557384e+01
7.230000000000000000e+02	7.230000000000000000e+05	8.576653829535213447e+01
7.240000000000000000e+02	7.240000000000000000e+05	8.556758455667122121e+01
7.250000000000000000e+02	7.250000000000000000e+05	8.572001191412141452e+01
7.260000000000000000e+02	7.260000000000000000e+05	8.575412520157786389e+01
7.270000000000000000e+02	7.270000000000000000e+05	8.596462334480621337e+01
7.280000000000000000e+02	7.280000000000000000e+05	8.602109460762441984e+01
7.290000000000000000e+02	7.290000000000000000e+05	8.604928658873238589e+01
7.300000000000000000e+02	7.300000000000000000e+05	8.613328994860363252e+01
7.310000000000000000e+02	7.310000000000000000e+05	8.613139191539296746e+01
7.320000000000000000e+02	7.320000000000000000e+05	8.609648040556842830e+01
7.330000000000000000e+02	7.330000000000000000e+05	8.603509318667117611e+01
7.340000000000000000e+02	7.340000000000000000e+05	8.618586676577805861e+01
7.350000000000000000e+02	7.350000000000000000e+05	8.609597028510192729e+01
7.360000000000000000e+02	7.360000000000000000e+05	8.609833901809479073e+01
7.370000000000000000e+02	7.370000000000000000e+05	8.625705776944158742e+01
7.380000000000000000e+02	7.380000000000000000e+05	8.637860168701396901e+01
7.390000000000000000e+02	7.390000000000000000e+05	8.632706244906741233e+01
7.400000000000000000e+02	7.400000000000000000e+05	8.636491749931484208e+01
7.410000000000000000e+02	7.410000000000000000e+05	8.650443417433871218e+01
7.420000000000000000e+02	7.420000000000000000e+05	8.654696252177873816e+01
7.430000000000000000e+02	7.430000000000000000e+05	8.653819815263663884e+01
7.440000000000000000e+02	7.440000000000000000e+05	8.665566283564319860e+01
7.450000000000000000e+02	7.450000000000000000e+05	8.671443340670282396e+01
7.460000000000000000e+02	7.460000000000000000e+05	8.679746866520621040e+01
7.470000000000000000e+02	7.470000000000000000e+05	8.681773666815202262e+01
7.480000000000000000e+02	7.480000000000000000e+05	8.694806938897293946e+01
7.490000000000000000e+02	7.490000000000000000e+05	8.706723262584890222e+01
7.500000000000000000e+02	7.500000000000000000e+05	8.713718095016996301e+01
7.510000000000000000e+02	7.510000000000000000e+05	8.711792108848118232e+01
7.520000000000000000e+02	7.520000000000000000e+05	8.717821992544401155e+01
7.530000000000000000e+02	7.530000000000000000e+05	8.708334500483704232e+01
7.540000000000000000e+02	7.540000000000000000e+05	8.712396969152638349e+01
7.550000000000000000e+02	7.550000000000000000e+05	8.709892827587610498e+01
7.560000000000000000e+02	7.560000000000000000e+05	8.722300260809063843e+01
7.570000000000000000e+02	7.570000000000000000e+05	8.715153589325996109e+01
7.580000000000000000e+02	7.580000000000000000e+05	8.716427962506914184e+01
7.590000000000000000e+02	7.590000000000000000e+05	8.705749336472861444e+01
7.600000000000000000e+02	7.600000000000000000e+05	8.714623106752701176e+01
7.610000000000000000e+02	7.610000000000000000e+05	8.712631987906091524e+01
7.620000000000000000e+02	7.620000000000000000e+05	8.718953954992717570e+01
7.630000000000000000e+02	7.630000000000000000e+05	8.726789341287103241e+01
7.640000000000000000e+02	7.640000000000000000e+05	8.728646325134849349e+01
7.650000000000000000e+02	7.650000000000000000e+05	8.749390097200206640e+01
7.660000000000000000e+02	7.660000000000000000e+05	8.737666006325947876e+01
7.670000000000000000e+02	7.670000000000000000e+05	8.749526415456458039e+01
7.680000000000000000e+02	7.680000000000000000e+05	8.749410885737684396e+01
7.690000000000000000e+02	7.690000000000000000e+05	8.742320896858673507e+01
7.700000000000000000e+02	7.700000000000000000e+05	8.749535997024540279e+01
7.710000000000000000e+02	7.710000000000000000e+05	8.746709065308502318e+01
7.720000000000000000e+02	7.720000000000000000e+05	8.751889565389851100e+01
7.730000000000000000e+02	7.730000000000000000e+05	8.752302565441858917e+01
7.740000000000000000e+02	7.740000000000000000e+05	8.754303728424841324e+01
7.750000000000000000e+02	7.750000000000000000e+05	8.757986366721642923e+01
7.760000000000000000e+02	7.760000000000000000e+05	8.754270928010024022e+01
7.770000000000000000e+02	7.770000000000000000e+05	8.762022864662471022e+01
7.780000000000000000e+02	7.780000000000000000e+05	8.766955298456780099e+01
7.790000000000000000e+02	7.790000000000000000e+05	8.760451492467682044e+01
7.800000000000000000e+02	7.800000000000000000e+05	8.750523506263614593e+01
7.810000000000000000e+02	7.810000000000000000e+05	8.747761938579719754e+01
7.820000000000000000e+02	7.820000000000000000e+05	8.757659742555497928e+01
7.830000000000000000e+02	7.830000000000000000e+05	8.762525228288696155e+01
7.840000000000000000e+02	7.840000000000000000e+05	8.776533373334520149e+01
7.850000000000000000e+02	7.850000000000000000e+05	8.779862390343262746e+01
7.860000000000000000e+02	7.860000000000000000e+05	8.766274882304598748e+01
7.870000000000000000e+02	7.870000000000000000e+05	8.753327293275837917e+01
7.880000000000000000e+02	7.880000000000000000e+05	8.763565427564691390e+01
7.890000000000000000e+02	7.890000000000000000e+05	8.762066534549032326e+01
7.900000000000000000e+02	7.900000000000000000e+05	8.768528982833937846e+01
7.910000000000000000e+02	7.910000000000000000e+05	8.761419667424104318e+01
7.920000000000000000e+02	7.920000000000000000e+05	8.761151022766073027e+01
7.930000000000000000e+02	7.930000000000000000e+05	8.765692673679643576e+01
7.940000000000000000e+02	7.940000000000000000e+05	8.773573587857998746e+01
7.950000000000000000e+02	7.950000000000000000e+05	8.769864940507358142e+01
7.960000000000000000e+02	7.960000000000000000e+05	8.782112356257216845e+01
7.970000000000000000e+02	7.970000000000000000e+05	8.793792184886308405e+01
7.980000000000000000e+02	7.980000000000000000e+05	8.792616032291071804e+01
7.990000000000000000e+02	7.990000000000000000e+05	8.791211867495097465e+01
8.000000000000000000e+02	8.000000000000000000e+05	8.783082655124775329e+01
8.010000000000000000e+02	8.010000000000000000e+05	8.802605288463476541e+01
8.020000000000000000e+02	8.020000000000000000e+05	8.817365394322887084e+01
8.030000000000000000e+02	8.030000000000000000e+05	8.806299994045545532e+01
8.040000000000000000e+02	8.040000000000000000e+05	8.796694278033791647e+01
8.050000000000000000e+02	8.050000000000000000e+05	8.794178268553201860e+01
8.060000000000000000e+02	8.060000000000000000e+05	8.792283522081659441e+01
8.070000000000000000e+02	8.070000000000000000e+05	8.789262102389413656e+01
8.080000000000000000e+02	8.080000000000000000e+05	8.793127011989210473e+01
8.090000000000000000e+02	8.090000000000000000e+05	8.791239739005204967e+01
8.100000000000000000e+02	8.100000000000000000e+05	8.787895811279504699e+01
8.110000000000000000e+02	8.110000000000000000e+05	8.787221999385096183e+01
8.120000000000000000e+02	8.120000000000000000e+05	8.778056261745463473e+01
8.130000000000000000e+02	8.130000000000000000e+05	8.779446558277024337e+01
8.140000000000000000e+02	8.140000000000000000e+05	8.794770110223305437e+01
8.150000000000000000e+02	8.150000000000000000e+05	8.815067005283374613e+01
8.160000000000000000e+02	8.160000000000000000e+05	8.819420702000745393e+01
8.170000000000000000e+02	8.170000000000000000e+05	8.822506984693461618e+01
8.180000000000000000e+02	8.180000000000000000e+05	8.829595664031666047e+01
8.190000000000000000e+02	8.190000000000000000e+05	8.827800715904150763e+01
8.200000000000000000e+02	8.200000000000000000e+05	8.834195897128871877e+01
8.210000000000000000e+02	8.210000000000000000e+05	8.831049568407738093e+01
8.220000000000000000e+02	8.220000000000000000e+05	8.830593039145277601e+01
8.230000000000000000e+02	8.230000000000000000e+05	8.819135966941971105e+01
8.240000000000000000e+02	8.240000000000000000e+05	8.831897571028116545e+01
8.250000000000000000e+02	8.250000000000000000e+05	8.850903148240540474e+01
8.260000000000000000e+02	8.260000000000000000e+05	8.869870059504599169e+01
8.270000000000000000e+02	8.270000000000000000e+05	8.884690965088232417e+01
8.280000000000000000e+02	8.280000000000000000e+05	8.884315276763996394e+01
8.290000000000000000e+02	8.290000000000000000e+05	8.892637717049741752e+01
8.300000000000000000e+02	8.300000000000000000e+05	8.899275000241644307e+01
8.310000000000000000e+02	8.310000000000000000e+05	8.931454663413944672e+01
8.320000000000000000e+02	8.320000000000000000e+05	8.929026410025508653e+01
8.330000000000000000e+02	8.330000000000000000e+05	8.935115184888987017e+01
8.340000000000000000e+02	8.340000000000000000e+05	8.939831269597850394e+01
8.350000000000000000e+02	8.350000000000000000e+05	8.941754919413850189e+01
8.360000000000000000e+02	8.360000000000000000e+05	8.960301058624729365e+01
8.370000000000000000e+02	8.370000000000000000e+05	8.951869854783242886e+01
8.380000000000000000e+02	8.380000000000000000e+05	8.963436880574957399e+01
8.390000000000000000e+02	8.390000000000000000e+05	8.952445938777786694e+01
8.400000000000000000e+02	8.400000000000000000e+05	8.956284790302692045e+01
8.410000000000000000e+02	8.410000000000000000e+05	8.943567960472528000e+01
8.420000000000000000e+02	8.420000000000000000e+05	8.957269835450364326e+01
8.430000000000000000e+02	8.430000000000000000e+05	8.944109131953412373e+01
8.440000000000000000e+02	8.440000000000000000e+05	8.940393550922865984e+01
8.450000000000000000e+02	8.450000000000000000e+05	8.939734919497831811e+01
8.460000000000000000e+02	8.460000000000000000e+05	8.948679569354871433e+01
8.470000000000000000e+02	8.470000000000000000e+05	8.968391625905012177e+01
8.480000000000000000e+02	8.480000000000000000e+05	8.973380554506350393e+01
8.490000000000000000e+02	8.490000000000000000e+05	8.958094545489704785e+01
8.500000000000000000e+02	8.500000000000000000e+05	8.971381313518628531e+01
8.510000000000000000e+02	8.510000000000000000e+05	8.950554179186448778e+01
8.520000000000000000e+02	8.520000000000000000e+05	8.951665714611866065e+01
8.530000000000000000e+02	8.530000000000000000e+05	8.967165948040452861e+01
8.540000000000000000e+02	8.540000000000000000e+05	8.965101948265836995e+01
8.550000000000000000e+02	8.550000000000000000e+05	8.974274525969862282e+01
8.560000000000000000e+02	8.560000000000000000e+05	8.978795377316349402e+01
8.570000000000000000e+02	8.570000000000000000e+05	8.980087893797090715e+01
8.580000000000000000e+02	8.580000000000000000e+05	9.000098275438949713e+01
8.590000000000000000e+02	8.590000000000000000e+05	9.002704798541527964e+01
8.600000000000000000e+02	8.600000000000000000e+05	8.998086822097113213e+01
8.610000000000000000e+02	8.610000000000000000e+05	8.986532316637138251e+01
8.620000000000000000e+02	8.620000000000000000e+05	8.992098746666383136e+01
8.630000000000000000e+02	8.630000000000000000e+05	9.011131526263066860e+01
8.640000000000000000e+02	8.640000000000000000e+05	9.008401803169228117e+01
8.650000000000000000e+02	8.650000000000000000e+05	9.028960174916805670e+01
8.660000000000000000e+02	8.660000000000000000e+05	9.040772257939875090e+01
8.670000000000000000e+02	8.670000000000000000e+05	9.045313531400421425e+01
8.680000000000000000e+02	8.680000000000000000e+05	9.029266405367080495e+01
8.690000000000000000e+02	8.690000000000000000e+05	9.028097464897660984e+01
8.700000000000000000e+02	8.700000000000000000e+05	9.030665836683652969e+01
8.710000000000000000e+02	8.710000000000000000e+05	9.035242825027647484e+01
8.720000000000000000e+02	8.720000000000000000e+05	9.031167036543546089e+01
8.730000000000000000e+02	8.730000000000000000e+05	9.038695469022705709e+01
8.740000000000000000e+02	8.740000000000000000e+05	9.027116916924607892e+01
8.750000000000000000e+02	8.750000000000000000e+05	9.027185139515982826e+01
8.760000000000000000e+02	8.760000000000000000e+05	9.035156509671391234e+01
8.770000000000000000e+02	8.770000000000000000e+05	9.042386545470458259e+01
8.780000000000000000e+02	8.780000000000000000e+05	9.022863321151015725e+01
8.790000000000000000e+02	8.790000000000000000e+05	9.028437050119465823e+01
8.800000000000000000e+02	8.800000000000000000e+05	9.040480630061267675e+01
8.810000000000000000e+02	8.810000000000000000e+05	9.050176328523352254e+01
8.820000000000000000e+02	8.820000000000000000e+05	9.036702130042866088e+01
8.830000000000000000e+02	8.830000000000000000e+05	9.039945825378325139e+01
8.840000000000000000e+02	8.840000000000000000e+05	9.031779216679834121e+01
8.850000000000000000e+02	8.850000000000000000e+05	9.041143328860846395e+01
8.860000000000000000e+02	8.860000000000000000e+05	9.051822928391725043e+01
8.870000000000000000e+02	8.870000000000000000e+05	9.060343151813455620e+01
8.880000000000000000e+02	8.880000000000000000e+05	9.058936264526823834e+01
8.890000000000000000e+02	8.890000000000000000e+05	9.068024294856539314e+01
8.900000000000000000e+02	8.900000000000000000e+05	9.069576476292463951e+01
8.910000000000000000e+02	8.910000000000000000e+05	9.062597836845134225e+01
8.920000000000000000e+02	8.920000000000000000e+05	9.044305258608187614e+01
8.930000000000000000e+02	8.930000000000000000e+05	9.058674670969341491e+01
8.940000000000000000e+02	8.940000000000000000e+05	9.066921088576670229e+01
8.950000000000000000e+02	8.950000000000000000e+05	9.075547959080137161e+01
8.960000000000000000e+02	8.960000000000000000e+05	9.084530467118995034e+01
8.970000000000000000e+02	8.970000000000000000e+05	9.109971111150741763e+01
8.980000000000000000e+02	8.980000000000000000e+05	9.107186288061103596e+01
8.990000000000000000e+02	8.990000000000000000e+05	9.101119602552304855e+01
9.000000000000000000e+02	9.000000000000000000e+05	9.093241157073184411e+01
9.010000000000000000e+02	9.010000000000000000e+05	9.101950315242338263e+01
9.020000000000000000e+02	9.020000000000000000e+05	9.100063181020527736e+01
9.030000000000000000e+02	9.030000000000000000e+05	9.105725147782231943e+01
9.040000000000000000e+02	9.040000000000000000e+05	9.107421129176395880e+01
9.050000000000000000e+02	9.050000000000000000e+05	9.108146265279209786e+01
9.060000000000000000e+02	9.060000000000000000e+05	9.118731177540929878e+01
9.070000000000000000e+02	9.070000000000000000e+05	9.119502183619877655e+01
9.080000000000000000e+02	9.080000000000000000e+05	9.130703351902234033e+01
9.090000000000000000e+02	9.090000000000000000e+05	9.149943707393812531e+01
9.100000000000000000e+02	9.100000000000000000e+05	9.164093197949812009e+01
9.110000000000000000e+02	9.110000000000000000e+05	9.181650439775090433e+01
9.120000000000000000e+02	9.120000000000000000e+05	9.185365176517001373e+01
9.130000000000000000e+02	9.130000000000000000e+05	9.182650167917435624e+01
9.140000000000000000e+02	9.140000000000000000e+05	9.186568786714441615e+01
9.150000000000000000e+02	9.150000000000000000e+05	9.174200562708796269e+01
9.160000000000000000e+02	9.160000000000000000e+05	9.174856361518196479e+01
9.170000000000000000e+02	9.170000000000000000e+05	9.181030353246553943e+01
9.180000000000000000e+02	9.180000000000000000e+05	9.179718358843901171e+01
9.190000000000000000e+02	9.190000000000000000e+05	9.183476929388469046e+01
9.200000000000000000e+02	9.200000000000000000e+05	9.185874643106188842e+01
9.210000000000000000e+02	9.210000000000000000e+05	9.195985562212088382e+01
9.220000000000000000e+02	9.220000000000000000e+05	9.199256653104228576e+01
9.230000000000000000e+02	9.230000000000000000e+05	9.206317541650427927e+01
9.240000000000000000e+02	9.240000000000000000e+05	9.212169652242690177e+01
9.250000000000000000e+02	9.250000000000000000e+05	9.225948838883317649e+01
9.260000000000000000e+02	9.260000000000000000e+05	9.237236655994125556e+01
9.270000000000000000e+02	9.270000000000000000e+05	9.245520563554696025e+01
9.280000000000000000e+02	9.280000000000000000e+05	9.256695773346879719e+01
9.290000000000000000e+02	9.290000000000000000e+05	9.251614930535099290e+01
9.300000000000000000e+02	9.300000000000000000e+05	9.262405616037119671e+01
9.310000000000000000e+02	9.310000000000000000e+05	9.265368224080258130e+01
9.320000000000000000e+02	9.320000000000000000e+05	9.257666445536264632e+01
9.330000000000000000e+02	9.330000000000000000e+05	9.293026899659724904e+01
9.340000000000000000e+02	9.340000000000000000e+05	9.291233233676092595e+01
9.350000000000000000e+02	9.350000000000000000e+05	9.292983388695495250e+01
9.360000000000000000e+02	9.360000000000000000e+05	9.307779239857961784e+01
9.370000000000000000e+02	9.370000000000000000e+05	9.312627329853980029e+01
9.380000000000000000e+02	9.380000000000000000e+05	9.314962744455377219e+01
9.390000000000000000e+02	9.390000000000000000e+05	9.326798194873845205e+01
9.400000000000000000e+02	9.400000000000000000e+05	9.331918547995324786e+01
9.410000000000000000e+02	9.410000000000000000e+05	9.332990292478282868e+01
9.420000000000000000e+02	9.420000000000000000e+05	9.344591578646851815e+01
9.430000000000000000e+02	9.430000000000000000e+05	9.357944073058420997e+01
9.440000000000000000e+02	9.440000000000000000e+05	9.360820650605418791e+01
9.450000000000000000e+02	9.450000000000000000e+05	9.355157440288495252e+01
9.460000000000000000e+02	9.460000000000000000e+05	9.354966891965176501e+01
9.470000000000000000e+02	9.470000000000000000e+05	9.364104514230415077e+01
9.480000000000000000e+02	9.480000000000000000e+05	9.363292928174922736e+01
9.490000000000000000e+02	9.490000000000000000e+05	9.380570626381712884e+01
9.500000000000000000e+02	9.500000000000000000e+05	9.383446699192114693e+01
9.510000000000000000e+02	9.510000000000000000e+05	9.379900558820612844e+01
9.520000000000000000e+02	9.520000000000000000e+05	9.396933582890653724e+01
9.530000000000000000e+02	9.530000000000000000e+05	9.394553465090595523e+01
9.540000000000000000e+02	9.540000000000000000e+05	9.392210180474806691e+01
9.550000000000000000e+02	9.550000000000000000e+05	9.404645230937531153e+01
9.560000000000000000e+02	9.560000000000000000e+05	9.396259672621906134e+01
9.570000000000000000e+02	9.570000000000000000e+05	9.399662088514187985e+01
9.580000000000000000e+02	9.580000000000000000e+05	9.402322735537326537e+01
9.590000000000000000e+02	9.590000000000000000e+05	9.410508801834218673e+01
9.600000000000000000e+02	9.600000000000000000e+05	9.405867567464260048e+01
9.610000000000000000e+02	9.610000000000000000e+05	9.409360355560966127e+01
9.620000000000000000e+02	9.620000000000000000e+05	9.414733573681156997e+01
9.630000000000000000e+02	9.630000000000000000e+05	9.410857644799008881e+01
9.640000000000000000e+02	9.640000000000000000e+05	9.406643096146530070e+01
9.650000000000000000e+02	9.650000000000000000e+05	9.405330768065329039e+01
9.660000000000000000e+02	9.660000000000000000e+05	9.409898178415924974e+01
9.670000000000000000e+02	9.670000000000000000e+05	9.410788812102356360e+01
9.680000000000000000e+02	9.680000000000000000e+05	9.408758325679059453e+01
9.690000000000000000e+02	9.690000000000000000e+05	9.417633210813481526e+01
9.700000000000000000e+02	9.700000000000000000e+05	9.428966738892019350e+01
9.710000000000000000e+02	9.710000000000000000e+05	9.433771178369502763e+01
9.720000000000000000e+02	9.720000000000000000e+05	9.446429114391827397e+01
9.730000000000000000e+02	9.730000000000000000e+05	9.475407053004153113e+01
9.740000000000000000e+02	9.740000000000000000e+05	9.472000618117051829e+01
9.750000000000000000e+02	9.750000000000000000e+05	9.481523690673137139e+01
9.760000000000000000e+02	9.760000000000000000e+05	9.476450464987836142e+01
9.770000000000000000e+02	9.770000000000000000e+05	9.473083850592544763e+01
9.780000000000000000e+02	9.780000000000000000e+05	9.496883115051694801e+01
9.790000000000000000e+02	9.790000000000000000e+05	9.483061557633438099e+01
9.800000000000000000e+02	9.800000000000000000e+05	9.472763206518069978e+01
9.810000000000000000e+02	9.810000000000000000e+05	9.481968383292999647e+01
9.820000000000000000e+02	9.820000000000000000e+05	9.480826408160312724e+01
9.830000000000000000e+02	9.830000000000000000e+05	9.476065636770981371e+01
9.840000000000000000e+02	9.840000000000000000e+05	9.475684030260170232e+01
9.850000000000000000e+02	9.850000000000000000e+05	9.490543240836714745e+01
9.860000000000000000e+02	9.860000000000000000e+05	9.492696410224432668e+01
9.870000000000000000e+02	9.870000000000000000e+05	9.486706808920150991e+01
9.880000000000000000e+02	9.880000000000000000e+05	9.493534414201543825e+01
9.890000000000000000e+02	9.890000000000000000e+05	9.502560247814349736e+01
9.900000000000000000e+02	9.900000000000000000e+05	9.509864088603873711e+01
9.910000000000000000e+02	9.910000000000000000e+05	9.501257731598609269e+01
9.920000000000000000e+02	9.920000000000000000e+05	9.510306810681531431e+01
9.930000000000000000e+02	9.930000000000000000e+05	9.522395744570496845e+01
9.940000000000000000e+02	9.940000000000000000e+05	9.521199958678862174e+01
9.950000000000000000e+02	9.950000000000000000e+05	9.528139782417662218e+01
9.960000000000000000e+02	9.960000000000000000e+05	9.531592328204875741e+01
9.970000000000000000e+02	9.970000000000000000e+05	9.526237626952561754e+01
9.980000000000000000e+02	9.980000000000000000e+05	9.519804125736331457e+01
9.990000000000000000e+02	9.990000000000000000e+05	9.516508074251807159e+01
1.000000000000000000e+03	1.000000000000000000e+06	9.522638793395228163e+01
1.001000000000000000e+03	1.001000000000000000e+06	9.525700724424650900e+01
1.002000000000000000e+03	1.002000000000000000e+06	9.515784535121451881e+01
1.003000000000000000e+03	1.003000000000000000e+06	9.508644924429825096e+01
1.004000000000000000e+03	1.004000000000000000e+06	9.521482731243146702e+01
1.005000000000000000e+03	1.005000000000000000e+06	9.530920604729500667e+01
1.006000000000000000e+03	1.006000000000000000e+06	9.536450407540222329e+01
1.007000000000000000e+03	1.007000000000000000e+06	9.546521273542127517e+01
1.008000000000000000e+03	1.008000000000000000e+06	9.550549505479352774e+01
1.009000000000000000e+03	1.009000000000000000e+06	9.562967246587314207e+01
1.010000000000000000e+03	1.010000000000000000e+06	9.568407440316610746e+01
1.011000000000000000e+03	1.011000000000000000e+06	9.573031091882653243e+01
1.012000000000000000e+03	1.012000000000000000e+06	9.573452999504469574e+01
1.013000000000000000e+03	1.013000000000000000e+06	9.577598056491568457e+01
1.014000000000000000e+03	1.014000000000000000e+06	9.595308475309249729e+01
1.015000000000000000e+03	1.015000000000000000e+06	9.592765621108050311e+01
1.016000000000000000e+03	1.016000000000000000e+06	9.572095347297934609e+01
1.017000000000000000e+03	1.017000000000000000e+06	9.583458197433675707e+01
1.018000000000000000e+03	1.018000000000000000e+06	9.582681062406996375e+01
1.019000000000000000e+03	1.019000000000000000e+06	9.595091530052808082e+01
1.020000000000000000e+03	1.020000000000000000e+06	9.602683046451689108e+01
1.021000000000000000e+03	1.021000000000000000e+06	9.598020481967648720e+01
1.022000000000000000e+03	1.022000000000000000e+06	9.597877661379020253e+01
1.023000000000000000e+03	1.023000000000000000e+06	9.608501638348400320e+01
1.024000000000000000e+03	1.024000000000000000e+06	9.629326904865169467e+01
1.025000000000000000e+03	1.025000000000000000e+06	9.639529063361115391e+01
1.026000000000000000e+03	1.026000000000000000e+06	9.630933044092169837e+01
1.027000000000000000e+03	1.027000000000000000e+06	9.644646572718696120e+01
1.028000000000000000e+03	1.028000000000000000e+06	9.643123639204331710e+01
1.029000000000000000e+03	1.029000000000000000e+06	9.639076577436084392e+01
1.030000000000000000e+03	1.030000000000000000e+06	9.650181100455192507e+01
1.031000000000000000e+03	1.031000000000000000e+06	9.650800224431027630e+01
1.032000000000000000e+03	1.032000000000000000e+06	9.645176803198167192e+01
1.033000000000000000e+03	1.033000000000000000e+06	9.653883235082723502e+01
1.034000000000000000e+03	1.034000000000000000e+06	9.660038853841770390e+01
1.035000000000000000e+03	1.035000000000000000e+06	9.678375773443833907e+01
1.036000000000000000e+03	1.036000000000000000e+06	9.665046885947153044e+01
1.037000000000000000e+03	1.037000000000000000e+06	9.677007845589979240e+01
1.038000000000000000e+03	1.038000000000000000e+06	9.688217022107289722e+01
1.039000000000000000e+03	1.039000000000000000e+06	9.706951062825926613e+01
1.040000000000000000e+03	1.040000000000000000e+06	9.694981872269914902e+01
1.041000000000000000e+03	1.041000000000000000e+06	9.705366319506111950e+01
1.042000000000000000e+03	1.042000000000000000e+06	9.703585166442589127e+01
1.043000000000000000e+03	1.043000000000000000e+06	9.728825498218317591e+01
1.044000000000000000e+03	1.044000000000000000e+06	9.726377928183698884e+01
1.045000000000000000e+03	1.045000000000000000e+06	9.730857482367756006e+01
1.046000000000000000e+03	1.046000000000000000e+06	9.740064649689740861e+01
1.047000000000000000e+03	1.047000000000000000e+06	9.736678724982382960e+01
1.048000000000000000e+03	1.048000000000000000e+06	9.740423045214276954e+01
1.049000000000000000e+03	1.049000000000000000e+06	9.747104140933534211e+01
1.050000000000000000e+03	1.050000000000000000e+06	9.749273399295283582e+01
1.051000000000000000e+03	1.051000000000000000e+06	9.748045552238676237e+01
1.052000000000000000e+03	1.052000000000000000e+06	9.761090591950777196e+01
1.053000000000000000e+03	1.053000000000000000e+06	9.761571797559840036e+01
1.054000000000000000e+03	1.054000000000000000e+06	9.752587110174695795e+01
1.055000000000000000e+03	1.055000000000000000e+06	9.755120735633587969e+01
1.056000000000000000e+03	1.056000000000000000e+06	9.754288253979727585e+01
1.057000000000000000e+03	1.057000000000000000e+06	9.749743375402830736e+01
1.058000000000000000e+03	1.058000000000000000e+06	9.740554462043772332e+01
1.059000000000000000e+03	1.059000000000000000e+06	9.738991067174877969e+01
1.060000000000000000e+03	1.060000000000000000e+06	9.747810722452874188e+01
1.061000000000000000e+03	1.061000000000000000e+06	9.752399658766957202e+01
1.062000000000000000e+03	1.062000000000000000e+06	9.765970400784833316e+01
1.063000000000000000e+03	1.063000000000000000e+06	9.780093536309760793e+01
1.064000000000000000e+03	1.064000000000000000e+06	9.785173393387279361e+01
1.065000000000000000e+03	1.065000000000000000e+06	9.786034420015157309e+01
1.066000000000000000e+03	1.066000000000000000e+06	9.781721508819678945e+01
1.067000000000000000e+03	1.067000000000000000e+06	9.811421394428155907e+01
1.068000000000000000e+03	1.068000000000000000e+06	9.808854181883535261e+01
1.069000000000000000e+03	1.069000000000000000e+06	9.807666636402340998e+01
1.070000000000000000e+03	1.070000000000000000e+06	9.815859849106706747e+01
1.071000000000000000e+03	1.071000000000000000e+06	9.821974209687722634e+01
1.072000000000000000e+03	1.072000000000000000e+06	9.817784894068489621e+01
1.073000000000000000e+03	1.073000000000000000e+06	9.811853923742413031e+01
1.074000000000000000e+03	1.074000000000000000e+06	9.821094313841120993e+01
1.075000000000000000e+03	1.075000000000000000e+06	9.833648580333243672e+01
1.076000000000000000e+03	1.076000000000000000e+06	9.843599628847790939e+01
1.077000000000000000e+03	1.077000000000000000e+06	9.859470515470526664e+01
1.078000000000000000e+03	1.078000000000000000e+06	9.857153406576888699e+01
1.079000000000000000e+03	1.079000000000000000e+06	9.858792725254473055e+01
1.080000000000000000e+03	1.080000000000000000e+06	9.861951979564526027e+01
1.081000000000000000e+03	1.081000000000000000e+06	9.846420529807467403e+01
1.082000000000000000e+03	1.082000000000000000e+06	9.858200118134855927e+01
1.083000000000000000e+03	1.083000000000000000e+06	9.881371310202989378e+01
1.084000000000000000e+03	1.084000000000000000e+06	9.872843091997748388e+01
1.085000000000000000e+03	1.085000000000000000e+06	9.876430839074465950e+01
1.086000000000000000e+03	1.086000000000000000e+06	9.891403903469576164e+01
1.087000000000000000e+03	1.087000000000000000e+06	9.895855143608542903e+01
1.088000000000000000e+03	1.088000000000000000e+06	9.904165788969500284e+01
1.089000000000000000e+03	1.089000000000000000e+06	9.894063663613087556e+01
1.090000000000000000e+03	1.090000000000000000e+06	9.905328116519677906e+01
1.091000000000000000e+03	1.091000000000000000e+06	9.908603115230432934e+01
1.092000000000000000e+03	1.092000000000000000e+06	9.921553936380669825e+01
1.093000000000000000e+03	1.093000000000000000e+06	9.927737765502722311e+01
1.094000000000000000e+03	1.094000000000000000e+06	9.930484907273445572e+01
1.095000000000000000e+03	1.095000000000000000e+06	9.932373371961671182e+01
1.096000000000000000e+03	1.096000000000000000e+06	9.931156716551808472e+01
1.097000000000000000e+03	1.097000000000000000e+06	9.932751886929744956e+01
1.098000000000000000e+03	1.098000000000000000e+06	9.935235500208203518e+01
1.099000000000000000e+03	1.099000000000000000e+06	9.931761826666641468e+01
1.100000000000000000e+03	1.100000000000000000e+06	9.943491609853090551e+01
1.101000000000000000e+03	1.101000000000000000e+06	9.950972805069883975e+01
1.102000000000000000e+03	1.102000000000000000e+06	9.952340227572598508e+01
1.103000000000000000e+03	1.103000000000000000e+06	9.955874699190160015e+01
1.104000000000000000e+03	1.104000000000000000e+06	9.954851013105479751e+01
1.105000000000000000e+03	1.105000000000000000e+06	9.956620592082988708e+01
1.106000000000000000e+03	1.106000000000000000e+06	9.961411724473269658e+01
1.107000000000000000e+03	1.107000000000000000e+06	9.967888274884396083e+01
1.108000000000000000e+03	1.108000000000000000e+06	9.980152434150008389e+01
1.109000000000000000e+03	1.109000000000000000e+06	9.983327650186473079e+01
1.110000000000000000e+03	1.110000000000000000e+06	9.982183987852472740e+01
1.111000000000000000e+03	1.111000000000000000e+06	9.975058777274318800e+01
1.112000000000000000e+03	1.112000000000000000e+06	9.970958325509458575e+01
1.113000000000000000e+03	1.113000000000000000e+06	9.976480559267561432e+01
1.114000000000000000e+03	1.114000000000000000e+06	9.983464761995952585e+01
1.115000000000000000e+03	1.115000000000000000e+06	9.988411794453735126e+01
1.116000000000000000e+03	1.116000000000000000e+06	9.990051332441362320e+01
1.117000000000000000e+03	1.117000000000000000e+06	9.976476053893226492e+01
1.118000000000000000e+03	1.118000000000000000e+06	9.980308265311936111e+01
1.119000000000000000e+03	1.119000000000000000e+06	9.969993698255750303e+01
1.120000000000000000e+03	1.120000000000000000e+06	9.961636533609522814e+01
1.121000000000000000e+03	1.121000000000000000e+06	9.965883625590311112e+01
1.122000000000000000e+03	1.122000000000000000e+06	9.971008266878304482e+01
1.123000000000000000e+03	1.123000000000000000e+06	9.985508769818295605e+01
1.124000000000000000e+03	1.124000000000000000e+06	9.989433171925222155e+01
1.125000000000000000e+03	1.125000000000000000e+06	9.996698273183471883e+01
1.126000000000000000e+03	1.126000000000000000e+06	1.000652785349116272e+02
1.127000000000000000e+03	1.127000000000000000e+06	1.001847009327746463e+02
1.128000000000000000e+03	1.128000000000000000e+06	1.001665765566493604e+02
1.129000000000000000e+03	1.129000000000000000e+06	1.002355973918829193e+02
1.130000000000000000e+03	1.130000000000000000e+06	1.002984513259188333e+02
1.131000000000000000e+03	1.131000000000000000e+06	1.004118928383986713e+02
1.132000000000000000e+03	1.132000000000000000e+06	1.006418961167309902e+02
1.133000000000000000e+03	1.133000000000000000e+06	1.007518028433582202e+02
