0.000000000000000000e+00	0.000000000000000000e+00	3.050233077050088931e-06
1.000000000000000000e+00	1.000000000000000000e+03	2.018371447907036931e+00
2.000000000000000000e+00	2.000000000000000000e+03	3.043210714864299060e+00
3.000000000000000000e+00	3.000000000000000000e+03	3.730965393288166343e+00
4.000000000000000000e+00	4.000000000000000000e+03	4.501181012356296307e+00
5.000000000000000000e+00	5.000000000000000000e+03	5.223049728878731202e+00
6.000000000000000000e+00	6.000000000000000000e+03	5.751263784273504598e+00
7.000000000000000000e+00	7.000000000000000000e+03	6.426691558256820258e+00
8.000000000000000000e+00	8.000000000000000000e+03	7.105179602743932676e+00
9.000000000000000000e+00	9.000000000000000000e+03	7.542462218315582945e+00
1.000000000000000000e+01	1.000000000000000000e+04	7.803908323560949434e+00
1.100000000000000000e+01	1.100000000000000000e+04	8.146557626713319067e+00
1.200000000000000000e+01	1.200000000000000000e+04	8.704018907681383865e+00
1.300000000000000000e+01	1.300000000000000000e+04	9.122655933124429239e+00
1.400000000000000000e+01	1.400000000000000000e+04	9.782453127415644545e+00
1.500000000000000000e+01	1.500000000000000000e+04	1.044217917270545293e+01
1.600000000000000000e+01	1.600000000000000000e+04	1.105775132678736838e+01
1.700000000000000000e+01	1.700000000000000000e+04	1.131599161275846122e+01
1.800000000000000000e+01	1.800000000000000000e+04	1.152878958727609060e+01
1.900000000000000000e+01	1.900000000000000000e+04	1.170497176630759739e+01
2.000000000000000000e+01	2.000000000000000000e+04	1.201211893800605068e+01
2.100000000000000000e+01	2.100000000000000000e+04	1.237783040820552571e+01
2.200000000000000000e+01	2.200000000000000000e+04	1.270293861718157835e+01
2.300000000000000000e+01	2.300000000000000000e+04	1.280642147532682529e+01
2.400000000000000000e+01	2.400000000000000000e+04	1.306558718372380667e+01
2.500000000000000000e+01	2.500000000000000000e+04	1.332378884479136794e+01
2.600000000000000000e+01	2.600000000000000000e+04	1.368234338059196631e+01
2.700000000000000000e+01	2.700000000000000000e+04	1.405567400204899009e+01
2.800000000000000000e+01	2.800000000000000000e+04	1.421631153750124099e+01
2.900000000000000000e+01	2.900000000000000000e+04	1.432853560473377463e+01
3.000000000000000000e+01	3.000000000000000000e+04	1.472742499296627194e+01
3.100000000000000000e+01	3.100000000000000000e+04	1.486503470145829553e+01
3.200000000000000000e+01	3.200000000000000000e+04	1.497589265499316724e+01
3.300000000000000000e+01	3.300000000000000000e+04	1.551024817731681438e+01
3.400000000000000000e+01	3.400000000000000000e+04	1.559550830520219833e+01
3.500000000000000000e+01	3.500000000000000000e+04	1.579212171589021274e+01
3.600000000000000000e+01	3.600000000000000000e+04	1.620201981566244243e+01
3.700000000000000000e+01	3.700000000000000000e+04	1.662151595569053697e+01
3.800000000000000000e+01	3.800000000000000000e+04	1.715304018989533574e+01
3.900000000000000000e+01	3.900000000000000000e+04	1.734629823065500531e+01
4.000000000000000000e+01	4.000000000000000000e+04	1.728040972020187382e+01
4.100000000000000000e+01	4.100000000000000000e+04	1.719684866153482972e+01
4.200000000000000000e+01	4.200000000000000000e+04	1.731849681317780210e+01
4.300000000000000000e+01	4.300000000000000000e+04	1.766248030389264301e+01
4.400000000000000000e+01	4.400000000000000000e+04	1.781615489077845638e+01
4.500000000000000000e+01	4.500000000000000000e+04	1.808965973715974940e+01
4.600000000000000000e+01	4.600000000000000000e+04	1.844392475506537821e+01
4.700000000000000000e+01	4.700000000000000000e+04	1.850281230335254179e+01
4.800000000000000000e+01	4.800000000000000000e+04	1.853920321044869368e+01
4.900000000000000000e+01	4.900000000000000000e+04	1.865709227644138224e+01
5.000000000000000000e+01	5.000000000000000000e+04	1.893064679167413544e+01
5.100000000000000000e+01	5.100000000000000000e+04	1.885748502091277601e+01
5.200000000000000000e+01	5.200000000000000000e+04	1.888501048858451625e+01
5.300000000000000000e+01	5.300000000000000000e+04	1.904578565399964774e+01
5.400000000000000000e+01	5.400000000000000000e+04	1.935303761428312441e+01
5.500000000000000000e+01	5.500000000000000000e+04	1.967053933183928649e+01
5.600000000000000000e+01	5.600000000000000000e+04	1.994129479589163267e+01
5.700000000000000000e+01	5.700000000000000000e+04	2.008344251688403048e+01
5.800000000000000000e+01	5.800000000000000000e+04	2.022927299184917871e+01
5.900000000000000000e+01	5.900000000000000000e+04	2.032020846507749567e+01
6.000000000000000000e+01	6.000000000000000000e+04	2.027539417950598732e+01
6.100000000000000000e+01	6.100000000000000000e+04	2.022669498974378399e+01
6.200000000000000000e+01	6.200000000000000000e+04	2.045017896948648684e+01
6.300000000000000000e+01	6.300000000000000000e+04	2.084256631272374705e+01
6.400000000000000000e+01	6.400000000000000000e+04	2.110230693450591488e+01
6.500000000000000000e+01	6.500000000000000000e+04	2.129096737156853791e+01
6.600000000000000000e+01	6.600000000000000000e+04	2.126866153591272024e+01
6.700000000000000000e+01	6.700000000000000000e+04	2.120279535321194686e+01
6.800000000000000000e+01	6.800000000000000000e+04	2.129325651572623457e+01
6.900000000000000000e+01	6.900000000000000000e+04	2.151155834915021714e+01
7.000000000000000000e+01	7.000000000000000000e+04	2.178837417650969854e+01
7.100000000000000000e+01	7.100000000000000000e+04	2.187348912843523863e+01
7.200000000000000000e+01	7.200000000000000000e+04	2.199193696561381017e+01
7.300000000000000000e+01	7.300000000000000000e+04	2.195783302672832349e+01
7.400000000000000000e+01	7.400000000000000000e+04	2.203992774462163950e+01
7.500000000000000000e+01	7.500000000000000000e+04	2.218840508775058140e+01
7.600000000000000000e+01	7.600000000000000000e+04	2.215004444711091125e+01
7.700000000000000000e+01	7.700000000000000000e+04	2.218195072616160957e+01
7.800000000000000000e+01	7.800000000000000000e+04	2.241854595562743668e+01
7.900000000000000000e+01	7.900000000000000000e+04	2.260296057101032119e+01
8.000000000000000000e+01	8.000000000000000000e+04	2.290564551403706517e+01
8.100000000000000000e+01	8.100000000000000000e+04	2.299689426391940117e+01
8.200000000000000000e+01	8.200000000000000000e+04	2.335540973771120932e+01
8.300000000000000000e+01	8.300000000000000000e+04	2.379066614414734815e+01
8.400000000000000000e+01	8.400000000000000000e+04	2.410686263448496192e+01
8.500000000000000000e+01	8.500000000000000000e+04	2.397993141719608445e+01
8.600000000000000000e+01	8.600000000000000000e+04	2.400785159232180987e+01
8.700000000000000000e+01	8.700000000000000000e+04	2.416343566969743506e+01
8.800000000000000000e+01	8.800000000000000000e+04	2.432888241981759236e+01
8.900000000000000000e+01	8.900000000000000000e+04	2.458695152555806374e+01
9.000000000000000000e+01	9.000000000000000000e+04	2.489687165224839660e+01
9.100000000000000000e+01	9.100000000000000000e+04	2.512387756036931563e+01
9.200000000000000000e+01	9.200000000000000000e+04	2.521197012355013101e+01
9.300000000000000000e+01	9.300000000000000000e+04	2.539207487170441624e+01
9.400000000000000000e+01	9.400000000000000000e+04	2.541089612731373748e+01
9.500000000000000000e+01	9.500000000000000000e+04	2.557342468944498037e+01
9.600000000000000000e+01	9.600000000000000000e+04	2.577459216632036032e+01
9.700000000000000000e+01	9.700000000000000000e+04	2.566222196440943648e+01
9.800000000000000000e+01	9.800000000000000000e+04	2.573626910454618155e+01
9.900000000000000000e+01	9.900000000000000000e+04	2.568938742480839110e+01
1.000000000000000000e+02	1.000000000000000000e+05	2.578118741850050100e+01
1.010000000000000000e+02	1.010000000000000000e+05	2.572656692764759612e+01
1.020000000000000000e+02	1.020000000000000000e+05	2.590199894766282185e+01
1.030000000000000000e+02	1.030000000000000000e+05	2.606412761353577778e+01
1.040000000000000000e+02	1.040000000000000000e+05	2.626250446083018630e+01
1.050000000000000000e+02	1.050000000000000000e+05	2.678739952088348275e+01
1.060000000000000000e+02	1.060000000000000000e+05	2.701573328538358965e+01
1.070000000000000000e+02	1.070000000000000000e+05	2.723992792788511608e+01
1.080000000000000000e+02	1.080000000000000000e+05	2.753819793958358275e+01
1.090000000000000000e+02	1.090000000000000000e+05	2.771848324994908452e+01
1.100000000000000000e+02	1.100000000000000000e+05	2.807200471876100423e+01
1.110000000000000000e+02	1.110000000000000000e+05	2.834961403909774091e+01
1.120000000000000000e+02	1.120000000000000000e+05	2.867603145773213669e+01
1.130000000000000000e+02	1.130000000000000000e+05	2.900676389254082466e+01
1.140000000000000000e+02	1.140000000000000000e+05	2.932560823388793736e+01
1.150000000000000000e+02	1.150000000000000000e+05	2.969070340538331720e+01
1.160000000000000000e+02	1.160000000000000000e+05	2.991354362846604786e+01
1.170000000000000000e+02	1.170000000000000000e+05	3.005113568787849232e+01
1.180000000000000000e+02	1.180000000000000000e+05	3.033331199360778285e+01
1.190000000000000000e+02	1.190000000000000000e+05	3.071851724795249083e+01
1.200000000000000000e+02	1.200000000000000000e+05	3.088956794408190376e+01
1.210000000000000000e+02	1.210000000000000000e+05	3.109058805017392402e+01
1.220000000000000000e+02	1.220000000000000000e+05	3.136333622606588634e+01
1.230000000000000000e+02	1.230000000000000000e+05	3.171760913046039931e+01
1.240000000000000000e+02	1.240000000000000000e+05	3.203842889786924530e+01
1.250000000000000000e+02	1.250000000000000000e+05	3.227965669219496903e+01
1.260000000000000000e+02	1.260000000000000000e+05	3.239611831461589730e+01
1.270000000000000000e+02	1.270000000000000000e+05	3.282631196850380917e+01
1.280000000000000000e+02	1.280000000000000000e+05	3.313506506313139255e+01
1.290000000000000000e+02	1.290000000000000000e+05	3.341708240035971755e+01
1.300000000000000000e+02	1.300000000000000000e+05	3.366707053608136135e+01
1.310000000000000000e+02	1.310000000000000000e+05	3.399096705766584137e+01
1.320000000000000000e+02	1.320000000000000000e+05	3.430489214693269417e+01
1.330000000000000000e+02	1.330000000000000000e+05	3.456610528805693860e+01
1.340000000000000000e+02	1.340000000000000000e+05	3.501890976794769017e+01
1.350000000000000000e+02	1.350000000000000000e+05	3.518867490301047241e+01
1.360000000000000000e+02	1.360000000000000000e+05	3.541959500255575932e+01
1.370000000000000000e+02	1.370000000000000000e+05	3.572103690478148508e+01
1.380000000000000000e+02	1.380000000000000000e+05	3.613122895446488059e+01
1.390000000000000000e+02	1.390000000000000000e+05	3.616897120353217332e+01
1.400000000000000000e+02	1.400000000000000000e+05	3.659968568574871739e+01
1.410000000000000000e+02	1.410000000000000000e+05	3.672712723512290722e+01
1.420000000000000000e+02	1.420000000000000000e+05	3.694102442095470451e+01
1.430000000000000000e+02	1.430000000000000000e+05	3.714968418547633178e+01
1.440000000000000000e+02	1.440000000000000000e+05	3.715334620931196952e+01
1.450000000000000000e+02	1.450000000000000000e+05	3.749513234981126431e+01
1.460000000000000000e+02	1.460000000000000000e+05	3.828837476252927985e+01
1.470000000000000000e+02	1.470000000000000000e+05	3.851643871539540953e+01
1.480000000000000000e+02	1.480000000000000000e+05	3.879745880439736538e+01
1.490000000000000000e+02	1.490000000000000000e+05	3.922928095306309615e+01
1.500000000000000000e+02	1.500000000000000000e+05	3.949077984587484025e+01
1.510000000000000000e+02	1.510000000000000000e+05	3.976410505906518722e+01
1.520000000000000000e+02	1.520000000000000000e+05	4.002973875442076235e+01
1.530000000000000000e+02	1.530000000000000000e+05	4.006506345818901593e+01
1.540000000000000000e+02	1.540000000000000000e+05	4.044192573781909772e+01
1.550000000000000000e+02	1.550000000000000000e+05	4.061981890376918614e+01
1.560000000000000000e+02	1.560000000000000000e+05	4.092380396643169149e+01
1.570000000000000000e+02	1.570000000000000000e+05	4.130814462795597564e+01
1.580000000000000000e+02	1.580000000000000000e+05	4.184502281111762301e+01
1.590000000000000000e+02	1.590000000000000000e+05	4.213001908986736055e+01
1.600000000000000000e+02	1.600000000000000000e+05	4.242390497645187963e+01
1.610000000000000000e+02	1.610000000000000000e+05	4.276169785212930208e+01
1.620000000000000000e+02	1.620000000000000000e+05	4.323478682249889005e+01
1.630000000000000000e+02	1.630000000000000000e+05	4.343740307404591050e+01
1.640000000000000000e+02	1.640000000000000000e+05	4.366641611328307704e+01
1.650000000000000000e+02	1.650000000000000000e+05	4.387718975121632070e+01
1.660000000000000000e+02	1.660000000000000000e+05	4.400181758553430456e+01
1.670000000000000000e+02	1.670000000000000000e+05	4.424063370736392642e+01
1.680000000000000000e+02	1.680000000000000000e+05	4.437905692821252757e+01
1.690000000000000000e+02	1.690000000000000000e+05	4.457626076273327698e+01
1.700000000000000000e+02	1.700000000000000000e+05	4.472020758555292730e+01
1.710000000000000000e+02	1.710000000000000000e+05	4.489324934035727921e+01
1.720000000000000000e+02	1.720000000000000000e+05	4.497947712896073824e+01
1.730000000000000000e+02	1.730000000000000000e+05	4.508783468103288072e+01
1.740000000000000000e+02	1.740000000000000000e+05	4.523872209247962672e+01
1.750000000000000000e+02	1.750000000000000000e+05	4.546604890792132636e+01
1.760000000000000000e+02	1.760000000000000000e+05	4.564004061144449054e+01
1.770000000000000000e+02	1.770000000000000000e+05	4.581729131162804691e+01
1.780000000000000000e+02	1.780000000000000000e+05	4.579043201144831698e+01
1.790000000000000000e+02	1.790000000000000000e+05	4.602769964896953780e+01
1.800000000000000000e+02	1.800000000000000000e+05	4.621686147402377287e+01
1.810000000000000000e+02	1.810000000000000000e+05	4.621861641227484796e+01
1.820000000000000000e+02	1.820000000000000000e+05	4.649116935137451634e+01
1.830000000000000000e+02	1.830000000000000000e+05	4.673288299917696520e+01
1.840000000000000000e+02	1.840000000000000000e+05	4.679955041285744954e+01
1.850000000000000000e+02	1.850000000000000000e+05	4.709602773626113503e+01
1.860000000000000000e+02	1.860000000000000000e+05	4.718641951030315340e+01
1.870000000000000000e+02	1.870000000000000000e+05	4.755453000108133921e+01
1.880000000000000000e+02	1.880000000000000000e+05	4.768112316256046768e+01
1.890000000000000000e+02	1.890000000000000000e+05	4.783619576194109158e+01
1.900000000000000000e+02	1.900000000000000000e+05	4.812512509718761322e+01
1.910000000000000000e+02	1.910000000000000000e+05	4.837096511095107587e+01
1.920000000000000000e+02	1.920000000000000000e+05	4.835656061266947603e+01
1.930000000000000000e+02	1.930000000000000000e+05	4.850584351287331231e+01
1.940000000000000000e+02	1.940000000000000000e+05	4.873182296225433419e+01
1.950000000000000000e+02	1.950000000000000000e+05	4.896147797361793153e+01
1.960000000000000000e+02	1.960000000000000000e+05	4.902775767875890978e+01
1.970000000000000000e+02	1.970000000000000000e+05	4.920623461382943020e+01
1.980000000000000000e+02	1.980000000000000000e+05	4.925024309890248020e+01
1.990000000000000000e+02	1.990000000000000000e+05	4.940030166425271574e+01
2.000000000000000000e+02	2.000000000000000000e+05	4.943405380668440330e+01
2.010000000000000000e+02	2.010000000000000000e+05	4.953550023322722495e+01
2.020000000000000000e+02	2.020000000000000000e+05	4.967024294644335924e+01
2.030000000000000000e+02	2.030000000000000000e+05	4.975151126753608821e+01
2.040000000000000000e+02	2.040000000000000000e+05	4.986120533283944667e+01
2.050000000000000000e+02	2.050000000000000000e+05	4.992147328271156681e+01
2.060000000000000000e+02	2.060000000000000000e+05	5.008841090174824728e+01
2.070000000000000000e+02	2.070000000000000000e+05	5.020968478422661008e+01
2.080000000000000000e+02	2.080000000000000000e+05	5.020680720520439877e+01
2.090000000000000000e+02	2.090000000000000000e+05	5.024621221346250621e+01
2.100000000000000000e+02	2.100000000000000000e+05	5.054857675607546952e+01
2.110000000000000000e+02	2.110000000000000000e+05	5.054359299554136697e+01
2.120000000000000000e+02	2.120000000000000000e+05	5.085620971948478797e+01
2.130000000000000000e+02	2.130000000000000000e+05	5.092394692273306589e+01
2.140000000000000000e+02	2.140000000000000000e+05	5.112008547866244612e+01
2.150000000000000000e+02	2.150000000000000000e+05	5.125788081633687199e+01
2.160000000000000000e+02	2.160000000000000000e+05	5.146641492860154443e+01
2.170000000000000000e+02	2.170000000000000000e+05	5.148876457123498085e+01
2.180000000000000000e+02	2.180000000000000000e+05	5.157399175745930364e+01
2.190000000000000000e+02	2.190000000000000000e+05	5.161164855248680539e+01
2.200000000000000000e+02	2.200000000000000000e+05	5.156066312076445968e+01
2.210000000000000000e+02	2.210000000000000000e+05	5.162377057031717698e+01
2.220000000000000000e+02	2.220000000000000000e+05	5.175307268427359020e+01
2.230000000000000000e+02	2.230000000000000000e+05	5.174464184151027268e+01
2.240000000000000000e+02	2.240000000000000000e+05	5.181413625808243495e+01
2.250000000000000000e+02	2.250000000000000000e+05	5.183286891920535311e+01
2.260000000000000000e+02	2.260000000000000000e+05	5.208935385769564874e+01
2.270000000000000000e+02	2.270000000000000000e+05	5.223632403170313410e+01
2.280000000000000000e+02	2.280000000000000000e+05	5.221964812565113334e+01
2.290000000000000000e+02	2.290000000000000000e+05	5.226643206586677337e+01
2.300000000000000000e+02	2.300000000000000000e+05	5.228934990531110572e+01
2.310000000000000000e+02	2.310000000000000000e+05	5.240639933448229471e+01
2.320000000000000000e+02	2.320000000000000000e+05	5.240376826825193035e+01
2.330000000000000000e+02	2.330000000000000000e+05	5.252059541028662437e+01
2.340000000000000000e+02	2.340000000000000000e+05	5.259205496431804505e+01
2.350000000000000000e+02	2.350000000000000000e+05	5.279346012326818993e+01
2.360000000000000000e+02	2.360000000000000000e+05	5.288839898313671029e+01
2.370000000000000000e+02	2.370000000000000000e+05	5.294148664876816923e+01
2.380000000000000000e+02	2.380000000000000000e+05	5.298542618546136396e+01
2.390000000000000000e+02	2.390000000000000000e+05	5.299052590897952797e+01
2.400000000000000000e+02	2.400000000000000000e+05	5.317014143054037589e+01
2.410000000000000000e+02	2.410000000000000000e+05	5.330252607816120758e+01
2.420000000000000000e+02	2.420000000000000000e+05	5.340663852254132848e+01
2.430000000000000000e+02	2.430000000000000000e+05	5.337978337242059013e+01
2.440000000000000000e+02	2.440000000000000000e+05	5.348432062776100082e+01
2.450000000000000000e+02	2.450000000000000000e+05	5.346702637168745298e+01
2.460000000000000000e+02	2.460000000000000000e+05	5.350462506973621402e+01
2.470000000000000000e+02	2.470000000000000000e+05	5.354227412454449109e+01
2.480000000000000000e+02	2.480000000000000000e+05	5.366968460553073328e+01
2.490000000000000000e+02	2.490000000000000000e+05	5.371017843007533799e+01
2.500000000000000000e+02	2.500000000000000000e+05	5.382744433521956751e+01
2.510000000000000000e+02	2.510000000000000000e+05	5.387815089121346546e+01
2.520000000000000000e+02	2.520000000000000000e+05	5.395804276691252710e+01
2.530000000000000000e+02	2.530000000000000000e+05	5.409632718452138533e+01
2.540000000000000000e+02	2.540000000000000000e+05	5.424720148865792879e+01
2.550000000000000000e+02	2.550000000000000000e+05	5.423991166819828180e+01
2.560000000000000000e+02	2.560000000000000000e+05	5.425034614769246133e+01
2.570000000000000000e+02	2.570000000000000000e+05	5.456427100928570439e+01
2.580000000000000000e+02	2.580000000000000000e+05	5.467199721091802189e+01
2.590000000000000000e+02	2.590000000000000000e+05	5.459124402939715281e+01
2.600000000000000000e+02	2.600000000000000000e+05	5.475122189877415479e+01
2.610000000000000000e+02	2.610000000000000000e+05	5.493106609118459716e+01
2.620000000000000000e+02	2.620000000000000000e+05	5.502699907849398642e+01
2.630000000000000000e+02	2.630000000000000000e+05	5.514436085727759007e+01
2.640000000000000000e+02	2.640000000000000000e+05	5.523257261568296173e+01
2.650000000000000000e+02	2.650000000000000000e+05	5.524445017589368945e+01
2.660000000000000000e+02	2.660000000000000000e+05	5.551875396832031129e+01
2.670000000000000000e+02	2.670000000000000000e+05	5.563032167042857878e+01
2.680000000000000000e+02	2.680000000000000000e+05	5.567390374240240902e+01
2.690000000000000000e+02	2.690000000000000000e+05	5.578963984935625575e+01
2.700000000000000000e+02	2.700000000000000000e+05	5.584336766195904289e+01
2.710000000000000000e+02	2.710000000000000000e+05	5.590254785997925069e+01
2.720000000000000000e+02	2.720000000000000000e+05	5.595858948110006281e+01
2.730000000000000000e+02	2.730000000000000000e+05	5.586233380675052018e+01
2.740000000000000000e+02	2.740000000000000000e+05	5.597884684656514764e+01
2.750000000000000000e+02	2.750000000000000000e+05	5.582437551509869422e+01
2.760000000000000000e+02	2.760000000000000000e+05	5.591866488567308835e+01
2.770000000000000000e+02	2.770000000000000000e+05	5.605374369107266830e+01
2.780000000000000000e+02	2.780000000000000000e+05	5.619428804339751338e+01
2.790000000000000000e+02	2.790000000000000000e+05	5.617426466370909566e+01
2.800000000000000000e+02	2.800000000000000000e+05	5.615663013274306081e+01
2.810000000000000000e+02	2.810000000000000000e+05	5.613652601602638015e+01
2.820000000000000000e+02	2.820000000000000000e+05	5.616266613726361356e+01
2.830000000000000000e+02	2.830000000000000000e+05	5.627203022365923601e+01
2.840000000000000000e+02	2.840000000000000000e+05	5.637289257121382491e+01
2.850000000000000000e+02	2.850000000000000000e+05	5.647320886853991340e+01
2.860000000000000000e+02	2.860000000000000000e+05	5.644799289053450764e+01
2.870000000000000000e+02	2.870000000000000000e+05	5.647664337416036062e+01
2.880000000000000000e+02	2.880000000000000000e+05	5.641774264059967692e+01
2.890000000000000000e+02	2.890000000000000000e+05	5.645379386761467089e+01
2.900000000000000000e+02	2.900000000000000000e+05	5.646466258081861866e+01
2.910000000000000000e+02	2.910000000000000000e+05	5.656225205257999988e+01
2.920000000000000000e+02	2.920000000000000000e+05	5.664404860158755639e+01
2.930000000000000000e+02	2.930000000000000000e+05	5.682658688250876367e+01
2.940000000000000000e+02	2.940000000000000000e+05	5.664648675245247489e+01
2.950000000000000000e+02	2.950000000000000000e+05	5.667029208803054985e+01
2.960000000000000000e+02	2.960000000000000000e+05	5.679857657339908172e+01
2.970000000000000000e+02	2.970000000000000000e+05	5.701953545495464937e+01
2.980000000000000000e+02	2.980000000000000000e+05	5.708199034506991154e+01
2.990000000000000000e+02	2.990000000000000000e+05	5.718731533448706728e+01
3.000000000000000000e+02	3.000000000000000000e+05	5.710165202694068398e+01
3.010000000000000000e+02	3.010000000000000000e+05	5.713010924659480594e+01
3.020000000000000000e+02	3.020000000000000000e+05	5.721631984762024103e+01
3.030000000000000000e+02	3.030000000000000000e+05	5.719649240948012903e+01
3.040000000000000000e+02	3.040000000000000000e+05	5.734638641997501907e+01
3.050000000000000000e+02	3.050000000000000000e+05	5.729638699612841890e+01
3.060000000000000000e+02	3.060000000000000000e+05	5.739729509638460314e+01
3.070000000000000000e+02	3.070000000000000000e+05	5.744572845610218081e+01
3.080000000000000000e+02	3.080000000000000000e+05	5.756787370739065324e+01
3.090000000000000000e+02	3.090000000000000000e+05	5.767944743598985724e+01
3.100000000000000000e+02	3.100000000000000000e+05	5.759405671182523889e+01
3.110000000000000000e+02	3.110000000000000000e+05	5.749157003867945548e+01
3.120000000000000000e+02	3.120000000000000000e+05	5.750377096487132178e+01
3.130000000000000000e+02	3.130000000000000000e+05	5.753789114232720436e+01
3.140000000000000000e+02	3.140000000000000000e+05	5.731847976697245173e+01
3.150000000000000000e+02	3.150000000000000000e+05	5.731640570940226809e+01
3.160000000000000000e+02	3.160000000000000000e+05	5.742565446504323035e+01
3.170000000000000000e+02	3.170000000000000000e+05	5.737651873074627673e+01
3.180000000000000000e+02	3.180000000000000000e+05	5.732129583394706174e+01
3.190000000000000000e+02	3.190000000000000000e+05	5.738281651553444362e+01
3.200000000000000000e+02	3.200000000000000000e+05	5.747402427034234762e+01
3.210000000000000000e+02	3.210000000000000000e+05	5.752656980317114943e+01
3.220000000000000000e+02	3.220000000000000000e+05	5.738404399524214483e+01
3.230000000000000000e+02	3.230000000000000000e+05	5.747760189915603490e+01
3.240000000000000000e+02	3.240000000000000000e+05	5.750201035079199130e+01
3.250000000000000000e+02	3.250000000000000000e+05	5.757342781286747169e+01
3.260000000000000000e+02	3.260000000000000000e+05	5.753385521520987567e+01
3.270000000000000000e+02	3.270000000000000000e+05	5.745602921117138351e+01
3.280000000000000000e+02	3.280000000000000000e+05	5.756606862852437700e+01
3.290000000000000000e+02	3.290000000000000000e+05	5.749583514415612484e+01
3.300000000000000000e+02	3.300000000000000000e+05	5.746596707981019136e+01
3.310000000000000000e+02	3.310000000000000000e+05	5.740227856758866665e+01
3.320000000000000000e+02	3.320000000000000000e+05	5.730178969208822082e+01
3.330000000000000000e+02	3.330000000000000000e+05	5.741689767391000743e+01
3.340000000000000000e+02	3.340000000000000000e+05	5.736291212265858519e+01
3.350000000000000000e+02	3.350000000000000000e+05	5.730927504691766217e+01
3.360000000000000000e+02	3.360000000000000000e+05	5.733015944040884904e+01
3.370000000000000000e+02	3.370000000000000000e+05	5.742448956700670948e+01
3.380000000000000000e+02	3.380000000000000000e+05	5.744753231130345483e+01
3.390000000000000000e+02	3.390000000000000000e+05	5.769976919335856991e+01
3.400000000000000000e+02	3.400000000000000000e+05	5.763555788749359721e+01
3.410000000000000000e+02	3.410000000000000000e+05	5.752064004044260770e+01
3.420000000000000000e+02	3.420000000000000000e+05	5.764326412715962533e+01
3.430000000000000000e+02	3.430000000000000000e+05	5.778739993373638839e+01
3.440000000000000000e+02	3.440000000000000000e+05	5.761703116465344010e+01
3.450000000000000000e+02	3.450000000000000000e+05	5.746387293942346730e+01
3.460000000000000000e+02	3.460000000000000000e+05	5.742081319183667887e+01
3.470000000000000000e+02	3.470000000000000000e+05	5.758872087329663003e+01
3.480000000000000000e+02	3.480000000000000000e+05	5.759705353903906655e+01
3.490000000000000000e+02	3.490000000000000000e+05	5.760375631631841742e+01
3.500000000000000000e+02	3.500000000000000000e+05	5.785368289266692443e+01
3.510000000000000000e+02	3.510000000000000000e+05	5.799119183356130236e+01
3.520000000000000000e+02	3.520000000000000000e+05	5.818740911386257864e+01
3.530000000000000000e+02	3.530000000000000000e+05	5.830846038295756273e+01
3.540000000000000000e+02	3.540000000000000000e+05	5.838766621697660497e+01
3.550000000000000000e+02	3.550000000000000000e+05	5.856205767607562507e+01
3.560000000000000000e+02	3.560000000000000000e+05	5.848179191976871749e+01
3.570000000000000000e+02	3.570000000000000000e+05	5.845596295127464970e+01
3.580000000000000000e+02	3.580000000000000000e+05	5.861857601562010700e+01
3.590000000000000000e+02	3.590000000000000000e+05	5.854883341226796745e+01
3.600000000000000000e+02	3.600000000000000000e+05	5.870589497257531519e+01
3.610000000000000000e+02	3.610000000000000000e+05	5.870502245168681554e+01
3.620000000000000000e+02	3.620000000000000000e+05	5.861954627406742446e+01
3.630000000000000000e+02	3.630000000000000000e+05	5.865793029902228284e+01
3.640000000000000000e+02	3.640000000000000000e+05	5.877967329525171891e+01
3.650000000000000000e+02	3.650000000000000000e+05	5.881800807001699383e+01
3.660000000000000000e+02	3.660000000000000000e+05	5.887633494951226254e+01
3.670000000000000000e+02	3.670000000000000000e+05	5.878300734542386863e+01
3.680000000000000000e+02	3.680000000000000000e+05	5.889808451178949156e+01
3.690000000000000000e+02	3.690000000000000000e+05	5.880867844955142232e+01
3.700000000000000000e+02	3.700000000000000000e+05	5.887574021519841239e+01
3.710000000000000000e+02	3.710000000000000000e+05	5.902849307366737719e+01
3.720000000000000000e+02	3.720000000000000000e+05	5.898709058706747044e+01
3.730000000000000000e+02	3.730000000000000000e+05	5.896920160264080835e+01
3.740000000000000000e+02	3.740000000000000000e+05	5.886226694235377721e+01
3.750000000000000000e+02	3.750000000000000000e+05	5.891263362728466291e+01
3.760000000000000000e+02	3.760000000000000000e+05	5.888321486973445928e+01
3.770000000000000000e+02	3.770000000000000000e+05	5.868496869922642389e+01
3.780000000000000000e+02	3.780000000000000000e+05	5.858132883488072196e+01
3.790000000000000000e+02	3.790000000000000000e+05	5.867554203317354933e+01
3.800000000000000000e+02	3.800000000000000000e+05	5.869453507014024041e+01
3.810000000000000000e+02	3.810000000000000000e+05	5.897825061547398207e+01
3.820000000000000000e+02	3.820000000000000000e+05	5.912791639712693836e+01
3.830000000000000000e+02	3.830000000000000000e+05	5.929890707294357810e+01
3.840000000000000000e+02	3.840000000000000000e+05	5.943213688868169697e+01
3.850000000000000000e+02	3.850000000000000000e+05	5.943165074440377538e+01
3.860000000000000000e+02	3.860000000000000000e+05	5.953258708452288772e+01
3.870000000000000000e+02	3.870000000000000000e+05	5.955098395417428492e+01
3.880000000000000000e+02	3.880000000000000000e+05	5.976910842860562667e+01
3.890000000000000000e+02	3.890000000000000000e+05	5.962245003243945263e+01
3.900000000000000000e+02	3.900000000000000000e+05	5.957136423590358731e+01
3.910000000000000000e+02	3.910000000000000000e+05	5.971449864213602865e+01
3.920000000000000000e+02	3.920000000000000000e+05	5.983974302870259265e+01
3.930000000000000000e+02	3.930000000000000000e+05	5.990868575877296820e+01
3.940000000000000000e+02	3.940000000000000000e+05	6.013212187155670563e+01
3.950000000000000000e+02	3.950000000000000000e+05	6.028083260340682159e+01
3.960000000000000000e+02	3.960000000000000000e+05	6.035950549990894132e+01
3.970000000000000000e+02	3.970000000000000000e+05	6.035336881312866097e+01
3.980000000000000000e+02	3.980000000000000000e+05	6.038308244844158423e+01
3.990000000000000000e+02	3.990000000000000000e+05	6.044348904957458046e+01
4.000000000000000000e+02	4.000000000000000000e+05	6.040126590689045827e+01
4.010000000000000000e+02	4.010000000000000000e+05	6.061213681808317233e+01
4.020000000000000000e+02	4.020000000000000000e+05	6.059792036209544364e+01
4.030000000000000000e+02	4.030000000000000000e+05	6.096858620073429336e+01
4.040000000000000000e+02	4.040000000000000000e+05	6.107681016671395469e+01
4.050000000000000000e+02	4.050000000000000000e+05	6.128061967585959735e+01
4.060000000000000000e+02	4.060000000000000000e+05	6.144496058844529074e+01
4.070000000000000000e+02	4.070000000000000000e+05	6.161924189843449540e+01
4.080000000000000000e+02	4.080000000000000000e+05	6.157398814042722535e+01
4.090000000000000000e+02	4.090000000000000000e+05	6.154749811853970698e+01
4.100000000000000000e+02	4.100000000000000000e+05	6.179199810518645108e+01
4.110000000000000000e+02	4.110000000000000000e+05	6.189943608905009853e+01
4.120000000000000000e+02	4.120000000000000000e+05	6.185928803784598529e+01
4.130000000000000000e+02	4.130000000000000000e+05	6.176002166869000121e+01
4.140000000000000000e+02	4.140000000000000000e+05	6.171125970896589052e+01
4.150000000000000000e+02	4.150000000000000000e+05	6.177690923817910829e+01
4.160000000000000000e+02	4.160000000000000000e+05	6.195885326972529583e+01
4.170000000000000000e+02	4.170000000000000000e+05	6.192483117806419557e+01
4.180000000000000000e+02	4.180000000000000000e+05	6.196064363701277955e+01
4.190000000000000000e+02	4.190000000000000000e+05	6.203621227739124322e+01
4.200000000000000000e+02	4.200000000000000000e+05	6.221406911172233833e+01
4.210000000000000000e+02	4.210000000000000000e+05	6.219084766252472463e+01
4.220000000000000000e+02	4.220000000000000000e+05	6.221946475861501824e+01
4.230000000000000000e+02	4.230000000000000000e+05	6.226366712751917731e+01
4.240000000000000000e+02	4.240000000000000000e+05	6.226622480971198570e+01
4.250000000000000000e+02	4.250000000000000000e+05	6.230674050462011593e+01
4.260000000000000000e+02	4.260000000000000000e+05	6.250902326277346788e+01
4.270000000000000000e+02	4.270000000000000000e+05	6.259491777836078796e+01
4.280000000000000000e+02	4.280000000000000000e+05	6.279676777172326751e+01
4.290000000000000000e+02	4.290000000000000000e+05	6.277683154595869297e+01
4.300000000000000000e+02	4.300000000000000000e+05	6.290097944837442867e+01
4.310000000000000000e+02	4.310000000000000000e+05	6.309431169767513126e+01
4.320000000000000000e+02	4.320000000000000000e+05	6.323293054306150651e+01
4.330000000000000000e+02	4.330000000000000000e+05	6.326056070492717254e+01
4.340000000000000000e+02	4.340000000000000000e+05	6.318487792179364249e+01
4.350000000000000000e+02	4.350000000000000000e+05	6.313068421313293754e+01
4.360000000000000000e+02	4.360000000000000000e+05	6.329695345424801189e+01
4.370000000000000000e+02	4.370000000000000000e+05	6.342998721545567520e+01
4.380000000000000000e+02	4.380000000000000000e+05	6.323968158426706054e+01
4.390000000000000000e+02	4.390000000000000000e+05	6.346324791235909402e+01
4.400000000000000000e+02	4.400000000000000000e+05	6.348697114105955563e+01
4.410000000000000000e+02	4.410000000000000000e+05	6.342840995397864390e+01
4.420000000000000000e+02	4.420000000000000000e+05	6.342755149453763153e+01
4.430000000000000000e+02	4.430000000000000000e+05	6.354089950668008413e+01
4.440000000000000000e+02	4.440000000000000000e+05	6.369277836611501442e+01
4.450000000000000000e+02	4.450000000000000000e+05	6.402916743994596516e+01
4.460000000000000000e+02	4.460000000000000000e+05	6.416557588151511027e+01
4.470000000000000000e+02	4.470000000000000000e+05	6.394667038702529283e+01
4.480000000000000000e+02	4.480000000000000000e+05	6.397038916043948831e+01
4.490000000000000000e+02	4.490000000000000000e+05	6.396613081344551688e+01
4.500000000000000000e+02	4.500000000000000000e+05	6.384133466691128689e+01
4.510000000000000000e+02	4.510000000000000000e+05	6.385632384186013866e+01
4.520000000000000000e+02	4.520000000000000000e+05	6.401547843454417830e+01
4.530000000000000000e+02	4.530000000000000000e+05	6.401846692212043877e+01
4.540000000000000000e+02	4.540000000000000000e+05	6.413982126838484987e+01
4.550000000000000000e+02	4.550000000000000000e+05	6.421476122221419303e+01
4.560000000000000000e+02	4.560000000000000000e+05	6.404321543775797920e+01
4.570000000000000000e+02	4.570000000000000000e+05	6.388614161219133081e+01
4.580000000000000000e+02	4.580000000000000000e+05	6.375504648884767533e+01
4.590000000000000000e+02	4.590000000000000000e+05	6.382383710714516667e+01
4.600000000000000000e+02	4.600000000000000000e+05	6.401680771409313309e+01
4.610000000000000000e+02	4.610000000000000000e+05	6.396634027730129901e+01
4.620000000000000000e+02	4.620000000000000000e+05	6.396687459253118391e+01
4.630000000000000000e+02	4.630000000000000000e+05	6.408533832075401904e+01
4.640000000000000000e+02	4.640000000000000000e+05	6.402405945919333874e+01
4.650000000000000000e+02	4.650000000000000000e+05	6.404038542874899065e+01
4.660000000000000000e+02	4.660000000000000000e+05	6.390828852741126553e+01
4.670000000000000000e+02	4.670000000000000000e+05	6.385201496141028343e+01
4.680000000000000000e+02	4.680000000000000000e+05	6.379558060630348137e+01
4.690000000000000000e+02	4.690000000000000000e+05	6.384577864649433110e+01
4.700000000000000000e+02	4.700000000000000000e+05	6.391180674858354394e+01
4.710000000000000000e+02	4.710000000000000000e+05	6.409524230095851749e+01
4.720000000000000000e+02	4.720000000000000000e+05	6.417140569324529054e+01
4.730000000000000000e+02	4.730000000000000000e+05	6.431815719798123610e+01
4.740000000000000000e+02	4.740000000000000000e+05	6.443522395621373278e+01
4.750000000000000000e+02	4.750000000000000000e+05	6.433025427399560670e+01
4.760000000000000000e+02	4.760000000000000000e+05	6.438902711630632325e+01
4.770000000000000000e+02	4.770000000000000000e+05	6.441199867612664320e+01
4.780000000000000000e+02	4.780000000000000000e+05	6.451789752512154053e+01
4.790000000000000000e+02	4.790000000000000000e+05	6.439406447235350583e+01
4.800000000000000000e+02	4.800000000000000000e+05	6.444330488363171128e+01
4.810000000000000000e+02	4.810000000000000000e+05	6.446018357616017624e+01
4.820000000000000000e+02	4.820000000000000000e+05	6.441051463563952950e+01
4.830000000000000000e+02	4.830000000000000000e+05	6.468648523508871051e+01
4.840000000000000000e+02	4.840000000000000000e+05	6.466306239895304486e+01
4.850000000000000000e+02	4.850000000000000000e+05	6.471172389523536594e+01
4.860000000000000000e+02	4.860000000000000000e+05	6.477031094827084701e+01
4.870000000000000000e+02	4.870000000000000000e+05	6.500747149830591809e+01
4.880000000000000000e+02	4.880000000000000000e+05	6.500109056328430768e+01
4.890000000000000000e+02	4.890000000000000000e+05	6.510713665408015061e+01
4.900000000000000000e+02	4.900000000000000000e+05	6.513987276234537660e+01
4.910000000000000000e+02	4.910000000000000000e+05	6.520949397730885266e+01
4.920000000000000000e+02	4.920000000000000000e+05	6.530886238224186968e+01
4.930000000000000000e+02	4.930000000000000000e+05	6.536967621793607464e+01
4.940000000000000000e+02	4.940000000000000000e+05	6.544959045372698370e+01
4.950000000000000000e+02	4.950000000000000000e+05	6.538277726909578291e+01
4.960000000000000000e+02	4.960000000000000000e+05	6.533548104420557934e+01
4.970000000000000000e+02	4.970000000000000000e+05	6.529566586611603896e+01
4.980000000000000000e+02	4.980000000000000000e+05	6.527613108845238798e+01
4.990000000000000000e+02	4.990000000000000000e+05	6.537908497090108995e+01
5.000000000000000000e+02	5.000000000000000000e+05	6.539979525707509822e+01
5.010000000000000000e+02	5.010000000000000000e+05	6.536906220056600603e+01
5.020000000000000000e+02	5.020000000000000000e+05	6.545141575069678197e+01
5.030000000000000000e+02	5.030000000000000000e+05	6.553538914092263212e+01
5.040000000000000000e+02	5.040000000000000000e+05	6.549026325120543390e+01
5.050000000000000000e+02	5.050000000000000000e+05	6.548627936621051049e+01
5.060000000000000000e+02	5.060000000000000000e+05	6.566652280032199940e+01
5.070000000000000000e+02	5.070000000000000000e+05	6.562826159388511371e+01
5.080000000000000000e+02	5.080000000000000000e+05	6.576801893676309874e+01
5.090000000000000000e+02	5.090000000000000000e+05	6.590180168785404646e+01
5.100000000000000000e+02	5.100000000000000000e+05	6.611919074119141726e+01
5.110000000000000000e+02	5.110000000000000000e+05	6.625652778725964254e+01
5.120000000000000000e+02	5.120000000000000000e+05	6.630401454317433263e+01
5.130000000000000000e+02	5.130000000000000000e+05	6.644410969598466465e+01
5.140000000000000000e+02	5.140000000000000000e+05	6.653650894755642753e+01
5.150000000000000000e+02	5.150000000000000000e+05	6.661158924131120784e+01
5.160000000000000000e+02	5.160000000000000000e+05	6.674482850880998797e+01
5.170000000000000000e+02	5.170000000000000000e+05	6.676182722914580836e+01
5.180000000000000000e+02	5.180000000000000000e+05	6.689063828839583437e+01
5.190000000000000000e+02	5.190000000000000000e+05	6.717302050086748011e+01
5.200000000000000000e+02	5.200000000000000000e+05	6.700486568004046717e+01
5.210000000000000000e+02	5.210000000000000000e+05	6.707582250820856018e+01
5.220000000000000000e+02	5.220000000000000000e+05	6.719728053759301645e+01
5.230000000000000000e+02	5.230000000000000000e+05	6.719476032672356780e+01
5.240000000000000000e+02	5.240000000000000000e+05	6.702915713270610354e+01
5.250000000000000000e+02	5.250000000000000000e+05	6.693639593506898677e+01
5.260000000000000000e+02	5.260000000000000000e+05	6.718536455169471822e+01
5.270000000000000000e+02	5.270000000000000000e+05	6.722125706630984610e+01
5.280000000000000000e+02	5.280000000000000000e+05	6.737736406463562844e+01
5.290000000000000000e+02	5.290000000000000000e+05	6.752790246480395808e+01
5.300000000000000000e+02	5.300000000000000000e+05	6.755561010510909625e+01
5.310000000000000000e+02	5.310000000000000000e+05	6.772960467927151740e+01
5.320000000000000000e+02	5.320000000000000000e+05	6.773639768687479545e+01
5.330000000000000000e+02	5.330000000000000000e+05	6.765814989166682381e+01
5.340000000000000000e+02	5.340000000000000000e+05	6.769005276234904045e+01
5.350000000000000000e+02	5.350000000000000000e+05	6.786660005833569187e+01
5.360000000000000000e+02	5.360000000000000000e+05	6.787858428955286172e+01
5.370000000000000000e+02	5.370000000000000000e+05	6.772961431133292365e+01
5.380000000000000000e+02	5.380000000000000000e+05	6.792681311695010038e+01
5.390000000000000000e+02	5.390000000000000000e+05	6.791731297726497019e+01
5.400000000000000000e+02	5.400000000000000000e+05	6.803061000122953317e+01
5.410000000000000000e+02	5.410000000000000000e+05	6.794349829655836004e+01
5.420000000000000000e+02	5.420000000000000000e+05	6.784341530290741673e+01
5.430000000000000000e+02	5.430000000000000000e+05	6.785425070495783473e+01
5.440000000000000000e+02	5.440000000000000000e+05	6.793494288339825005e+01
5.450000000000000000e+02	5.450000000000000000e+05	6.803137730891921819e+01
5.460000000000000000e+02	5.460000000000000000e+05	6.809066605526437854e+01
5.470000000000000000e+02	5.470000000000000000e+05	6.801417896842949062e+01
5.480000000000000000e+02	5.480000000000000000e+05	6.811496675477080487e+01
5.490000000000000000e+02	5.490000000000000000e+05	6.807582171979193220e+01
5.500000000000000000e+02	5.500000000000000000e+05	6.828045717204270204e+01
5.510000000000000000e+02	5.510000000000000000e+05	6.833601940201498337e+01
5.520000000000000000e+02	5.520000000000000000e+05	6.842372418786871435e+01
5.530000000000000000e+02	5.530000000000000000e+05	6.840605736144266302e+01
5.540000000000000000e+02	5.540000000000000000e+05	6.861280915823358839e+01
5.550000000000000000e+02	5.550000000000000000e+05	6.870332130897243417e+01
5.560000000000000000e+02	5.560000000000000000e+05	6.872770596410244082e+01
5.570000000000000000e+02	5.570000000000000000e+05	6.873113273516227650e+01
5.580000000000000000e+02	5.580000000000000000e+05	6.862729819384711050e+01
5.590000000000000000e+02	5.590000000000000000e+05	6.880916544028168857e+01
5.600000000000000000e+02	5.600000000000000000e+05	6.862176898190006114e+01
5.610000000000000000e+02	5.610000000000000000e+05	6.872098175843852630e+01
5.620000000000000000e+02	5.620000000000000000e+05	6.897895766274790219e+01
5.630000000000000000e+02	5.630000000000000000e+05	6.917040822583014403e+01
5.640000000000000000e+02	5.640000000000000000e+05	6.913009816533730145e+01
5.650000000000000000e+02	5.650000000000000000e+05	6.917745467064732168e+01
5.660000000000000000e+02	5.660000000000000000e+05	6.932958824732902769e+01
5.670000000000000000e+02	5.670000000000000000e+05	6.941179494950787898e+01
5.680000000000000000e+02	5.680000000000000000e+05	6.963450046895013656e+01
5.690000000000000000e+02	5.690000000000000000e+05	6.980590992855086085e+01
5.700000000000000000e+02	5.700000000000000000e+05	6.975375906988347197e+01
5.710000000000000000e+02	5.710000000000000000e+05	6.984417277382931388e+01
5.720000000000000000e+02	5.720000000000000000e+05	6.986859630279839450e+01
5.730000000000000000e+02	5.730000000000000000e+05	6.993526823516285162e+01
5.740000000000000000e+02	5.740000000000000000e+05	7.009757850623584829e+01
5.750000000000000000e+02	5.750000000000000000e+05	7.004379008720805189e+01
5.760000000000000000e+02	5.760000000000000000e+05	7.002153519069655374e+01
5.770000000000000000e+02	5.770000000000000000e+05	6.984523427208789315e+01
5.780000000000000000e+02	5.780000000000000000e+05	6.983929659374322796e+01
5.790000000000000000e+02	5.790000000000000000e+05	7.002604524695907173e+01
5.800000000000000000e+02	5.800000000000000000e+05	7.001799216452489816e+01
5.810000000000000000e+02	5.810000000000000000e+05	7.029918932619914074e+01
5.820000000000000000e+02	5.820000000000000000e+05	7.036774179938603879e+01
5.830000000000000000e+02	5.830000000000000000e+05	7.035110870636901836e+01
5.840000000000000000e+02	5.840000000000000000e+05	7.039471584517269775e+01
5.850000000000000000e+02	5.850000000000000000e+05	7.036366934435204712e+01
5.860000000000000000e+02	5.860000000000000000e+05	7.044782719196274456e+01
5.870000000000000000e+02	5.870000000000000000e+05	7.058168183215454405e+01
5.880000000000000000e+02	5.880000000000000000e+05	7.074988120157205174e+01
5.890000000000000000e+02	5.890000000000000000e+05	7.070319420487270179e+01
5.900000000000000000e+02	5.900000000000000000e+05	7.076705376090576749e+01
5.910000000000000000e+02	5.910000000000000000e+05	7.113869980804626891e+01
5.920000000000000000e+02	5.920000000000000000e+05	7.113619305763390344e+01
5.930000000000000000e+02	5.930000000000000000e+05	7.117547488761762509e+01
5.940000000000000000e+02	5.940000000000000000e+05	7.123320127817738978e+01
5.950000000000000000e+02	5.950000000000000000e+05	7.131355201308575431e+01
5.960000000000000000e+02	5.960000000000000000e+05	7.153958522087417293e+01
5.970000000000000000e+02	5.970000000000000000e+05	7.168840927808707875e+01
5.980000000000000000e+02	5.980000000000000000e+05	7.156398029070813038e+01
5.990000000000000000e+02	5.990000000000000000e+05	7.168406366172787614e+01
6.000000000000000000e+02	6.000000000000000000e+05	7.168913895997536656e+01
6.010000000000000000e+02	6.010000000000000000e+05	7.184034339626509791e+01
6.020000000000000000e+02	6.020000000000000000e+05	7.178634885727592518e+01
6.030000000000000000e+02	6.030000000000000000e+05	7.190075593294383793e+01
6.040000000000000000e+02	6.040000000000000000e+05	7.196716614566423686e+01
6.050000000000000000e+02	6.050000000000000000e+05	7.203264171608022082e+01
6.060000000000000000e+02	6.060000000000000000e+05	7.216075685852656818e+01
6.070000000000000000e+02	6.070000000000000000e+05	7.227970176342496700e+01
6.080000000000000000e+02	6.080000000000000000e+05	7.235804790960386867e+01
6.090000000000000000e+02	6.090000000000000000e+05	7.250395947814375575e+01
6.100000000000000000e+02	6.100000000000000000e+05	7.240012347614897692e+01
6.110000000000000000e+02	6.110000000000000000e+05	7.242166707803252734e+01
6.120000000000000000e+02	6.120000000000000000e+05	7.242814179410555653e+01
6.130000000000000000e+02	6.130000000000000000e+05	7.241895031924103421e+01
6.140000000000000000e+02	6.140000000000000000e+05	7.235823350839950763e+01
6.150000000000000000e+02	6.150000000000000000e+05	7.236875809713072272e+01
6.160000000000000000e+02	6.160000000000000000e+05	7.260554713418490280e+01
6.170000000000000000e+02	6.170000000000000000e+05	7.267388397446968895e+01
6.180000000000000000e+02	6.180000000000000000e+05	7.264544434051765620e+01
6.190000000000000000e+02	6.190000000000000000e+05	7.260247204752901951e+01
6.200000000000000000e+02	6.200000000000000000e+05	7.287229952998706040e+01
6.210000000000000000e+02	6.210000000000000000e+05	7.280357665077269758e+01
6.220000000000000000e+02	6.220000000000000000e+05	7.286465383714700295e+01
6.230000000000000000e+02	6.230000000000000000e+05	7.288327291941794783e+01
6.240000000000000000e+02	6.240000000000000000e+05	7.280085809802069718e+01
6.250000000000000000e+02	6.250000000000000000e+05	7.288689364456905651e+01
6.260000000000000000e+02	6.260000000000000000e+05	7.301128625670422423e+01
6.270000000000000000e+02	6.270000000000000000e+05	7.337965078583334844e+01
6.280000000000000000e+02	6.280000000000000000e+05	7.353488012468484669e+01
6.290000000000000000e+02	6.290000000000000000e+05	7.359094460612055855e+01
6.300000000000000000e+02	6.300000000000000000e+05	7.363362229486605770e+01
6.310000000000000000e+02	6.310000000000000000e+05	7.344992244802128312e+01
6.320000000000000000e+02	6.320000000000000000e+05	7.347607410690869756e+01
6.330000000000000000e+02	6.330000000000000000e+05	7.366309985706425323e+01
6.340000000000000000e+02	6.340000000000000000e+05	7.363518447402884703e+01
6.350000000000000000e+02	6.350000000000000000e+05	7.365771480384857739e+01
6.360000000000000000e+02	6.360000000000000000e+05	7.347785000376730125e+01
6.370000000000000000e+02	6.370000000000000000e+05	7.345865811319497141e+01
6.380000000000000000e+02	6.380000000000000000e+05	7.337726991480741390e+01
6.390000000000000000e+02	6.390000000000000000e+05	7.356096741763779789e+01
6.400000000000000000e+02	6.400000000000000000e+05	7.372244438249204279e+01
6.410000000000000000e+02	6.410000000000000000e+05	7.371275222398095650e+01
6.420000000000000000e+02	6.420000000000000000e+05	7.376245080910757679e+01
6.430000000000000000e+02	6.430000000000000000e+05	7.378880831861279432e+01
6.440000000000000000e+02	6.440000000000000000e+05	7.381637442965556772e+01
6.450000000000000000e+02	6.450000000000000000e+05	7.376145835513715099e+01
6.460000000000000000e+02	6.460000000000000000e+05	7.387924460652880043e+01
6.470000000000000000e+02	6.470000000000000000e+05	7.381922203875404875e+01
6.480000000000000000e+02	6.480000000000000000e+05	7.382812818327090554e+01
6.490000000000000000e+02	6.490000000000000000e+05	7.383937156112817490e+01
6.500000000000000000e+02	6.500000000000000000e+05	7.379765322294024088e+01
6.510000000000000000e+02	6.510000000000000000e+05	7.386260770207479709e+01
6.520000000000000000e+02	6.520000000000000000e+05	7.399067196391688128e+01
6.530000000000000000e+02	6.530000000000000000e+05	7.401452710154511294e+01
6.540000000000000000e+02	6.540000000000000000e+05	7.406573627659916781e+01
6.550000000000000000e+02	6.550000000000000000e+05	7.401775347156866758e+01
6.560000000000000000e+02	6.560000000000000000e+05	7.418172836441853235e+01
6.570000000000000000e+02	6.570000000000000000e+05	7.409564032290637670e+01
6.580000000000000000e+02	6.580000000000000000e+05	7.401326792241682995e+01
6.590000000000000000e+02	6.590000000000000000e+05	7.398354947672586945e+01
6.600000000000000000e+02	6.600000000000000000e+05	7.416427857198905826e+01
6.610000000000000000e+02	6.610000000000000000e+05	7.421740909281913900e+01
6.620000000000000000e+02	6.620000000000000000e+05	7.435331117550911983e+01
6.630000000000000000e+02	6.630000000000000000e+05	7.447989414810446362e+01
6.640000000000000000e+02	6.640000000000000000e+05	7.454734120436572198e+01
6.650000000000000000e+02	6.650000000000000000e+05	7.460151694991482429e+01
6.660000000000000000e+02	6.660000000000000000e+05	7.448524390907969916e+01
6.670000000000000000e+02	6.670000000000000000e+05	7.446894810154324773e+01
6.680000000000000000e+02	6.680000000000000000e+05	7.427972375363957269e+01
6.690000000000000000e+02	6.690000000000000000e+05	7.420665270738594188e+01
6.700000000000000000e+02	6.700000000000000000e+05	7.426584800041587187e+01
6.710000000000000000e+02	6.710000000000000000e+05	7.428247463671546313e+01
6.720000000000000000e+02	6.720000000000000000e+05	7.441930482142427650e+01
6.730000000000000000e+02	6.730000000000000000e+05	7.440272978068993837e+01
6.740000000000000000e+02	6.740000000000000000e+05	7.451368779125883179e+01
6.750000000000000000e+02	6.750000000000000000e+05	7.444787973761604860e+01
6.760000000000000000e+02	6.760000000000000000e+05	7.424260597813976403e+01
6.770000000000000000e+02	6.770000000000000000e+05	7.439761201151925718e+01
6.780000000000000000e+02	6.780000000000000000e+05	7.440860148728792467e+01
6.790000000000000000e+02	6.790000000000000000e+05	7.448038891249773030e+01
6.800000000000000000e+02	6.800000000000000000e+05	7.450792654327906916e+01
6.810000000000000000e+02	6.810000000000000000e+05	7.450530680523746696e+01
6.820000000000000000e+02	6.820000000000000000e+05	7.457534574016962381e+01
6.830000000000000000e+02	6.830000000000000000e+05	7.489762633348401266e+01
6.840000000000000000e+02	6.840000000000000000e+05	7.499168112040440803e+01
6.850000000000000000e+02	6.850000000000000000e+05	7.495025758028536700e+01
6.860000000000000000e+02	6.860000000000000000e+05	7.488034599344568676e+01
6.870000000000000000e+02	6.870000000000000000e+05	7.492089070358650815e+01
6.880000000000000000e+02	6.880000000000000000e+05	7.497156958412608674e+01
6.890000000000000000e+02	6.890000000000000000e+05	7.503591027655268419e+01
6.900000000000000000e+02	6.900000000000000000e+05	7.499765391478612742e+01
6.910000000000000000e+02	6.910000000000000000e+05	7.505100971050050873e+01
6.920000000000000000e+02	6.920000000000000000e+05	7.496167293002552867e+01
6.930000000000000000e+02	6.930000000000000000e+05	7.518781478408972418e+01
6.940000000000000000e+02	6.940000000000000000e+05	7.526251384331082761e+01
6.950000000000000000e+02	6.950000000000000000e+05	7.543055566880084939e+01
6.960000000000000000e+02	6.960000000000000000e+05	7.558081562728217762e+01
6.970000000000000000e+02	6.970000000000000000e+05	7.591431550387430605e+01
6.980000000000000000e+02	6.980000000000000000e+05	7.579280470304058781e+01
6.990000000000000000e+02	6.990000000000000000e+05	7.566171803433114462e+01
7.000000000000000000e+02	7.000000000000000000e+05	7.578336025153612354e+01
7.010000000000000000e+02	7.010000000000000000e+05	7.586655041770532648e+01
7.020000000000000000e+02	7.020000000000000000e+05	7.617810689788905165e+01
7.030000000000000000e+02	7.030000000000000000e+05	7.623564337847099637e+01
7.040000000000000000e+02	7.040000000000000000e+05	7.634355639531035820e+01
7.050000000000000000e+02	7.050000000000000000e+05	7.630288185669377299e+01
7.060000000000000000e+02	7.060000000000000000e+05	7.630110000112313173e+01
7.070000000000000000e+02	7.070000000000000000e+05	7.638969618136835038e+01
7.080000000000000000e+02	7.080000000000000000e+05	7.624924250734817122e+01
7.090000000000000000e+02	7.090000000000000000e+05	7.623793783793797729e+01
7.100000000000000000e+02	7.100000000000000000e+05	7.615627311528308496e+01
7.110000000000000000e+02	7.110000000000000000e+05	7.634643918547065766e+01
7.120000000000000000e+02	7.120000000000000000e+05	7.655795095906560732e+01
7.130000000000000000e+02	7.130000000000000000e+05	7.675114266900837379e+01
7.140000000000000000e+02	7.140000000000000000e+05	7.686120466655872008e+01
7.150000000000000000e+02	7.150000000000000000e+05	7.702691600540575223e+01
7.160000000000000000e+02	7.160000000000000000e+05	7.709438700270618483e+01
7.170000000000000000e+02	7.170000000000000000e+05	7.702681844276096967e+01
7.180000000000000000e+02	7.180000000000000000e+05	7.708487539471570926e+01
7.190000000000000000e+02	7.190000000000000000e+05	7.723932920408982739e+01
7.200000000000000000e+02	7.200000000000000000e+05	7.739669654502266383e+01
7.210000000000000000e+02	7.210000000000000000e+05	7.763815923510868799e+01
7.220000000000000000e+02	7.220000000000000000e+05	7.751272460393255415e+01
7.230000000000000000e+02	7.230000000000000000e+05	7.743736975332079453e+01
7.240000000000000000e+02	7.240000000000000000e+05	7.744260318936284193e+01
7.250000000000000000e+02	7.250000000000000000e+05	7.747760214240688015e+01
7.260000000000000000e+02	7.260000000000000000e+05	7.743812130975226182e+01
7.270000000000000000e+02	7.270000000000000000e+05	7.758026787146657455e+01
7.280000000000000000e+02	7.280000000000000000e+05	7.768756212483511092e+01
7.290000000000000000e+02	7.290000000000000000e+05	7.772984482255627370e+01
7.300000000000000000e+02	7.300000000000000000e+05	7.780142829507892088e+01
7.310000000000000000e+02	7.310000000000000000e+05	7.779364828789675812e+01
7.320000000000000000e+02	7.320000000000000000e+05	7.794501077145947932e+01
7.330000000000000000e+02	7.330000000000000000e+05	7.821161162629209684e+01
7.340000000000000000e+02	7.340000000000000000e+05	7.823365739277654995e+01
7.350000000000000000e+02	7.350000000000000000e+05	7.849098336379506691e+01
7.360000000000000000e+02	7.360000000000000000e+05	7.868852104552013316e+01
7.370000000000000000e+02	7.370000000000000000e+05	7.869882091122818224e+01
7.380000000000000000e+02	7.380000000000000000e+05	7.878774505831144381e+01
7.390000000000000000e+02	7.390000000000000000e+05	7.883983608727974968e+01
7.400000000000000000e+02	7.400000000000000000e+05	7.893878066218807987e+01
7.410000000000000000e+02	7.410000000000000000e+05	7.898210069298453107e+01
7.420000000000000000e+02	7.420000000000000000e+05	7.896156109713230364e+01
7.430000000000000000e+02	7.430000000000000000e+05	7.893410173059207580e+01
7.440000000000000000e+02	7.440000000000000000e+05	7.896966732843090142e+01
7.450000000000000000e+02	7.450000000000000000e+05	7.902804183529680415e+01
7.460000000000000000e+02	7.460000000000000000e+05	7.886208392945356138e+01
7.470000000000000000e+02	7.470000000000000000e+05	7.873053200266679141e+01
7.480000000000000000e+02	7.480000000000000000e+05	7.869793733110559231e+01
7.490000000000000000e+02	7.490000000000000000e+05	7.889058788653626664e+01
7.500000000000000000e+02	7.500000000000000000e+05	7.877296882169503078e+01
7.510000000000000000e+02	7.510000000000000000e+05	7.877905607984180847e+01
7.520000000000000000e+02	7.520000000000000000e+05	7.861472702277006874e+01
7.530000000000000000e+02	7.530000000000000000e+05	7.851528949599595819e+01
7.540000000000000000e+02	7.540000000000000000e+05	7.852267075253936923e+01
7.550000000000000000e+02	7.550000000000000000e+05	7.853396434122302594e+01
7.560000000000000000e+02	7.560000000000000000e+05	7.860424271954092035e+01
7.570000000000000000e+02	7.570000000000000000e+05	7.850232324434564646e+01
7.580000000000000000e+02	7.580000000000000000e+05	7.860606752390295071e+01
7.590000000000000000e+02	7.590000000000000000e+05	7.880542695643003981e+01
7.600000000000000000e+02	7.600000000000000000e+05	7.883862136679476862e+01
7.610000000000000000e+02	7.610000000000000000e+05	7.909206623399502689e+01
7.620000000000000000e+02	7.620000000000000000e+05	7.904133035285917686e+01
7.630000000000000000e+02	7.630000000000000000e+05	7.916880791463240996e+01
7.640000000000000000e+02	7.640000000000000000e+05	7.912329245488201934e+01
7.650000000000000000e+02	7.650000000000000000e+05	7.932296333007504074e+01
7.660000000000000000e+02	7.660000000000000000e+05	7.924494241055435850e+01
7.670000000000000000e+02	7.670000000000000000e+05	7.924715562891948650e+01
7.680000000000000000e+02	7.680000000000000000e+05	7.926715313506173288e+01
7.690000000000000000e+02	7.690000000000000000e+05	7.934884809200219991e+01
7.700000000000000000e+02	7.700000000000000000e+05	7.942372060654827237e+01
7.710000000000000000e+02	7.710000000000000000e+05	7.949065389133157566e+01
7.720000000000000000e+02	7.720000000000000000e+05	7.932861113634463379e+01
7.730000000000000000e+02	7.730000000000000000e+05	7.954389919299215705e+01
7.740000000000000000e+02	7.740000000000000000e+05	7.953678700181525585e+01
7.750000000000000000e+02	7.750000000000000000e+05	7.956646850883214483e+01
7.760000000000000000e+02	7.760000000000000000e+05	7.967974437045607772e+01
7.770000000000000000e+02	7.770000000000000000e+05	7.978777452982370733e+01
7.780000000000000000e+02	7.780000000000000000e+05	7.981419616281554852e+01
7.790000000000000000e+02	7.790000000000000000e+05	7.993552366419741873e+01
7.800000000000000000e+02	7.800000000000000000e+05	7.983275037862603085e+01
7.810000000000000000e+02	7.810000000000000000e+05	7.989995280394815325e+01
7.820000000000000000e+02	7.820000000000000000e+05	7.971823022746576726e+01
7.830000000000000000e+02	7.830000000000000000e+05	7.969591750989796708e+01
7.840000000000000000e+02	7.840000000000000000e+05	7.977197532508506583e+01
7.850000000000000000e+02	7.850000000000000000e+05	7.984839555103766884e+01
7.860000000000000000e+02	7.860000000000000000e+05	7.992444360889197696e+01
7.870000000000000000e+02	7.870000000000000000e+05	7.993461976410348768e+01
7.880000000000000000e+02	7.880000000000000000e+05	7.999558211013332709e+01
7.890000000000000000e+02	7.890000000000000000e+05	7.997523825107833773e+01
7.900000000000000000e+02	7.900000000000000000e+05	7.993969969947119125e+01
7.910000000000000000e+02	7.910000000000000000e+05	7.993012931482253691e+01
7.920000000000000000e+02	7.920000000000000000e+05	8.007102022947402986e+01
7.930000000000000000e+02	7.930000000000000000e+05	7.998995246959655958e+01
7.940000000000000000e+02	7.940000000000000000e+05	8.005638542433135285e+01
7.950000000000000000e+02	7.950000000000000000e+05	7.998349253095967981e+01
7.960000000000000000e+02	7.960000000000000000e+05	8.003616936888779776e+01
7.970000000000000000e+02	7.970000000000000000e+05	8.013865779242094334e+01
7.980000000000000000e+02	7.980000000000000000e+05	8.009756591905532730e+01
7.990000000000000000e+02	7.990000000000000000e+05	8.013886809995337046e+01
8.000000000000000000e+02	8.000000000000000000e+05	8.021653996685333254e+01
8.010000000000000000e+02	8.010000000000000000e+05	8.025716298959140715e+01
8.020000000000000000e+02	8.020000000000000000e+05	8.039409498553095546e+01
8.030000000000000000e+02	8.030000000000000000e+05	8.049733041304352810e+01
8.040000000000000000e+02	8.040000000000000000e+05	8.054296637672257475e+01
8.050000000000000000e+02	8.050000000000000000e+05	8.054833459337056922e+01
8.060000000000000000e+02	8.060000000000000000e+05	8.054880000810987895e+01
8.070000000000000000e+02	8.070000000000000000e+05	8.061209882108745717e+01
8.080000000000000000e+02	8.080000000000000000e+05	8.071792011642386910e+01
8.090000000000000000e+02	8.090000000000000000e+05	8.076493443076144274e+01
8.100000000000000000e+02	8.100000000000000000e+05	8.080053038712267721e+01
8.110000000000000000e+02	8.110000000000000000e+05	8.077361311605494620e+01
8.120000000000000000e+02	8.120000000000000000e+05	8.079282036025108482e+01
8.130000000000000000e+02	8.130000000000000000e+05	8.093820917241814072e+01
8.140000000000000000e+02	8.140000000000000000e+05	8.091293211952176989e+01
8.150000000000000000e+02	8.150000000000000000e+05	8.114470885733695127e+01
8.160000000000000000e+02	8.160000000000000000e+05	8.135775175128607373e+01
8.170000000000000000e+02	8.170000000000000000e+05	8.159357560378046514e+01
