0.000000000000000000e+00	0.000000000000000000e+00	3.441283272012777359e-06
1.000000000000000000e+00	1.000000000000000000e+03	2.142444569502091944e+00
2.000000000000000000e+00	2.000000000000000000e+03	3.488488055825892165e+00
3.000000000000000000e+00	3.000000000000000000e+03	4.383421861893567417e+00
4.000000000000000000e+00	4.000000000000000000e+03	5.154784058073923703e+00
5.000000000000000000e+00	5.000000000000000000e+03	5.847346831058639616e+00
6.000000000000000000e+00	6.000000000000000000e+03	6.489446944162561515e+00
7.000000000000000000e+00	7.000000000000000000e+03	7.159966973755599540e+00
8.000000000000000000e+00	8.000000000000000000e+03	7.710415165321879094e+00
9.000000000000000000e+00	9.000000000000000000e+03	8.080008798788087532e+00
1.000000000000000000e+01	1.000000000000000000e+04	8.588530105470251641e+00
1.100000000000000000e+01	1.100000000000000000e+04	8.968028566541674351e+00
1.200000000000000000e+01	1.200000000000000000e+04	9.475403120431137083e+00
1.300000000000000000e+01	1.300000000000000000e+04	9.998290064877085825e+00
1.400000000000000000e+01	1.400000000000000000e+04	1.025999913657255824e+01
1.500000000000000000e+01	1.500000000000000000e+04	1.052197447757035853e+01
1.600000000000000000e+01	1.600000000000000000e+04	1.114506303917038998e+01
1.700000000000000000e+01	1.700000000000000000e+04	1.134665216714767766e+01
1.800000000000000000e+01	1.800000000000000000e+04	1.154985865764783348e+01
1.900000000000000000e+01	1.900000000000000000e+04	1.178636247453125918e+01
2.000000000000000000e+01	2.000000000000000000e+04	1.232055119762291895e+01
2.100000000000000000e+01	2.100000000000000000e+04	1.247719326612352297e+01
2.200000000000000000e+01	2.200000000000000000e+04	1.274401265401911054e+01
2.300000000000000000e+01	2.300000000000000000e+04	1.300695437164235813e+01
2.400000000000000000e+01	2.400000000000000000e+04	1.326302426807658996e+01
2.500000000000000000e+01	2.500000000000000000e+04	1.348336658814404387e+01
2.600000000000000000e+01	2.600000000000000000e+04	1.374800262561065622e+01
2.700000000000000000e+01	2.700000000000000000e+04	1.382649686378177734e+01
2.800000000000000000e+01	2.800000000000000000e+04	1.396396375110448496e+01
2.900000000000000000e+01	2.900000000000000000e+04	1.414940152787067973e+01
3.000000000000000000e+01	3.000000000000000000e+04	1.434022911496466435e+01
3.100000000000000000e+01	3.100000000000000000e+04	1.460727850788929771e+01
3.200000000000000000e+01	3.200000000000000000e+04	1.478313380002224697e+01
3.300000000000000000e+01	3.300000000000000000e+04	1.487788767978519466e+01
3.400000000000000000e+01	3.400000000000000000e+04	1.495759975695101751e+01
3.500000000000000000e+01	3.500000000000000000e+04	1.515756323842124864e+01
3.600000000000000000e+01	3.600000000000000000e+04	1.530950496663191096e+01
3.700000000000000000e+01	3.700000000000000000e+04	1.553361531456862643e+01
3.800000000000000000e+01	3.800000000000000000e+04	1.568636718018819032e+01
3.900000000000000000e+01	3.900000000000000000e+04	1.600601972793060312e+01
4.000000000000000000e+01	4.000000000000000000e+04	1.610560269424187396e+01
4.100000000000000000e+01	4.100000000000000000e+04	1.629070112546351723e+01
4.200000000000000000e+01	4.200000000000000000e+04	1.654929888053378662e+01
4.300000000000000000e+01	4.300000000000000000e+04	1.662419053121119816e+01
4.400000000000000000e+01	4.400000000000000000e+04	1.660020192816305595e+01
4.500000000000000000e+01	4.500000000000000000e+04	1.681708889211246927e+01
4.600000000000000000e+01	4.600000000000000000e+04	1.689337817987692958e+01
4.700000000000000000e+01	4.700000000000000000e+04	1.690291286004205062e+01
4.800000000000000000e+01	4.800000000000000000e+04	1.678832918771925264e+01
4.900000000000000000e+01	4.900000000000000000e+04	1.718898321370125615e+01
5.000000000000000000e+01	5.000000000000000000e+04	1.753516780141846354e+01
5.100000000000000000e+01	5.100000000000000000e+04	1.789265608262533647e+01
5.200000000000000000e+01	5.200000000000000000e+04	1.810131130289532564e+01
5.300000000000000000e+01	5.300000000000000000e+04	1.818423862094695309e+01
5.400000000000000000e+01	5.400000000000000000e+04	1.838734620372116524e+01
5.500000000000000000e+01	5.500000000000000000e+04	1.855367586581980532e+01
5.600000000000000000e+01	5.600000000000000000e+04	1.894166257651523821e+01
5.700000000000000000e+01	5.700000000000000000e+04	1.917094204378374656e+01
5.800000000000000000e+01	5.800000000000000000e+04	1.920473416808379596e+01
5.900000000000000000e+01	5.900000000000000000e+04	1.939670350109447483e+01
6.000000000000000000e+01	6.000000000000000000e+04	1.941546421433965364e+01
6.100000000000000000e+01	6.100000000000000000e+04	1.954556512022555026e+01
6.200000000000000000e+01	6.200000000000000000e+04	1.990815169374077342e+01
6.300000000000000000e+01	6.300000000000000000e+04	2.003742265875287387e+01
6.400000000000000000e+01	6.400000000000000000e+04	2.046434562202537677e+01
6.500000000000000000e+01	6.500000000000000000e+04	2.050404665127087966e+01
6.600000000000000000e+01	6.600000000000000000e+04	2.065839685180221608e+01
6.700000000000000000e+01	6.700000000000000000e+04	2.087017556216211034e+01
6.800000000000000000e+01	6.800000000000000000e+04	2.091713925228430426e+01
6.900000000000000000e+01	6.900000000000000000e+04	2.110923118842541513e+01
7.000000000000000000e+01	7.000000000000000000e+04	2.092865652979959989e+01
7.100000000000000000e+01	7.100000000000000000e+04	2.110053038314854490e+01
7.200000000000000000e+01	7.200000000000000000e+04	2.132141578543857463e+01
7.300000000000000000e+01	7.300000000000000000e+04	2.146038055011219114e+01
7.400000000000000000e+01	7.400000000000000000e+04	2.135183768541261529e+01
7.500000000000000000e+01	7.500000000000000000e+04	2.155148974181724597e+01
7.600000000000000000e+01	7.600000000000000000e+04	2.161734188059410045e+01
7.700000000000000000e+01	7.700000000000000000e+04	2.162527612384753439e+01
7.800000000000000000e+01	7.800000000000000000e+04	2.174249934300808462e+01
7.900000000000000000e+01	7.900000000000000000e+04	2.182719950081031968e+01
8.000000000000000000e+01	8.000000000000000000e+04	2.199362341783089292e+01
8.100000000000000000e+01	8.100000000000000000e+04	2.208927514530671843e+01
8.200000000000000000e+01	8.200000000000000000e+04	2.209808336318821986e+01
8.300000000000000000e+01	8.300000000000000000e+04	2.211048927167462708e+01
8.400000000000000000e+01	8.400000000000000000e+04	2.232216999058669415e+01
8.500000000000000000e+01	8.500000000000000000e+04	2.241333032982134199e+01
8.600000000000000000e+01	8.600000000000000000e+04	2.254053051767433047e+01
8.700000000000000000e+01	8.700000000000000000e+04	2.267960143461481337e+01
8.800000000000000000e+01	8.800000000000000000e+04	2.247352062510258008e+01
8.900000000000000000e+01	8.900000000000000000e+04	2.237393422376844043e+01
9.000000000000000000e+01	9.000000000000000000e+04	2.222432247132465122e+01
9.100000000000000000e+01	9.100000000000000000e+04	2.212192900478298441e+01
9.200000000000000000e+01	9.200000000000000000e+04	2.207765106913952735e+01
9.300000000000000000e+01	9.300000000000000000e+04	2.203670274817677921e+01
9.400000000000000000e+01	9.400000000000000000e+04	2.218698152309837113e+01
9.500000000000000000e+01	9.500000000000000000e+04	2.224798902963177838e+01
9.600000000000000000e+01	9.600000000000000000e+04	2.225987161827561422e+01
9.700000000000000000e+01	9.700000000000000000e+04	2.246935820152113905e+01
9.800000000000000000e+01	9.800000000000000000e+04	2.244587123204460610e+01
9.900000000000000000e+01	9.900000000000000000e+04	2.222393859088860424e+01
1.000000000000000000e+02	1.000000000000000000e+05	2.234671619688293376e+01
1.010000000000000000e+02	1.010000000000000000e+05	2.254087193750646989e+01
1.020000000000000000e+02	1.020000000000000000e+05	2.283503877612510635e+01
1.030000000000000000e+02	1.030000000000000000e+05	2.305966929414529432e+01
1.040000000000000000e+02	1.040000000000000000e+05	2.352639258499488406e+01
1.050000000000000000e+02	1.050000000000000000e+05	2.376610878386413006e+01
1.060000000000000000e+02	1.060000000000000000e+05	2.423639826799757202e+01
1.070000000000000000e+02	1.070000000000000000e+05	2.442592024011020513e+01
1.080000000000000000e+02	1.080000000000000000e+05	2.464500237778173997e+01
1.090000000000000000e+02	1.090000000000000000e+05	2.468119051373071926e+01
1.100000000000000000e+02	1.100000000000000000e+05	2.508427067873709504e+01
1.110000000000000000e+02	1.110000000000000000e+05	2.541497805743957983e+01
1.120000000000000000e+02	1.120000000000000000e+05	2.560800593864294328e+01
1.130000000000000000e+02	1.130000000000000000e+05	2.575754109929809488e+01
1.140000000000000000e+02	1.140000000000000000e+05	2.603332943817705569e+01
1.150000000000000000e+02	1.150000000000000000e+05	2.622224054796522097e+01
1.160000000000000000e+02	1.160000000000000000e+05	2.639526472773003363e+01
1.170000000000000000e+02	1.170000000000000000e+05	2.662442482995373538e+01
1.180000000000000000e+02	1.180000000000000000e+05	2.684110840063779335e+01
1.190000000000000000e+02	1.190000000000000000e+05	2.704125117118610788e+01
1.200000000000000000e+02	1.200000000000000000e+05	2.733074502365968428e+01
1.210000000000000000e+02	1.210000000000000000e+05	2.752399462935409957e+01
1.220000000000000000e+02	1.220000000000000000e+05	2.746488586121022735e+01
1.230000000000000000e+02	1.230000000000000000e+05	2.749673296117026666e+01
1.240000000000000000e+02	1.240000000000000000e+05	2.769418777602132664e+01
1.250000000000000000e+02	1.250000000000000000e+05	2.785682403392505080e+01
1.260000000000000000e+02	1.260000000000000000e+05	2.813171578401296102e+01
1.270000000000000000e+02	1.270000000000000000e+05	2.830579056685510153e+01
1.280000000000000000e+02	1.280000000000000000e+05	2.838759959834715474e+01
1.290000000000000000e+02	1.290000000000000000e+05	2.857427605917569480e+01
1.300000000000000000e+02	1.300000000000000000e+05	2.863740207566955220e+01
1.310000000000000000e+02	1.310000000000000000e+05	2.877442271740493851e+01
1.320000000000000000e+02	1.320000000000000000e+05	2.876870570713182218e+01
1.330000000000000000e+02	1.330000000000000000e+05	2.872540092793241584e+01
1.340000000000000000e+02	1.340000000000000000e+05	2.879251477472293175e+01
1.350000000000000000e+02	1.350000000000000000e+05	2.888838260106529532e+01
1.360000000000000000e+02	1.360000000000000000e+05	2.897075351254562747e+01
1.370000000000000000e+02	1.370000000000000000e+05	2.908433272704834138e+01
1.380000000000000000e+02	1.380000000000000000e+05	2.932812772040060167e+01
1.390000000000000000e+02	1.390000000000000000e+05	2.942750742677187148e+01
1.400000000000000000e+02	1.400000000000000000e+05	2.943745212660287436e+01
1.410000000000000000e+02	1.410000000000000000e+05	2.953427469343703393e+01
1.420000000000000000e+02	1.420000000000000000e+05	2.957148846463984171e+01
1.430000000000000000e+02	1.430000000000000000e+05	2.973597195770105373e+01
1.440000000000000000e+02	1.440000000000000000e+05	2.991142022923396482e+01
1.450000000000000000e+02	1.450000000000000000e+05	3.007804521513122253e+01
1.460000000000000000e+02	1.460000000000000000e+05	3.020060668453589514e+01
1.470000000000000000e+02	1.470000000000000000e+05	3.032626090218902704e+01
1.480000000000000000e+02	1.480000000000000000e+05	3.042144281851717480e+01
1.490000000000000000e+02	1.490000000000000000e+05	3.066496457641654771e+01
1.500000000000000000e+02	1.500000000000000000e+05	3.071721909486543467e+01
1.510000000000000000e+02	1.510000000000000000e+05	3.096990590624852757e+01
1.520000000000000000e+02	1.520000000000000000e+05	3.088888068633105277e+01
1.530000000000000000e+02	1.530000000000000000e+05	3.109973047512040978e+01
1.540000000000000000e+02	1.540000000000000000e+05	3.121416903941389620e+01
1.550000000000000000e+02	1.550000000000000000e+05	3.122533209331436410e+01
1.560000000000000000e+02	1.560000000000000000e+05	3.128803388370736727e+01
1.570000000000000000e+02	1.570000000000000000e+05	3.136283937771136721e+01
1.580000000000000000e+02	1.580000000000000000e+05	3.142740688896828516e+01
1.590000000000000000e+02	1.590000000000000000e+05	3.176437681638546806e+01
1.600000000000000000e+02	1.600000000000000000e+05	3.202295704025726764e+01
1.610000000000000000e+02	1.610000000000000000e+05	3.207341013387304685e+01
1.620000000000000000e+02	1.620000000000000000e+05	3.222915158570481253e+01
1.630000000000000000e+02	1.630000000000000000e+05	3.227959700588712622e+01
1.640000000000000000e+02	1.640000000000000000e+05	3.233210386209751164e+01
1.650000000000000000e+02	1.650000000000000000e+05	3.252559267657045439e+01
1.660000000000000000e+02	1.660000000000000000e+05	3.247305342446500731e+01
1.670000000000000000e+02	1.670000000000000000e+05	3.245327510957576322e+01
1.680000000000000000e+02	1.680000000000000000e+05	3.263702224910189642e+01
1.690000000000000000e+02	1.690000000000000000e+05	3.292012811289416163e+01
1.700000000000000000e+02	1.700000000000000000e+05	3.285605648573151427e+01
1.710000000000000000e+02	1.710000000000000000e+05	3.299220287602987867e+01
1.720000000000000000e+02	1.720000000000000000e+05	3.315651567935670130e+01
1.730000000000000000e+02	1.730000000000000000e+05	3.327617562080838098e+01
1.740000000000000000e+02	1.740000000000000000e+05	3.341136816758169914e+01
1.750000000000000000e+02	1.750000000000000000e+05	3.346056160262669010e+01
1.760000000000000000e+02	1.760000000000000000e+05	3.341328422745912974e+01
1.770000000000000000e+02	1.770000000000000000e+05	3.363319130290698666e+01
1.780000000000000000e+02	1.780000000000000000e+05	3.373759711079066648e+01
1.790000000000000000e+02	1.790000000000000000e+05	3.375678338116322408e+01
1.800000000000000000e+02	1.800000000000000000e+05	3.404619142903683127e+01
1.810000000000000000e+02	1.810000000000000000e+05	3.422960068153219737e+01
1.820000000000000000e+02	1.820000000000000000e+05	3.431820880623848780e+01
1.830000000000000000e+02	1.830000000000000000e+05	3.437845062780788652e+01
1.840000000000000000e+02	1.840000000000000000e+05	3.426297183602479635e+01
1.850000000000000000e+02	1.850000000000000000e+05	3.434847831355085646e+01
1.860000000000000000e+02	1.860000000000000000e+05	3.445173429806048659e+01
1.870000000000000000e+02	1.870000000000000000e+05	3.464029700430305780e+01
1.880000000000000000e+02	1.880000000000000000e+05	3.493229567469958852e+01
1.890000000000000000e+02	1.890000000000000000e+05	3.513179299952587087e+01
1.900000000000000000e+02	1.900000000000000000e+05	3.548442170230078574e+01
1.910000000000000000e+02	1.910000000000000000e+05	3.591384838339244823e+01
1.920000000000000000e+02	1.920000000000000000e+05	3.598557784865731435e+01
1.930000000000000000e+02	1.930000000000000000e+05	3.622985648282602966e+01
1.940000000000000000e+02	1.940000000000000000e+05	3.620252477120695289e+01
1.950000000000000000e+02	1.950000000000000000e+05	3.623812051371152165e+01
1.960000000000000000e+02	1.960000000000000000e+05	3.641365083016141568e+01
1.970000000000000000e+02	1.970000000000000000e+05	3.650758050614106054e+01
1.980000000000000000e+02	1.980000000000000000e+05	3.655760082885902307e+01
1.990000000000000000e+02	1.990000000000000000e+05	3.663032148254082898e+01
2.000000000000000000e+02	2.000000000000000000e+05	3.672008847205029269e+01
2.010000000000000000e+02	2.010000000000000000e+05	3.672071016667541699e+01
2.020000000000000000e+02	2.020000000000000000e+05	3.684491374448419521e+01
2.030000000000000000e+02	2.030000000000000000e+05	3.662944652894673681e+01
2.040000000000000000e+02	2.040000000000000000e+05	3.679788757247305142e+01
2.050000000000000000e+02	2.050000000000000000e+05	3.694856797473797627e+01
2.060000000000000000e+02	2.060000000000000000e+05	3.703484794067067298e+01
2.070000000000000000e+02	2.070000000000000000e+05	3.705436630734574521e+01
2.080000000000000000e+02	2.080000000000000000e+05	3.708909457613530236e+01
2.090000000000000000e+02	2.090000000000000000e+05	3.710804616999011785e+01
2.100000000000000000e+02	2.100000000000000000e+05	3.708224529053915575e+01
2.110000000000000000e+02	2.110000000000000000e+05	3.733228025120935456e+01
2.120000000000000000e+02	2.120000000000000000e+05	3.739453748197440319e+01
2.130000000000000000e+02	2.130000000000000000e+05	3.752497126762130364e+01
2.140000000000000000e+02	2.140000000000000000e+05	3.753610779769772421e+01
2.150000000000000000e+02	2.150000000000000000e+05	3.753356192169762551e+01
2.160000000000000000e+02	2.160000000000000000e+05	3.764790582494449467e+01
2.170000000000000000e+02	2.170000000000000000e+05	3.784936694069268270e+01
2.180000000000000000e+02	2.180000000000000000e+05	3.783261685059150636e+01
2.190000000000000000e+02	2.190000000000000000e+05	3.801440978167256191e+01
2.200000000000000000e+02	2.200000000000000000e+05	3.804884876476609890e+01
2.210000000000000000e+02	2.210000000000000000e+05	3.811272849912853644e+01
2.220000000000000000e+02	2.220000000000000000e+05	3.824847441415676741e+01
2.230000000000000000e+02	2.230000000000000000e+05	3.833179441421819433e+01
2.240000000000000000e+02	2.240000000000000000e+05	3.826708798748014573e+01
2.250000000000000000e+02	2.250000000000000000e+05	3.847731265588086558e+01
2.260000000000000000e+02	2.260000000000000000e+05	3.875753356671683036e+01
2.270000000000000000e+02	2.270000000000000000e+05	3.897833828396630196e+01
2.280000000000000000e+02	2.280000000000000000e+05	3.902129666500390925e+01
2.290000000000000000e+02	2.290000000000000000e+05	3.906664469689419406e+01
2.300000000000000000e+02	2.300000000000000000e+05	3.903389141671111418e+01
2.310000000000000000e+02	2.310000000000000000e+05	3.907576660218405351e+01
2.320000000000000000e+02	2.320000000000000000e+05	3.899385685844202953e+01
2.330000000000000000e+02	2.330000000000000000e+05	3.909325698641866609e+01
2.340000000000000000e+02	2.340000000000000000e+05	3.913712603750067842e+01
2.350000000000000000e+02	2.350000000000000000e+05	3.916072988605642990e+01
2.360000000000000000e+02	2.360000000000000000e+05	3.941927318359567067e+01
2.370000000000000000e+02	2.370000000000000000e+05	3.940600261897886725e+01
2.380000000000000000e+02	2.380000000000000000e+05	3.951039056603175226e+01
2.390000000000000000e+02	2.390000000000000000e+05	3.955978048381205525e+01
2.400000000000000000e+02	2.400000000000000000e+05	3.963407345348004185e+01
2.410000000000000000e+02	2.410000000000000000e+05	3.972827237042601922e+01
2.420000000000000000e+02	2.420000000000000000e+05	3.959494427039116715e+01
2.430000000000000000e+02	2.430000000000000000e+05	3.976799466877615430e+01
2.440000000000000000e+02	2.440000000000000000e+05	3.994949829650357032e+01
2.450000000000000000e+02	2.450000000000000000e+05	3.981664803385019979e+01
2.460000000000000000e+02	2.460000000000000000e+05	4.023974085322168293e+01
2.470000000000000000e+02	2.470000000000000000e+05	4.021737208806496966e+01
2.480000000000000000e+02	2.480000000000000000e+05	4.034872842992059816e+01
2.490000000000000000e+02	2.490000000000000000e+05	4.059610482684949773e+01
2.500000000000000000e+02	2.500000000000000000e+05	4.061662100497681394e+01
2.510000000000000000e+02	2.510000000000000000e+05	4.067684362083918614e+01
2.520000000000000000e+02	2.520000000000000000e+05	4.081270115792604258e+01
2.530000000000000000e+02	2.530000000000000000e+05	4.087604723508654558e+01
2.540000000000000000e+02	2.540000000000000000e+05	4.094300611500244713e+01
2.550000000000000000e+02	2.550000000000000000e+05	4.106522865012998125e+01
2.560000000000000000e+02	2.560000000000000000e+05	4.120271699645293495e+01
2.570000000000000000e+02	2.570000000000000000e+05	4.106634832211268815e+01
2.580000000000000000e+02	2.580000000000000000e+05	4.137251355536758979e+01
2.590000000000000000e+02	2.590000000000000000e+05	4.143695463716505145e+01
2.600000000000000000e+02	2.600000000000000000e+05	4.137597531889539937e+01
2.610000000000000000e+02	2.610000000000000000e+05	4.122396837386050095e+01
2.620000000000000000e+02	2.620000000000000000e+05	4.127899890236518843e+01
2.630000000000000000e+02	2.630000000000000000e+05	4.137009133884883028e+01
2.640000000000000000e+02	2.640000000000000000e+05	4.135299126821157500e+01
2.650000000000000000e+02	2.650000000000000000e+05	4.148137872166670803e+01
2.660000000000000000e+02	2.660000000000000000e+05	4.144555852560219478e+01
2.670000000000000000e+02	2.670000000000000000e+05	4.155023646209240695e+01
2.680000000000000000e+02	2.680000000000000000e+05	4.141239808778335885e+01
2.690000000000000000e+02	2.690000000000000000e+05	4.155016845325902608e+01
2.700000000000000000e+02	2.700000000000000000e+05	4.157367644409336549e+01
2.710000000000000000e+02	2.710000000000000000e+05	4.166968823499500019e+01
2.720000000000000000e+02	2.720000000000000000e+05	4.168970344880472823e+01
2.730000000000000000e+02	2.730000000000000000e+05	4.191392042334744872e+01
2.740000000000000000e+02	2.740000000000000000e+05	4.180909223561675958e+01
2.750000000000000000e+02	2.750000000000000000e+05	4.193399915433186464e+01
2.760000000000000000e+02	2.760000000000000000e+05	4.196226173633615275e+01
2.770000000000000000e+02	2.770000000000000000e+05	4.202331828786934409e+01
2.780000000000000000e+02	2.780000000000000000e+05	4.210451800991133808e+01
2.790000000000000000e+02	2.790000000000000000e+05	4.221519929108391977e+01
2.800000000000000000e+02	2.800000000000000000e+05	4.218312908821481955e+01
2.810000000000000000e+02	2.810000000000000000e+05	4.221045685526235758e+01
2.820000000000000000e+02	2.820000000000000000e+05	4.226345966308432622e+01
2.830000000000000000e+02	2.830000000000000000e+05	4.219064596871345429e+01
2.840000000000000000e+02	2.840000000000000000e+05	4.235247981876968737e+01
2.850000000000000000e+02	2.850000000000000000e+05	4.255544414534232800e+01
2.860000000000000000e+02	2.860000000000000000e+05	4.246928043661915098e+01
2.870000000000000000e+02	2.870000000000000000e+05	4.261971003350542730e+01
2.880000000000000000e+02	2.880000000000000000e+05	4.263340553686835221e+01
2.890000000000000000e+02	2.890000000000000000e+05	4.266493557428556471e+01
2.900000000000000000e+02	2.900000000000000000e+05	4.279457614550000955e+01
2.910000000000000000e+02	2.910000000000000000e+05	4.286699884096682922e+01
2.920000000000000000e+02	2.920000000000000000e+05	4.291152563499093731e+01
2.930000000000000000e+02	2.930000000000000000e+05	4.307300338009315510e+01
2.940000000000000000e+02	2.940000000000000000e+05	4.298816331862239082e+01
2.950000000000000000e+02	2.950000000000000000e+05	4.282605218352641430e+01
2.960000000000000000e+02	2.960000000000000000e+05	4.274592687951683700e+01
2.970000000000000000e+02	2.970000000000000000e+05	4.285506931355410387e+01
2.980000000000000000e+02	2.980000000000000000e+05	4.285621834692721421e+01
2.990000000000000000e+02	2.990000000000000000e+05	4.271715355791626223e+01
3.000000000000000000e+02	3.000000000000000000e+05	4.271684464708187079e+01
3.010000000000000000e+02	3.010000000000000000e+05	4.270294452707490507e+01
3.020000000000000000e+02	3.020000000000000000e+05	4.260555720759946752e+01
3.030000000000000000e+02	3.030000000000000000e+05	4.250457691327577692e+01
3.040000000000000000e+02	3.040000000000000000e+05	4.272720816115860032e+01
3.050000000000000000e+02	3.050000000000000000e+05	4.275816049315349687e+01
3.060000000000000000e+02	3.060000000000000000e+05	4.272075602746355827e+01
3.070000000000000000e+02	3.070000000000000000e+05	4.278447568582089389e+01
3.080000000000000000e+02	3.080000000000000000e+05	4.292820484167113904e+01
3.090000000000000000e+02	3.090000000000000000e+05	4.305821547545046002e+01
3.100000000000000000e+02	3.100000000000000000e+05	4.321317308780692912e+01
3.110000000000000000e+02	3.110000000000000000e+05	4.338029294312932649e+01
3.120000000000000000e+02	3.120000000000000000e+05	4.356272179825021595e+01
3.130000000000000000e+02	3.130000000000000000e+05	4.381118475819003066e+01
3.140000000000000000e+02	3.140000000000000000e+05	4.384922799409876149e+01
3.150000000000000000e+02	3.150000000000000000e+05	4.391070804874346578e+01
3.160000000000000000e+02	3.160000000000000000e+05	4.401810896115008376e+01
3.170000000000000000e+02	3.170000000000000000e+05	4.422539333103034664e+01
3.180000000000000000e+02	3.180000000000000000e+05	4.437060945561108127e+01
3.190000000000000000e+02	3.190000000000000000e+05	4.435556108996461688e+01
3.200000000000000000e+02	3.200000000000000000e+05	4.432501128254639156e+01
3.210000000000000000e+02	3.210000000000000000e+05	4.442898783959175546e+01
3.220000000000000000e+02	3.220000000000000000e+05	4.433991435542906601e+01
3.230000000000000000e+02	3.230000000000000000e+05	4.422340281897698588e+01
3.240000000000000000e+02	3.240000000000000000e+05	4.434557487389787411e+01
3.250000000000000000e+02	3.250000000000000000e+05	4.448509690343117740e+01
3.260000000000000000e+02	3.260000000000000000e+05	4.454241070363866584e+01
3.270000000000000000e+02	3.270000000000000000e+05	4.465265779601576668e+01
3.280000000000000000e+02	3.280000000000000000e+05	4.477819253068255279e+01
3.290000000000000000e+02	3.290000000000000000e+05	4.464061878390434401e+01
3.300000000000000000e+02	3.300000000000000000e+05	4.476534206578167385e+01
3.310000000000000000e+02	3.310000000000000000e+05	4.488701271903621404e+01
3.320000000000000000e+02	3.320000000000000000e+05	4.495111653980097799e+01
3.330000000000000000e+02	3.330000000000000000e+05	4.500974156595957965e+01
3.340000000000000000e+02	3.340000000000000000e+05	4.495704535652096467e+01
3.350000000000000000e+02	3.350000000000000000e+05	4.487803601315468427e+01
3.360000000000000000e+02	3.360000000000000000e+05	4.493110731634590849e+01
3.370000000000000000e+02	3.370000000000000000e+05	4.495785382742447922e+01
3.380000000000000000e+02	3.380000000000000000e+05	4.493529741810781530e+01
3.390000000000000000e+02	3.390000000000000000e+05	4.479381640882471771e+01
3.400000000000000000e+02	3.400000000000000000e+05	4.485157132199722696e+01
3.410000000000000000e+02	3.410000000000000000e+05	4.500917565086482597e+01
3.420000000000000000e+02	3.420000000000000000e+05	4.493129396276108167e+01
3.430000000000000000e+02	3.430000000000000000e+05	4.499149831267214950e+01
3.440000000000000000e+02	3.440000000000000000e+05	4.508562672009304606e+01
3.450000000000000000e+02	3.450000000000000000e+05	4.508471937934270102e+01
3.460000000000000000e+02	3.460000000000000000e+05	4.528952358544928813e+01
3.470000000000000000e+02	3.470000000000000000e+05	4.523554200048607044e+01
3.480000000000000000e+02	3.480000000000000000e+05	4.529004990192070323e+01
3.490000000000000000e+02	3.490000000000000000e+05	4.539488874322331924e+01
3.500000000000000000e+02	3.500000000000000000e+05	4.541699698536846341e+01
3.510000000000000000e+02	3.510000000000000000e+05	4.538858920593853696e+01
3.520000000000000000e+02	3.520000000000000000e+05	4.531348991690505557e+01
3.530000000000000000e+02	3.530000000000000000e+05	4.535588594293866294e+01
3.540000000000000000e+02	3.540000000000000000e+05	4.534890616983669531e+01
3.550000000000000000e+02	3.550000000000000000e+05	4.557035993881245872e+01
3.560000000000000000e+02	3.560000000000000000e+05	4.553083719990500100e+01
3.570000000000000000e+02	3.570000000000000000e+05	4.556956157374472838e+01
3.580000000000000000e+02	3.580000000000000000e+05	4.558593576102543921e+01
3.590000000000000000e+02	3.590000000000000000e+05	4.549969717803319469e+01
3.600000000000000000e+02	3.600000000000000000e+05	4.571968499513150164e+01
3.610000000000000000e+02	3.610000000000000000e+05	4.583571466048056919e+01
3.620000000000000000e+02	3.620000000000000000e+05	4.576226635134307230e+01
3.630000000000000000e+02	3.630000000000000000e+05	4.585609540631666192e+01
3.640000000000000000e+02	3.640000000000000000e+05	4.593348987168883468e+01
3.650000000000000000e+02	3.650000000000000000e+05	4.632871224685557365e+01
3.660000000000000000e+02	3.660000000000000000e+05	4.633603852571744852e+01
3.670000000000000000e+02	3.670000000000000000e+05	4.643208868982433302e+01
3.680000000000000000e+02	3.680000000000000000e+05	4.638488231634658376e+01
3.690000000000000000e+02	3.690000000000000000e+05	4.649317426837896505e+01
3.700000000000000000e+02	3.700000000000000000e+05	4.647440277941735332e+01
3.710000000000000000e+02	3.710000000000000000e+05	4.648810850392955984e+01
3.720000000000000000e+02	3.720000000000000000e+05	4.647167652162286799e+01
3.730000000000000000e+02	3.730000000000000000e+05	4.664084493226408057e+01
3.740000000000000000e+02	3.740000000000000000e+05	4.667775832076550557e+01
3.750000000000000000e+02	3.750000000000000000e+05	4.666185970291841301e+01
3.760000000000000000e+02	3.760000000000000000e+05	4.674996087027751912e+01
3.770000000000000000e+02	3.770000000000000000e+05	4.673056182950757886e+01
3.780000000000000000e+02	3.780000000000000000e+05	4.661815440322959603e+01
3.790000000000000000e+02	3.790000000000000000e+05	4.659329386350238877e+01
3.800000000000000000e+02	3.800000000000000000e+05	4.676936416957194353e+01
3.810000000000000000e+02	3.810000000000000000e+05	4.694437589460293481e+01
3.820000000000000000e+02	3.820000000000000000e+05	4.700963597487915280e+01
3.830000000000000000e+02	3.830000000000000000e+05	4.724584440367618043e+01
3.840000000000000000e+02	3.840000000000000000e+05	4.713696125245019886e+01
3.850000000000000000e+02	3.850000000000000000e+05	4.715587275644693221e+01
3.860000000000000000e+02	3.860000000000000000e+05	4.732021173505494005e+01
3.870000000000000000e+02	3.870000000000000000e+05	4.741740620326852707e+01
3.880000000000000000e+02	3.880000000000000000e+05	4.745765599189144268e+01
3.890000000000000000e+02	3.890000000000000000e+05	4.758891484173766173e+01
3.900000000000000000e+02	3.900000000000000000e+05	4.758139884039152179e+01
3.910000000000000000e+02	3.910000000000000000e+05	4.760736132753105920e+01
3.920000000000000000e+02	3.920000000000000000e+05	4.750201945357066791e+01
3.930000000000000000e+02	3.930000000000000000e+05	4.743933711768799810e+01
3.940000000000000000e+02	3.940000000000000000e+05	4.732506495176554751e+01
3.950000000000000000e+02	3.950000000000000000e+05	4.733020949521526433e+01
3.960000000000000000e+02	3.960000000000000000e+05	4.735173876023894479e+01
3.970000000000000000e+02	3.970000000000000000e+05	4.744677574213997673e+01
3.980000000000000000e+02	3.980000000000000000e+05	4.755219956771332335e+01
3.990000000000000000e+02	3.990000000000000000e+05	4.751605811178881567e+01
4.000000000000000000e+02	4.000000000000000000e+05	4.760299533611674860e+01
4.010000000000000000e+02	4.010000000000000000e+05	4.766709766360107636e+01
4.020000000000000000e+02	4.020000000000000000e+05	4.781470236480208769e+01
4.030000000000000000e+02	4.030000000000000000e+05	4.768594028379918370e+01
4.040000000000000000e+02	4.040000000000000000e+05	4.774379576313285867e+01
4.050000000000000000e+02	4.050000000000000000e+05	4.769640641176360418e+01
4.060000000000000000e+02	4.060000000000000000e+05	4.766233298877183699e+01
4.070000000000000000e+02	4.070000000000000000e+05	4.754445433494046824e+01
4.080000000000000000e+02	4.080000000000000000e+05	4.754240483719521393e+01
4.090000000000000000e+02	4.090000000000000000e+05	4.773168920417189298e+01
4.100000000000000000e+02	4.100000000000000000e+05	4.777308684392168914e+01
4.110000000000000000e+02	4.110000000000000000e+05	4.774170589634690742e+01
4.120000000000000000e+02	4.120000000000000000e+05	4.761084298340999510e+01
4.130000000000000000e+02	4.130000000000000000e+05	4.753912652089788082e+01
4.140000000000000000e+02	4.140000000000000000e+05	4.742037532603288241e+01
4.150000000000000000e+02	4.150000000000000000e+05	4.752905407271133953e+01
4.160000000000000000e+02	4.160000000000000000e+05	4.779034885499731189e+01
4.170000000000000000e+02	4.170000000000000000e+05	4.782038503472692526e+01
4.180000000000000000e+02	4.180000000000000000e+05	4.777294072234333555e+01
4.190000000000000000e+02	4.190000000000000000e+05	4.792714709005278451e+01
4.200000000000000000e+02	4.200000000000000000e+05	4.799426817380523858e+01
4.210000000000000000e+02	4.210000000000000000e+05	4.808273417101865022e+01
4.220000000000000000e+02	4.220000000000000000e+05	4.808464905172747450e+01
4.230000000000000000e+02	4.230000000000000000e+05	4.796423140188132095e+01
4.240000000000000000e+02	4.240000000000000000e+05	4.817602567748825493e+01
4.250000000000000000e+02	4.250000000000000000e+05	4.824491247198420751e+01
4.260000000000000000e+02	4.260000000000000000e+05	4.821109431578741322e+01
4.270000000000000000e+02	4.270000000000000000e+05	4.834158572879516669e+01
4.280000000000000000e+02	4.280000000000000000e+05	4.825176167965690155e+01
4.290000000000000000e+02	4.290000000000000000e+05	4.831848016568506665e+01
4.300000000000000000e+02	4.300000000000000000e+05	4.830653686014348125e+01
4.310000000000000000e+02	4.310000000000000000e+05	4.845609043398569327e+01
4.320000000000000000e+02	4.320000000000000000e+05	4.848484331338260489e+01
4.330000000000000000e+02	4.330000000000000000e+05	4.859425102661939633e+01
4.340000000000000000e+02	4.340000000000000000e+05	4.868004818461614747e+01
4.350000000000000000e+02	4.350000000000000000e+05	4.874694039392376510e+01
4.360000000000000000e+02	4.360000000000000000e+05	4.876907760648774826e+01
4.370000000000000000e+02	4.370000000000000000e+05	4.878034995057603140e+01
4.380000000000000000e+02	4.380000000000000000e+05	4.876283008650441531e+01
4.390000000000000000e+02	4.390000000000000000e+05	4.870484444807264879e+01
4.400000000000000000e+02	4.400000000000000000e+05	4.878368298412948434e+01
4.410000000000000000e+02	4.410000000000000000e+05	4.873146151078069721e+01
4.420000000000000000e+02	4.420000000000000000e+05	4.875901931282876234e+01
4.430000000000000000e+02	4.430000000000000000e+05	4.878049108542910517e+01
4.440000000000000000e+02	4.440000000000000000e+05	4.875084026199576925e+01
4.450000000000000000e+02	4.450000000000000000e+05	4.853635836906618550e+01
4.460000000000000000e+02	4.460000000000000000e+05	4.864216207419872262e+01
4.470000000000000000e+02	4.470000000000000000e+05	4.867172626858272366e+01
4.480000000000000000e+02	4.480000000000000000e+05	4.874140967791965551e+01
4.490000000000000000e+02	4.490000000000000000e+05	4.868221259911526033e+01
4.500000000000000000e+02	4.500000000000000000e+05	4.867257412613331979e+01
4.510000000000000000e+02	4.510000000000000000e+05	4.873588144648107345e+01
4.520000000000000000e+02	4.520000000000000000e+05	4.881285865023415482e+01
4.530000000000000000e+02	4.530000000000000000e+05	4.871678612637941086e+01
4.540000000000000000e+02	4.540000000000000000e+05	4.893685941678447193e+01
4.550000000000000000e+02	4.550000000000000000e+05	4.901516457324915166e+01
4.560000000000000000e+02	4.560000000000000000e+05	4.911870296513949796e+01
4.570000000000000000e+02	4.570000000000000000e+05	4.917223862543522728e+01
4.580000000000000000e+02	4.580000000000000000e+05	4.920481223326829223e+01
4.590000000000000000e+02	4.590000000000000000e+05	4.937031167793593767e+01
4.600000000000000000e+02	4.600000000000000000e+05	4.934888892367028035e+01
4.610000000000000000e+02	4.610000000000000000e+05	4.925831888206194975e+01
4.620000000000000000e+02	4.620000000000000000e+05	4.925192930550475268e+01
4.630000000000000000e+02	4.630000000000000000e+05	4.937952578711625762e+01
4.640000000000000000e+02	4.640000000000000000e+05	4.943589529767334767e+01
4.650000000000000000e+02	4.650000000000000000e+05	4.949092456632640591e+01
4.660000000000000000e+02	4.660000000000000000e+05	4.957639812203749585e+01
4.670000000000000000e+02	4.670000000000000000e+05	4.962030012876413565e+01
4.680000000000000000e+02	4.680000000000000000e+05	4.953203980352183322e+01
4.690000000000000000e+02	4.690000000000000000e+05	4.953277330186374883e+01
4.700000000000000000e+02	4.700000000000000000e+05	4.968585920081037699e+01
4.710000000000000000e+02	4.710000000000000000e+05	4.975754018058674433e+01
4.720000000000000000e+02	4.720000000000000000e+05	4.984830642999843775e+01
4.730000000000000000e+02	4.730000000000000000e+05	4.991881652446888751e+01
4.740000000000000000e+02	4.740000000000000000e+05	5.002034890320810945e+01
4.750000000000000000e+02	4.750000000000000000e+05	5.014935549260468406e+01
4.760000000000000000e+02	4.760000000000000000e+05	5.010757345665378892e+01
4.770000000000000000e+02	4.770000000000000000e+05	5.027748651068591101e+01
4.780000000000000000e+02	4.780000000000000000e+05	5.024216822020084550e+01
4.790000000000000000e+02	4.790000000000000000e+05	5.034426900588431408e+01
4.800000000000000000e+02	4.800000000000000000e+05	5.040780387560536724e+01
4.810000000000000000e+02	4.810000000000000000e+05	5.040916317493038434e+01
4.820000000000000000e+02	4.820000000000000000e+05	5.032991994125903545e+01
4.830000000000000000e+02	4.830000000000000000e+05	5.021554606210331428e+01
4.840000000000000000e+02	4.840000000000000000e+05	5.040195194890714703e+01
4.850000000000000000e+02	4.850000000000000000e+05	5.035778473247746234e+01
4.860000000000000000e+02	4.860000000000000000e+05	5.044740798506514068e+01
4.870000000000000000e+02	4.870000000000000000e+05	5.058792361455444109e+01
4.880000000000000000e+02	4.880000000000000000e+05	5.068199590198215532e+01
4.890000000000000000e+02	4.890000000000000000e+05	5.077689833768702243e+01
4.900000000000000000e+02	4.900000000000000000e+05	5.084804525371752959e+01
4.910000000000000000e+02	4.910000000000000000e+05	5.072196722899924737e+01
4.920000000000000000e+02	4.920000000000000000e+05	5.072558841547581920e+01
4.930000000000000000e+02	4.930000000000000000e+05	5.068292395294126607e+01
4.940000000000000000e+02	4.940000000000000000e+05	5.076529522742811196e+01
4.950000000000000000e+02	4.950000000000000000e+05	5.068917029130534502e+01
4.960000000000000000e+02	4.960000000000000000e+05	5.067679184462866004e+01
4.970000000000000000e+02	4.970000000000000000e+05	5.083337732535861164e+01
4.980000000000000000e+02	4.980000000000000000e+05	5.079627763778503180e+01
4.990000000000000000e+02	4.990000000000000000e+05	5.090553151233540774e+01
5.000000000000000000e+02	5.000000000000000000e+05	5.089893854674115659e+01
5.010000000000000000e+02	5.010000000000000000e+05	5.091133374623214536e+01
5.020000000000000000e+02	5.020000000000000000e+05	5.089604453406335693e+01
5.030000000000000000e+02	5.030000000000000000e+05	5.093333454919127945e+01
5.040000000000000000e+02	5.040000000000000000e+05	5.100150605075817367e+01
5.050000000000000000e+02	5.050000000000000000e+05	5.105523568839898729e+01
5.060000000000000000e+02	5.060000000000000000e+05	5.121406416342526313e+01
5.070000000000000000e+02	5.070000000000000000e+05	5.121423083817421684e+01
5.080000000000000000e+02	5.080000000000000000e+05	5.128173803492201444e+01
5.090000000000000000e+02	5.090000000000000000e+05	5.136064733029317608e+01
5.100000000000000000e+02	5.100000000000000000e+05	5.125435990082586102e+01
5.110000000000000000e+02	5.110000000000000000e+05	5.130362796305428219e+01
5.120000000000000000e+02	5.120000000000000000e+05	5.146612111065199002e+01
5.130000000000000000e+02	5.130000000000000000e+05	5.142932290351429003e+01
5.140000000000000000e+02	5.140000000000000000e+05	5.152209077539564674e+01
5.150000000000000000e+02	5.150000000000000000e+05	5.156344056634857509e+01
5.160000000000000000e+02	5.160000000000000000e+05	5.158204891079743248e+01
5.170000000000000000e+02	5.170000000000000000e+05	5.151645253655293288e+01
5.180000000000000000e+02	5.180000000000000000e+05	5.151375303079432655e+01
5.190000000000000000e+02	5.190000000000000000e+05	5.148131843903686189e+01
5.200000000000000000e+02	5.200000000000000000e+05	5.166146173789176999e+01
5.210000000000000000e+02	5.210000000000000000e+05	5.166517945432808290e+01
5.220000000000000000e+02	5.220000000000000000e+05	5.167993110760131259e+01
5.230000000000000000e+02	5.230000000000000000e+05	5.171823810049576053e+01
5.240000000000000000e+02	5.240000000000000000e+05	5.180606528704824143e+01
5.250000000000000000e+02	5.250000000000000000e+05	5.187121447146716946e+01
5.260000000000000000e+02	5.260000000000000000e+05	5.186398356993225889e+01
5.270000000000000000e+02	5.270000000000000000e+05	5.190927053800645297e+01
5.280000000000000000e+02	5.280000000000000000e+05	5.209028877811832103e+01
5.290000000000000000e+02	5.290000000000000000e+05	5.200763674158105943e+01
5.300000000000000000e+02	5.300000000000000000e+05	5.201889820964471056e+01
5.310000000000000000e+02	5.310000000000000000e+05	5.199945279580288826e+01
5.320000000000000000e+02	5.320000000000000000e+05	5.205109707195517643e+01
5.330000000000000000e+02	5.330000000000000000e+05	5.205466145906288489e+01
5.340000000000000000e+02	5.340000000000000000e+05	5.212159844444097700e+01
5.350000000000000000e+02	5.350000000000000000e+05	5.222460627438407954e+01
5.360000000000000000e+02	5.360000000000000000e+05	5.216931555087109018e+01
5.370000000000000000e+02	5.370000000000000000e+05	5.210804408676303012e+01
5.380000000000000000e+02	5.380000000000000000e+05	5.208734465569659022e+01
5.390000000000000000e+02	5.390000000000000000e+05	5.206442530649194822e+01
5.400000000000000000e+02	5.400000000000000000e+05	5.192557953930602821e+01
5.410000000000000000e+02	5.410000000000000000e+05	5.204747880483392919e+01
5.420000000000000000e+02	5.420000000000000000e+05	5.224143658342005381e+01
5.430000000000000000e+02	5.430000000000000000e+05	5.240487695408651092e+01
5.440000000000000000e+02	5.440000000000000000e+05	5.227833553573524483e+01
5.450000000000000000e+02	5.450000000000000000e+05	5.216134753919290290e+01
5.460000000000000000e+02	5.460000000000000000e+05	5.227141642932284071e+01
5.470000000000000000e+02	5.470000000000000000e+05	5.237521159833309525e+01
5.480000000000000000e+02	5.480000000000000000e+05	5.238515273869749933e+01
5.490000000000000000e+02	5.490000000000000000e+05	5.235396495101792880e+01
5.500000000000000000e+02	5.500000000000000000e+05	5.247084113711839848e+01
5.510000000000000000e+02	5.510000000000000000e+05	5.245510403459757498e+01
5.520000000000000000e+02	5.520000000000000000e+05	5.247017620220842105e+01
5.530000000000000000e+02	5.530000000000000000e+05	5.245848310409818538e+01
5.540000000000000000e+02	5.540000000000000000e+05	5.251241523191251304e+01
5.550000000000000000e+02	5.550000000000000000e+05	5.258366435397499572e+01
5.560000000000000000e+02	5.560000000000000000e+05	5.261219581562585290e+01
5.570000000000000000e+02	5.570000000000000000e+05	5.280836338972567034e+01
5.580000000000000000e+02	5.580000000000000000e+05	5.284021996520065301e+01
5.590000000000000000e+02	5.590000000000000000e+05	5.281990439697884199e+01
5.600000000000000000e+02	5.600000000000000000e+05	5.289396336603857662e+01
5.610000000000000000e+02	5.610000000000000000e+05	5.309077970628582221e+01
5.620000000000000000e+02	5.620000000000000000e+05	5.325394911042678103e+01
5.630000000000000000e+02	5.630000000000000000e+05	5.333077252867381191e+01
5.640000000000000000e+02	5.640000000000000000e+05	5.336273854200943134e+01
5.650000000000000000e+02	5.650000000000000000e+05	5.346588182057902117e+01
5.660000000000000000e+02	5.660000000000000000e+05	5.354860205382053095e+01
5.670000000000000000e+02	5.670000000000000000e+05	5.361617268216487986e+01
5.680000000000000000e+02	5.680000000000000000e+05	5.370366121485808009e+01
5.690000000000000000e+02	5.690000000000000000e+05	5.385248658374406006e+01
5.700000000000000000e+02	5.700000000000000000e+05	5.389479695799706604e+01
5.710000000000000000e+02	5.710000000000000000e+05	5.394209795231710558e+01
5.720000000000000000e+02	5.720000000000000000e+05	5.404846356347732694e+01
5.730000000000000000e+02	5.730000000000000000e+05	5.418876282001504308e+01
5.740000000000000000e+02	5.740000000000000000e+05	5.433700000173490707e+01
5.750000000000000000e+02	5.750000000000000000e+05	5.445025980600002669e+01
5.760000000000000000e+02	5.760000000000000000e+05	5.442504591929074564e+01
5.770000000000000000e+02	5.770000000000000000e+05	5.428309695157768999e+01
5.780000000000000000e+02	5.780000000000000000e+05	5.429023385582341632e+01
5.790000000000000000e+02	5.790000000000000000e+05	5.441078211533478992e+01
5.800000000000000000e+02	5.800000000000000000e+05	5.451675263162457696e+01
5.810000000000000000e+02	5.810000000000000000e+05	5.461515478739276119e+01
5.820000000000000000e+02	5.820000000000000000e+05	5.467453979294329969e+01
5.830000000000000000e+02	5.830000000000000000e+05	5.464588718878383133e+01
5.840000000000000000e+02	5.840000000000000000e+05	5.477623346132245530e+01
5.850000000000000000e+02	5.850000000000000000e+05	5.495467794760809710e+01
5.860000000000000000e+02	5.860000000000000000e+05	5.477018713884988443e+01
5.870000000000000000e+02	5.870000000000000000e+05	5.487332730300651917e+01
5.880000000000000000e+02	5.880000000000000000e+05	5.494840299193626265e+01
5.890000000000000000e+02	5.890000000000000000e+05	5.494587783799704539e+01
5.900000000000000000e+02	5.900000000000000000e+05	5.499700642814069340e+01
5.910000000000000000e+02	5.910000000000000000e+05	5.500373315948294817e+01
5.920000000000000000e+02	5.920000000000000000e+05	5.504454634098238586e+01
5.930000000000000000e+02	5.930000000000000000e+05	5.501506149472356100e+01
5.940000000000000000e+02	5.940000000000000000e+05	5.512252537188933132e+01
5.950000000000000000e+02	5.950000000000000000e+05	5.514043749676240225e+01
5.960000000000000000e+02	5.960000000000000000e+05	5.516746816826462663e+01
5.970000000000000000e+02	5.970000000000000000e+05	5.507759977612960256e+01
5.980000000000000000e+02	5.980000000000000000e+05	5.518544724554096348e+01
5.990000000000000000e+02	5.990000000000000000e+05	5.530338864947974287e+01
6.000000000000000000e+02	6.000000000000000000e+05	5.528244333352932216e+01
6.010000000000000000e+02	6.010000000000000000e+05	5.520981109023802702e+01
6.020000000000000000e+02	6.020000000000000000e+05	5.516445275868027665e+01
6.030000000000000000e+02	6.030000000000000000e+05	5.505333465514404168e+01
6.040000000000000000e+02	6.040000000000000000e+05	5.510557450906424037e+01
6.050000000000000000e+02	6.050000000000000000e+05	5.511111800965042562e+01
6.060000000000000000e+02	6.060000000000000000e+05	5.506989072323607814e+01
6.070000000000000000e+02	6.070000000000000000e+05	5.508399000356028807e+01
6.080000000000000000e+02	6.080000000000000000e+05	5.512948617771610316e+01
6.090000000000000000e+02	6.090000000000000000e+05	5.515705575110376202e+01
6.100000000000000000e+02	6.100000000000000000e+05	5.510787182404128259e+01
6.110000000000000000e+02	6.110000000000000000e+05	5.502405808965673373e+01
6.120000000000000000e+02	6.120000000000000000e+05	5.520739381515470257e+01
6.130000000000000000e+02	6.130000000000000000e+05	5.531444040999571854e+01
6.140000000000000000e+02	6.140000000000000000e+05	5.530598347367021006e+01
6.150000000000000000e+02	6.150000000000000000e+05	5.540287999020532794e+01
6.160000000000000000e+02	6.160000000000000000e+05	5.557562909826481956e+01
6.170000000000000000e+02	6.170000000000000000e+05	5.580159008391693476e+01
6.180000000000000000e+02	6.180000000000000000e+05	5.574633521521695911e+01
6.190000000000000000e+02	6.190000000000000000e+05	5.595180369639280116e+01
6.200000000000000000e+02	6.200000000000000000e+05	5.594415787405385032e+01
6.210000000000000000e+02	6.210000000000000000e+05	5.587639121784863505e+01
6.220000000000000000e+02	6.220000000000000000e+05	5.578976509974577169e+01
6.230000000000000000e+02	6.230000000000000000e+05	5.575801120938406541e+01
6.240000000000000000e+02	6.240000000000000000e+05	5.584259133667449504e+01
6.250000000000000000e+02	6.250000000000000000e+05	5.592645715681185692e+01
6.260000000000000000e+02	6.260000000000000000e+05	5.588048047636673488e+01
6.270000000000000000e+02	6.270000000000000000e+05	5.598961602465215748e+01
6.280000000000000000e+02	6.280000000000000000e+05	5.605047243958539838e+01
6.290000000000000000e+02	6.290000000000000000e+05	5.623945176356249220e+01
6.300000000000000000e+02	6.300000000000000000e+05	5.618293787567640152e+01
6.310000000000000000e+02	6.310000000000000000e+05	5.609072252829911065e+01
6.320000000000000000e+02	6.320000000000000000e+05	5.612943365498372117e+01
6.330000000000000000e+02	6.330000000000000000e+05	5.601608540182508733e+01
6.340000000000000000e+02	6.340000000000000000e+05	5.600617793748246953e+01
6.350000000000000000e+02	6.350000000000000000e+05	5.601901781833995386e+01
6.360000000000000000e+02	6.360000000000000000e+05	5.607329415100517167e+01
6.370000000000000000e+02	6.370000000000000000e+05	5.607494321124557501e+01
6.380000000000000000e+02	6.380000000000000000e+05	5.607948822905467523e+01
6.390000000000000000e+02	6.390000000000000000e+05	5.605823343108330903e+01
6.400000000000000000e+02	6.400000000000000000e+05	5.616106405678097957e+01
6.410000000000000000e+02	6.410000000000000000e+05	5.619683952822840922e+01
6.420000000000000000e+02	6.420000000000000000e+05	5.629746456021952383e+01
6.430000000000000000e+02	6.430000000000000000e+05	5.622919471434189376e+01
6.440000000000000000e+02	6.440000000000000000e+05	5.619667992406421320e+01
6.450000000000000000e+02	6.450000000000000000e+05	5.638531547671778554e+01
6.460000000000000000e+02	6.460000000000000000e+05	5.651125670581285476e+01
6.470000000000000000e+02	6.470000000000000000e+05	5.648984929039797720e+01
6.480000000000000000e+02	6.480000000000000000e+05	5.662510346396658178e+01
6.490000000000000000e+02	6.490000000000000000e+05	5.670121679169326256e+01
6.500000000000000000e+02	6.500000000000000000e+05	5.674309719226624082e+01
6.510000000000000000e+02	6.510000000000000000e+05	5.673009985740831951e+01
6.520000000000000000e+02	6.520000000000000000e+05	5.677630340176529700e+01
6.530000000000000000e+02	6.530000000000000000e+05	5.679916758046834246e+01
6.540000000000000000e+02	6.540000000000000000e+05	5.695768226938488965e+01
6.550000000000000000e+02	6.550000000000000000e+05	5.715019536789274923e+01
6.560000000000000000e+02	6.560000000000000000e+05	5.703179581816387866e+01
6.570000000000000000e+02	6.570000000000000000e+05	5.703835820082238683e+01
6.580000000000000000e+02	6.580000000000000000e+05	5.694126642193108978e+01
6.590000000000000000e+02	6.590000000000000000e+05	5.715896111408496694e+01
6.600000000000000000e+02	6.600000000000000000e+05	5.729355350765261790e+01
6.610000000000000000e+02	6.610000000000000000e+05	5.738765915697558739e+01
6.620000000000000000e+02	6.620000000000000000e+05	5.753278846369507704e+01
6.630000000000000000e+02	6.630000000000000000e+05	5.750218428509627699e+01
6.640000000000000000e+02	6.640000000000000000e+05	5.775258769282952898e+01
6.650000000000000000e+02	6.650000000000000000e+05	5.791975460734123260e+01
6.660000000000000000e+02	6.660000000000000000e+05	5.798538589872052285e+01
6.670000000000000000e+02	6.670000000000000000e+05	5.826541765536546080e+01
6.680000000000000000e+02	6.680000000000000000e+05	5.838755500385995845e+01
6.690000000000000000e+02	6.690000000000000000e+05	5.827951854671789533e+01
6.700000000000000000e+02	6.700000000000000000e+05	5.826401664251936552e+01
6.710000000000000000e+02	6.710000000000000000e+05	5.836842457562605802e+01
6.720000000000000000e+02	6.720000000000000000e+05	5.838882375266655345e+01
6.730000000000000000e+02	6.730000000000000000e+05	5.835065351981359782e+01
6.740000000000000000e+02	6.740000000000000000e+05	5.831360587324724065e+01
6.750000000000000000e+02	6.750000000000000000e+05	5.835848032517931472e+01
6.760000000000000000e+02	6.760000000000000000e+05	5.845447664934641807e+01
6.770000000000000000e+02	6.770000000000000000e+05	5.840679461357294144e+01
6.780000000000000000e+02	6.780000000000000000e+05	5.837487066745978126e+01
6.790000000000000000e+02	6.790000000000000000e+05	5.828186137872575756e+01
6.800000000000000000e+02	6.800000000000000000e+05	5.836423465282604894e+01
6.810000000000000000e+02	6.810000000000000000e+05	5.841782524098189100e+01
6.820000000000000000e+02	6.820000000000000000e+05	5.850402542130269978e+01
6.830000000000000000e+02	6.830000000000000000e+05	5.850996198403449711e+01
6.840000000000000000e+02	6.840000000000000000e+05	5.862140608530526720e+01
6.850000000000000000e+02	6.850000000000000000e+05	5.859195189091397538e+01
6.860000000000000000e+02	6.860000000000000000e+05	5.875937114018234553e+01
6.870000000000000000e+02	6.870000000000000000e+05	5.878942208156394855e+01
6.880000000000000000e+02	6.880000000000000000e+05	5.889485459203574891e+01
6.890000000000000000e+02	6.890000000000000000e+05	5.893445697079867784e+01
6.900000000000000000e+02	6.900000000000000000e+05	5.905971869162426202e+01
6.910000000000000000e+02	6.910000000000000000e+05	5.902678339601488489e+01
6.920000000000000000e+02	6.920000000000000000e+05	5.904689031187675852e+01
6.930000000000000000e+02	6.930000000000000000e+05	5.900810874197168943e+01
6.940000000000000000e+02	6.940000000000000000e+05	5.920201576635420082e+01
6.950000000000000000e+02	6.950000000000000000e+05	5.931879496462480006e+01
6.960000000000000000e+02	6.960000000000000000e+05	5.914103967361294423e+01
6.970000000000000000e+02	6.970000000000000000e+05	5.912613624611239516e+01
6.980000000000000000e+02	6.980000000000000000e+05	5.931260175725086725e+01
6.990000000000000000e+02	6.990000000000000000e+05	5.924505496620041356e+01
7.000000000000000000e+02	7.000000000000000000e+05	5.946223864373147450e+01
7.010000000000000000e+02	7.010000000000000000e+05	5.937423627401958726e+01
7.020000000000000000e+02	7.020000000000000000e+05	5.954448766448121688e+01
7.030000000000000000e+02	7.030000000000000000e+05	5.975863549534290797e+01
7.040000000000000000e+02	7.040000000000000000e+05	6.002353747877722867e+01
7.050000000000000000e+02	7.050000000000000000e+05	5.996239323604974203e+01
7.060000000000000000e+02	7.060000000000000000e+05	6.005660947205020506e+01
7.070000000000000000e+02	7.070000000000000000e+05	6.001689850463421294e+01
7.080000000000000000e+02	7.080000000000000000e+05	5.995434108349937929e+01
7.090000000000000000e+02	7.090000000000000000e+05	6.013501167351788723e+01
7.100000000000000000e+02	7.100000000000000000e+05	6.021909487888657253e+01
7.110000000000000000e+02	7.110000000000000000e+05	6.008436624859032804e+01
7.120000000000000000e+02	7.120000000000000000e+05	5.999371193104013145e+01
7.130000000000000000e+02	7.130000000000000000e+05	6.024106229586956829e+01
7.140000000000000000e+02	7.140000000000000000e+05	6.021419327264533905e+01
7.150000000000000000e+02	7.150000000000000000e+05	6.027968664404529875e+01
7.160000000000000000e+02	7.160000000000000000e+05	6.024879784635903945e+01
7.170000000000000000e+02	7.170000000000000000e+05	6.027858039514737953e+01
7.180000000000000000e+02	7.180000000000000000e+05	6.034240477158159166e+01
7.190000000000000000e+02	7.190000000000000000e+05	6.053060662563913041e+01
7.200000000000000000e+02	7.200000000000000000e+05	6.071074364384907085e+01
7.210000000000000000e+02	7.210000000000000000e+05	6.086911547118731391e+01
7.220000000000000000e+02	7.220000000000000000e+05	6.104338182553960479e+01
7.230000000000000000e+02	7.230000000000000000e+05	6.100723748575754968e+01
7.240000000000000000e+02	7.240000000000000000e+05	6.087110322339310642e+01
7.250000000000000000e+02	7.250000000000000000e+05	6.103673056019472654e+01
7.260000000000000000e+02	7.260000000000000000e+05	6.118730763170989206e+01
7.270000000000000000e+02	7.270000000000000000e+05	6.125095757431877530e+01
7.280000000000000000e+02	7.280000000000000000e+05	6.128700174467284967e+01
7.290000000000000000e+02	7.290000000000000000e+05	6.139637246914765711e+01
7.300000000000000000e+02	7.300000000000000000e+05	6.148886445275615387e+01
7.310000000000000000e+02	7.310000000000000000e+05	6.160568637463839536e+01
7.320000000000000000e+02	7.320000000000000000e+05	6.181606819565943312e+01
7.330000000000000000e+02	7.330000000000000000e+05	6.176009092523215571e+01
7.340000000000000000e+02	7.340000000000000000e+05	6.187535995154191681e+01
7.350000000000000000e+02	7.350000000000000000e+05	6.179482315287106076e+01
7.360000000000000000e+02	7.360000000000000000e+05	6.180885954187389331e+01
7.370000000000000000e+02	7.370000000000000000e+05	6.172615836119487653e+01
7.380000000000000000e+02	7.380000000000000000e+05	6.175768532852448089e+01
7.390000000000000000e+02	7.390000000000000000e+05	6.182803648749784742e+01
7.400000000000000000e+02	7.400000000000000000e+05	6.190595098012665431e+01
7.410000000000000000e+02	7.410000000000000000e+05	6.211231719851789279e+01
7.420000000000000000e+02	7.420000000000000000e+05	6.224232452579052932e+01
7.430000000000000000e+02	7.430000000000000000e+05	6.226493553871133457e+01
7.440000000000000000e+02	7.440000000000000000e+05	6.250154399429701613e+01
7.450000000000000000e+02	7.450000000000000000e+05	6.235644940120550217e+01
7.460000000000000000e+02	7.460000000000000000e+05	6.246764571289297407e+01
7.470000000000000000e+02	7.470000000000000000e+05	6.245502651116304094e+01
7.480000000000000000e+02	7.480000000000000000e+05	6.246624704195566835e+01
7.490000000000000000e+02	7.490000000000000000e+05	6.248413402467441813e+01
7.500000000000000000e+02	7.500000000000000000e+05	6.259833197839068930e+01
7.510000000000000000e+02	7.510000000000000000e+05	6.259835619388402250e+01
7.520000000000000000e+02	7.520000000000000000e+05	6.281488294941839712e+01
7.530000000000000000e+02	7.530000000000000000e+05	6.274504586293181063e+01
7.540000000000000000e+02	7.540000000000000000e+05	6.279010937792290292e+01
7.550000000000000000e+02	7.550000000000000000e+05	6.276702394897909443e+01
7.560000000000000000e+02	7.560000000000000000e+05	6.285289950158833960e+01
7.570000000000000000e+02	7.570000000000000000e+05	6.288976461611279234e+01
7.580000000000000000e+02	7.580000000000000000e+05	6.308909061700498455e+01
7.590000000000000000e+02	7.590000000000000000e+05	6.314334687219327691e+01
7.600000000000000000e+02	7.600000000000000000e+05	6.324615402085389348e+01
7.610000000000000000e+02	7.610000000000000000e+05	6.328530369025496327e+01
7.620000000000000000e+02	7.620000000000000000e+05	6.321874113112181703e+01
7.630000000000000000e+02	7.630000000000000000e+05	6.318101004019781186e+01
7.640000000000000000e+02	7.640000000000000000e+05	6.332079786653159204e+01
7.650000000000000000e+02	7.650000000000000000e+05	6.338346765877015798e+01
7.660000000000000000e+02	7.660000000000000000e+05	6.360327081991750475e+01
7.670000000000000000e+02	7.670000000000000000e+05	6.369722477310130415e+01
7.680000000000000000e+02	7.680000000000000000e+05	6.372574957519441341e+01
7.690000000000000000e+02	7.690000000000000000e+05	6.374843762038507577e+01
7.700000000000000000e+02	7.700000000000000000e+05	6.370982199905682108e+01
7.710000000000000000e+02	7.710000000000000000e+05	6.369768945545109062e+01
7.720000000000000000e+02	7.720000000000000000e+05	6.382771531791517106e+01
7.730000000000000000e+02	7.730000000000000000e+05	6.377218941690391318e+01
7.740000000000000000e+02	7.740000000000000000e+05	6.377993109580511089e+01
7.750000000000000000e+02	7.750000000000000000e+05	6.389759244790581505e+01
7.760000000000000000e+02	7.760000000000000000e+05	6.376147175013801416e+01
7.770000000000000000e+02	7.770000000000000000e+05	6.393308673133165598e+01
7.780000000000000000e+02	7.780000000000000000e+05	6.414123370783863720e+01
7.790000000000000000e+02	7.790000000000000000e+05	6.405532596308175641e+01
7.800000000000000000e+02	7.800000000000000000e+05	6.427226897626661639e+01
7.810000000000000000e+02	7.810000000000000000e+05	6.443045886608828710e+01
7.820000000000000000e+02	7.820000000000000000e+05	6.447439853076591021e+01
7.830000000000000000e+02	7.830000000000000000e+05	6.460403322240793500e+01
7.840000000000000000e+02	7.840000000000000000e+05	6.468901671173949808e+01
7.850000000000000000e+02	7.850000000000000000e+05	6.481514394969534010e+01
7.860000000000000000e+02	7.860000000000000000e+05	6.484477069655622472e+01
7.870000000000000000e+02	7.870000000000000000e+05	6.496299361667124117e+01
7.880000000000000000e+02	7.880000000000000000e+05	6.522738759494431804e+01
7.890000000000000000e+02	7.890000000000000000e+05	6.529395629283339986e+01
7.900000000000000000e+02	7.900000000000000000e+05	6.540421050454736474e+01
7.910000000000000000e+02	7.910000000000000000e+05	6.548192545650442753e+01
7.920000000000000000e+02	7.920000000000000000e+05	6.561973089447755569e+01
7.930000000000000000e+02	7.930000000000000000e+05	6.568009830014597128e+01
