0.000000000000000000e+00	0.000000000000000000e+00	4.980733333582206527e-06
1.000000000000000000e+00	1.000000000000000000e+03	1.692960334531941946e+00
2.000000000000000000e+00	2.000000000000000000e+03	2.428058708052338588e+00
3.000000000000000000e+00	3.000000000000000000e+03	3.205574544165486373e+00
4.000000000000000000e+00	4.000000000000000000e+03	3.880152326893875792e+00
5.000000000000000000e+00	5.000000000000000000e+03	4.570476477029580487e+00
6.000000000000000000e+00	6.000000000000000000e+03	5.190325933728042962e+00
7.000000000000000000e+00	7.000000000000000000e+03	5.629715166808945348e+00
8.000000000000000000e+00	8.000000000000000000e+03	6.113350755766229661e+00
9.000000000000000000e+00	9.000000000000000000e+03	6.806405507758880979e+00
1.000000000000000000e+01	1.000000000000000000e+04	7.316514335660977864e+00
1.100000000000000000e+01	1.100000000000000000e+04	7.465030287481348559e+00
1.200000000000000000e+01	1.200000000000000000e+04	7.733933362864362948e+00
1.300000000000000000e+01	1.300000000000000000e+04	8.202255542021848811e+00
1.400000000000000000e+01	1.400000000000000000e+04	8.809691321045969303e+00
1.500000000000000000e+01	1.500000000000000000e+04	9.215400322852888237e+00
1.600000000000000000e+01	1.600000000000000000e+04	9.625413458757771323e+00
1.700000000000000000e+01	1.700000000000000000e+04	1.001900155435065187e+01
1.800000000000000000e+01	1.800000000000000000e+04	1.035617695415489514e+01
1.900000000000000000e+01	1.900000000000000000e+04	1.086087055439181270e+01
2.000000000000000000e+01	2.000000000000000000e+04	1.124204706503534723e+01
2.100000000000000000e+01	2.100000000000000000e+04	1.179463057277814109e+01
2.200000000000000000e+01	2.200000000000000000e+04	1.218623000684727486e+01
2.300000000000000000e+01	2.300000000000000000e+04	1.268061068261983237e+01
2.400000000000000000e+01	2.400000000000000000e+04	1.304838210995548309e+01
2.500000000000000000e+01	2.500000000000000000e+04	1.341175412833653269e+01
2.600000000000000000e+01	2.600000000000000000e+04	1.375972255282072609e+01
2.700000000000000000e+01	2.700000000000000000e+04	1.383832128466432820e+01
2.800000000000000000e+01	2.800000000000000000e+04	1.402201092015275030e+01
2.900000000000000000e+01	2.900000000000000000e+04	1.431582682684705077e+01
3.000000000000000000e+01	3.000000000000000000e+04	1.452036868208497289e+01
3.100000000000000000e+01	3.100000000000000000e+04	1.474587162643967453e+01
3.200000000000000000e+01	3.200000000000000000e+04	1.479699903098650893e+01
3.300000000000000000e+01	3.300000000000000000e+04	1.490888226639592062e+01
3.400000000000000000e+01	3.400000000000000000e+04	1.496124192914557938e+01
3.500000000000000000e+01	3.500000000000000000e+04	1.532034769299024113e+01
3.600000000000000000e+01	3.600000000000000000e+04	1.549351255908612224e+01
3.700000000000000000e+01	3.700000000000000000e+04	1.575809365029513209e+01
3.800000000000000000e+01	3.800000000000000000e+04	1.605946583452541176e+01
3.900000000000000000e+01	3.900000000000000000e+04	1.634700716800343301e+01
4.000000000000000000e+01	4.000000000000000000e+04	1.672692719136030348e+01
4.100000000000000000e+01	4.100000000000000000e+04	1.694269844776386691e+01
4.200000000000000000e+01	4.200000000000000000e+04	1.727274122332446638e+01
4.300000000000000000e+01	4.300000000000000000e+04	1.749140432026780090e+01
4.400000000000000000e+01	4.400000000000000000e+04	1.762104027976460330e+01
4.500000000000000000e+01	4.500000000000000000e+04	1.777962273684049421e+01
4.600000000000000000e+01	4.600000000000000000e+04	1.775963627482748919e+01
4.700000000000000000e+01	4.700000000000000000e+04	1.783798668491108685e+01
4.800000000000000000e+01	4.800000000000000000e+04	1.817593806790608824e+01
4.900000000000000000e+01	4.900000000000000000e+04	1.845249960471270967e+01
5.000000000000000000e+01	5.000000000000000000e+04	1.849240058440084766e+01
5.100000000000000000e+01	5.100000000000000000e+04	1.874843319217454862e+01
5.200000000000000000e+01	5.200000000000000000e+04	1.901058657173117084e+01
5.300000000000000000e+01	5.300000000000000000e+04	1.919836014986933748e+01
5.400000000000000000e+01	5.400000000000000000e+04	1.945876030299038817e+01
5.500000000000000000e+01	5.500000000000000000e+04	1.955868378671074481e+01
5.600000000000000000e+01	5.600000000000000000e+04	1.991604383429601555e+01
5.700000000000000000e+01	5.700000000000000000e+04	1.992864943719235882e+01
5.800000000000000000e+01	5.800000000000000000e+04	1.993661452528662892e+01
5.900000000000000000e+01	5.900000000000000000e+04	2.026406481403174098e+01
6.000000000000000000e+01	6.000000000000000000e+04	2.044757256930758160e+01
6.100000000000000000e+01	6.100000000000000000e+04	2.065169666788201397e+01
6.200000000000000000e+01	6.200000000000000000e+04	2.085397639237559630e+01
6.300000000000000000e+01	6.300000000000000000e+04	2.123331068155499679e+01
6.400000000000000000e+01	6.400000000000000000e+04	2.161890322455363034e+01
6.500000000000000000e+01	6.500000000000000000e+04	2.175744907064652978e+01
6.600000000000000000e+01	6.600000000000000000e+04	2.183773483107707847e+01
6.700000000000000000e+01	6.700000000000000000e+04	2.198960304977339675e+01
6.800000000000000000e+01	6.800000000000000000e+04	2.204985310264212828e+01
6.900000000000000000e+01	6.900000000000000000e+04	2.225888227671624264e+01
7.000000000000000000e+01	7.000000000000000000e+04	2.262744147141093620e+01
7.100000000000000000e+01	7.100000000000000000e+04	2.289827081017959998e+01
7.200000000000000000e+01	7.200000000000000000e+04	2.319203123190881399e+01
7.300000000000000000e+01	7.300000000000000000e+04	2.357172232161524406e+01
7.400000000000000000e+01	7.400000000000000000e+04	2.387049843548723516e+01
7.500000000000000000e+01	7.500000000000000000e+04	2.388528957530052921e+01
7.600000000000000000e+01	7.600000000000000000e+04	2.402478102530970006e+01
7.700000000000000000e+01	7.700000000000000000e+04	2.413084009342766123e+01
7.800000000000000000e+01	7.800000000000000000e+04	2.429463549940035350e+01
7.900000000000000000e+01	7.900000000000000000e+04	2.453566936855132141e+01
8.000000000000000000e+01	8.000000000000000000e+04	2.463374903029789564e+01
8.100000000000000000e+01	8.100000000000000000e+04	2.485807859741156634e+01
8.200000000000000000e+01	8.200000000000000000e+04	2.510725656438425446e+01
8.300000000000000000e+01	8.300000000000000000e+04	2.532200548304491150e+01
8.400000000000000000e+01	8.400000000000000000e+04	2.570494426468732740e+01
8.500000000000000000e+01	8.500000000000000000e+04	2.593959986835098519e+01
8.600000000000000000e+01	8.600000000000000000e+04	2.602557120011241309e+01
8.700000000000000000e+01	8.700000000000000000e+04	2.604835785453736818e+01
8.800000000000000000e+01	8.800000000000000000e+04	2.625448477621702636e+01
8.900000000000000000e+01	8.900000000000000000e+04	2.646923783200721303e+01
9.000000000000000000e+01	9.000000000000000000e+04	2.687063413271682677e+01
9.100000000000000000e+01	9.100000000000000000e+04	2.710531842103232236e+01
9.200000000000000000e+01	9.200000000000000000e+04	2.702880357423030944e+01
9.300000000000000000e+01	9.300000000000000000e+04	2.716834017339061091e+01
9.400000000000000000e+01	9.400000000000000000e+04	2.716825221260348755e+01
9.500000000000000000e+01	9.500000000000000000e+04	2.732571924476918568e+01
9.600000000000000000e+01	9.600000000000000000e+04	2.733907813891869409e+01
9.700000000000000000e+01	9.700000000000000000e+04	2.752058172758528443e+01
9.800000000000000000e+01	9.800000000000000000e+04	2.783540057892711417e+01
9.900000000000000000e+01	9.900000000000000000e+04	2.817520144937369864e+01
1.000000000000000000e+02	1.000000000000000000e+05	2.844193912876676222e+01
1.010000000000000000e+02	1.010000000000000000e+05	2.844592212635319228e+01
1.020000000000000000e+02	1.020000000000000000e+05	2.862367782804400562e+01
1.030000000000000000e+02	1.030000000000000000e+05	2.876288518734385136e+01
1.040000000000000000e+02	1.040000000000000000e+05	2.892529912091771038e+01
1.050000000000000000e+02	1.050000000000000000e+05	2.907733277394314086e+01
1.060000000000000000e+02	1.060000000000000000e+05	2.921700487075838737e+01
1.070000000000000000e+02	1.070000000000000000e+05	2.945998641236298354e+01
1.080000000000000000e+02	1.080000000000000000e+05	2.970112344194445342e+01
1.090000000000000000e+02	1.090000000000000000e+05	2.989286350969981854e+01
1.100000000000000000e+02	1.100000000000000000e+05	3.006507658817530881e+01
1.110000000000000000e+02	1.110000000000000000e+05	3.046440742795654089e+01
1.120000000000000000e+02	1.120000000000000000e+05	3.071506541975757898e+01
1.130000000000000000e+02	1.130000000000000000e+05	3.101790394767806447e+01
1.140000000000000000e+02	1.140000000000000000e+05	3.091258848451286312e+01
1.150000000000000000e+02	1.150000000000000000e+05	3.099441419370657513e+01
1.160000000000000000e+02	1.160000000000000000e+05	3.101818889555166692e+01
1.170000000000000000e+02	1.170000000000000000e+05	3.150154620775839831e+01
1.180000000000000000e+02	1.180000000000000000e+05	3.188590721942481920e+01
1.190000000000000000e+02	1.190000000000000000e+05	3.204280649559103722e+01
1.200000000000000000e+02	1.200000000000000000e+05	3.229958485751844677e+01
1.210000000000000000e+02	1.210000000000000000e+05	3.248083061854327980e+01
1.220000000000000000e+02	1.220000000000000000e+05	3.255514828436165686e+01
1.230000000000000000e+02	1.230000000000000000e+05	3.267148468060153021e+01
1.240000000000000000e+02	1.240000000000000000e+05	3.292451599208636992e+01
1.250000000000000000e+02	1.250000000000000000e+05	3.303206249968589958e+01
1.260000000000000000e+02	1.260000000000000000e+05	3.320517787724015335e+01
1.270000000000000000e+02	1.270000000000000000e+05	3.350231529275523457e+01
1.280000000000000000e+02	1.280000000000000000e+05	3.353423344975983866e+01
1.290000000000000000e+02	1.290000000000000000e+05	3.356682821858041876e+01
1.300000000000000000e+02	1.300000000000000000e+05	3.360141419112215999e+01
1.310000000000000000e+02	1.310000000000000000e+05	3.396408152608017161e+01
1.320000000000000000e+02	1.320000000000000000e+05	3.408717368571364403e+01
1.330000000000000000e+02	1.330000000000000000e+05	3.416400419566726043e+01
1.340000000000000000e+02	1.340000000000000000e+05	3.423927964253662992e+01
1.350000000000000000e+02	1.350000000000000000e+05	3.443449636210654319e+01
1.360000000000000000e+02	1.360000000000000000e+05	3.450789708656957799e+01
1.370000000000000000e+02	1.370000000000000000e+05	3.464750878178876548e+01
1.380000000000000000e+02	1.380000000000000000e+05	3.494032537220019918e+01
1.390000000000000000e+02	1.390000000000000000e+05	3.515579101323825739e+01
1.400000000000000000e+02	1.400000000000000000e+05	3.569421978695159936e+01
1.410000000000000000e+02	1.410000000000000000e+05	3.588906690129910970e+01
1.420000000000000000e+02	1.420000000000000000e+05	3.602759640392848439e+01
1.430000000000000000e+02	1.430000000000000000e+05	3.647741014068168397e+01
1.440000000000000000e+02	1.440000000000000000e+05	3.663956526554600401e+01
1.450000000000000000e+02	1.450000000000000000e+05	3.679464642979564104e+01
1.460000000000000000e+02	1.460000000000000000e+05	3.687168732798965465e+01
1.470000000000000000e+02	1.470000000000000000e+05	3.725170467248160833e+01
1.480000000000000000e+02	1.480000000000000000e+05	3.731132128462021313e+01
1.490000000000000000e+02	1.490000000000000000e+05	3.752216374838386059e+01
1.500000000000000000e+02	1.500000000000000000e+05	3.781790226569653868e+01
1.510000000000000000e+02	1.510000000000000000e+05	3.793953787591075155e+01
1.520000000000000000e+02	1.520000000000000000e+05	3.819530845494792004e+01
1.530000000000000000e+02	1.530000000000000000e+05	3.836586820322855829e+01
1.540000000000000000e+02	1.540000000000000000e+05	3.853573790616242434e+01
1.550000000000000000e+02	1.550000000000000000e+05	3.886861250508087551e+01
1.560000000000000000e+02	1.560000000000000000e+05	3.897261319134695867e+01
1.570000000000000000e+02	1.570000000000000000e+05	3.920916248703909446e+01
1.580000000000000000e+02	1.580000000000000000e+05	3.952997791407112516e+01
1.590000000000000000e+02	1.590000000000000000e+05	3.974814674611138798e+01
1.600000000000000000e+02	1.600000000000000000e+05	3.991675422924745220e+01
1.610000000000000000e+02	1.610000000000000000e+05	4.002514813027352147e+01
1.620000000000000000e+02	1.620000000000000000e+05	4.013781305470703131e+01
1.630000000000000000e+02	1.630000000000000000e+05	4.034704347334989905e+01
1.640000000000000000e+02	1.640000000000000000e+05	4.061159828095877344e+01
1.650000000000000000e+02	1.650000000000000000e+05	4.078353257367233908e+01
1.660000000000000000e+02	1.660000000000000000e+05	4.091937347821419735e+01
1.670000000000000000e+02	1.670000000000000000e+05	4.111698843104484524e+01
1.680000000000000000e+02	1.680000000000000000e+05	4.130586238437935265e+01
1.690000000000000000e+02	1.690000000000000000e+05	4.149545417586921303e+01
1.700000000000000000e+02	1.700000000000000000e+05	4.177497398001116835e+01
1.710000000000000000e+02	1.710000000000000000e+05	4.175679725441694501e+01
1.720000000000000000e+02	1.720000000000000000e+05	4.174661747636500309e+01
1.730000000000000000e+02	1.730000000000000000e+05	4.197459293285432125e+01
1.740000000000000000e+02	1.740000000000000000e+05	4.222228484426835138e+01
1.750000000000000000e+02	1.750000000000000000e+05	4.224741143891473882e+01
1.760000000000000000e+02	1.760000000000000000e+05	4.232028833966258219e+01
1.770000000000000000e+02	1.770000000000000000e+05	4.259840934398879142e+01
1.780000000000000000e+02	1.780000000000000000e+05	4.276495429992930752e+01
1.790000000000000000e+02	1.790000000000000000e+05	4.299295283625951924e+01
1.800000000000000000e+02	1.800000000000000000e+05	4.325090302495231498e+01
1.810000000000000000e+02	1.810000000000000000e+05	4.356150301267903302e+01
1.820000000000000000e+02	1.820000000000000000e+05	4.387726701858733236e+01
1.830000000000000000e+02	1.830000000000000000e+05	4.396661936183929242e+01
1.840000000000000000e+02	1.840000000000000000e+05	4.424642122673719058e+01
1.850000000000000000e+02	1.850000000000000000e+05	4.437968737821312715e+01
1.860000000000000000e+02	1.860000000000000000e+05	4.449351007212428044e+01
1.870000000000000000e+02	1.870000000000000000e+05	4.474101670404112951e+01
1.880000000000000000e+02	1.880000000000000000e+05	4.498482702472806238e+01
1.890000000000000000e+02	1.890000000000000000e+05	4.532246647332751621e+01
1.900000000000000000e+02	1.900000000000000000e+05	4.529625052530822416e+01
1.910000000000000000e+02	1.910000000000000000e+05	4.526845914024995920e+01
1.920000000000000000e+02	1.920000000000000000e+05	4.556246663408226993e+01
1.930000000000000000e+02	1.930000000000000000e+05	4.556518514713439316e+01
1.940000000000000000e+02	1.940000000000000000e+05	4.550333173294683320e+01
1.950000000000000000e+02	1.950000000000000000e+05	4.564709004019259453e+01
1.960000000000000000e+02	1.960000000000000000e+05	4.588716388423144821e+01
1.970000000000000000e+02	1.970000000000000000e+05	4.620610285058492650e+01
1.980000000000000000e+02	1.980000000000000000e+05	4.632890201984925227e+01
1.990000000000000000e+02	1.990000000000000000e+05	4.637801519092553093e+01
2.000000000000000000e+02	2.000000000000000000e+05	4.624674069438734847e+01
2.010000000000000000e+02	2.010000000000000000e+05	4.632740633689111576e+01
2.020000000000000000e+02	2.020000000000000000e+05	4.651228329621828550e+01
2.030000000000000000e+02	2.030000000000000000e+05	4.657098434478548654e+01
2.040000000000000000e+02	2.040000000000000000e+05	4.667343806144395302e+01
2.050000000000000000e+02	2.050000000000000000e+05	4.671499207536566445e+01
2.060000000000000000e+02	2.060000000000000000e+05	4.670673222034809413e+01
2.070000000000000000e+02	2.070000000000000000e+05	4.682821684336277457e+01
2.080000000000000000e+02	2.080000000000000000e+05	4.702136345362647774e+01
2.090000000000000000e+02	2.090000000000000000e+05	4.721155334108308921e+01
2.100000000000000000e+02	2.100000000000000000e+05	4.716174673033015097e+01
2.110000000000000000e+02	2.110000000000000000e+05	4.714675901554883808e+01
2.120000000000000000e+02	2.120000000000000000e+05	4.749353158452767332e+01
2.130000000000000000e+02	2.130000000000000000e+05	4.760655820944541716e+01
2.140000000000000000e+02	2.140000000000000000e+05	4.781096800491395982e+01
2.150000000000000000e+02	2.150000000000000000e+05	4.796010646599606275e+01
2.160000000000000000e+02	2.160000000000000000e+05	4.795323867944791374e+01
2.170000000000000000e+02	2.170000000000000000e+05	4.810653650623800104e+01
2.180000000000000000e+02	2.180000000000000000e+05	4.868449344461915729e+01
2.190000000000000000e+02	2.190000000000000000e+05	4.893601243662220668e+01
2.200000000000000000e+02	2.200000000000000000e+05	4.915810897868651352e+01
2.210000000000000000e+02	2.210000000000000000e+05	4.941014990657136252e+01
2.220000000000000000e+02	2.220000000000000000e+05	4.942440945819333109e+01
2.230000000000000000e+02	2.230000000000000000e+05	4.947848456890237401e+01
2.240000000000000000e+02	2.240000000000000000e+05	4.942183716475871336e+01
2.250000000000000000e+02	2.250000000000000000e+05	4.973923163385718738e+01
2.260000000000000000e+02	2.260000000000000000e+05	4.999373419657209183e+01
2.270000000000000000e+02	2.270000000000000000e+05	5.028172048578866793e+01
2.280000000000000000e+02	2.280000000000000000e+05	5.045721867754516410e+01
2.290000000000000000e+02	2.290000000000000000e+05	5.045300013608316192e+01
2.300000000000000000e+02	2.300000000000000000e+05	5.054693265021111159e+01
2.310000000000000000e+02	2.310000000000000000e+05	5.098066506355042549e+01
2.320000000000000000e+02	2.320000000000000000e+05	5.100849741891013878e+01
2.330000000000000000e+02	2.330000000000000000e+05	5.111659780787535112e+01
2.340000000000000000e+02	2.340000000000000000e+05	5.129498255656380223e+01
2.350000000000000000e+02	2.350000000000000000e+05	5.137493812815174721e+01
2.360000000000000000e+02	2.360000000000000000e+05	5.145200355392844216e+01
2.370000000000000000e+02	2.370000000000000000e+05	5.156645093230730481e+01
2.380000000000000000e+02	2.380000000000000000e+05	5.184111518218141157e+01
2.390000000000000000e+02	2.390000000000000000e+05	5.186576913011266754e+01
2.400000000000000000e+02	2.400000000000000000e+05	5.199457271494441102e+01
2.410000000000000000e+02	2.410000000000000000e+05	5.214357266859269657e+01
2.420000000000000000e+02	2.420000000000000000e+05	5.243127489992821211e+01
2.430000000000000000e+02	2.430000000000000000e+05	5.261804320096893406e+01
2.440000000000000000e+02	2.440000000000000000e+05	5.295696045278806707e+01
2.450000000000000000e+02	2.450000000000000000e+05	5.308130836131974206e+01
2.460000000000000000e+02	2.460000000000000000e+05	5.341120845411499118e+01
2.470000000000000000e+02	2.470000000000000000e+05	5.362587226866388335e+01
2.480000000000000000e+02	2.480000000000000000e+05	5.383390102604307259e+01
2.490000000000000000e+02	2.490000000000000000e+05	5.376101596181722186e+01
2.500000000000000000e+02	2.500000000000000000e+05	5.403920209818039666e+01
2.510000000000000000e+02	2.510000000000000000e+05	5.426412259056969134e+01
2.520000000000000000e+02	2.520000000000000000e+05	5.432087258188170154e+01
2.530000000000000000e+02	2.530000000000000000e+05	5.454133965314191101e+01
2.540000000000000000e+02	2.540000000000000000e+05	5.457569596074150553e+01
2.550000000000000000e+02	2.550000000000000000e+05	5.479908803070593137e+01
2.560000000000000000e+02	2.560000000000000000e+05	5.502550700477536338e+01
2.570000000000000000e+02	2.570000000000000000e+05	5.505389016107594813e+01
2.580000000000000000e+02	2.580000000000000000e+05	5.533426117423359614e+01
2.590000000000000000e+02	2.590000000000000000e+05	5.562972620111519007e+01
2.600000000000000000e+02	2.600000000000000000e+05	5.564145116372151989e+01
2.610000000000000000e+02	2.610000000000000000e+05	5.581689204237414259e+01
2.620000000000000000e+02	2.620000000000000000e+05	5.608699660187939884e+01
2.630000000000000000e+02	2.630000000000000000e+05	5.617607497011758966e+01
2.640000000000000000e+02	2.640000000000000000e+05	5.626197748943818056e+01
2.650000000000000000e+02	2.650000000000000000e+05	5.647173180075619570e+01
2.660000000000000000e+02	2.660000000000000000e+05	5.661263592056635474e+01
2.670000000000000000e+02	2.670000000000000000e+05	5.691921031307995804e+01
2.680000000000000000e+02	2.680000000000000000e+05	5.704003611516223771e+01
2.690000000000000000e+02	2.690000000000000000e+05	5.724838285728986165e+01
2.700000000000000000e+02	2.700000000000000000e+05	5.710901276272343097e+01
2.710000000000000000e+02	2.710000000000000000e+05	5.743793760044775354e+01
2.720000000000000000e+02	2.720000000000000000e+05	5.761992504491532685e+01
2.730000000000000000e+02	2.730000000000000000e+05	5.773438475942263182e+01
2.740000000000000000e+02	2.740000000000000000e+05	5.771184090717514437e+01
2.750000000000000000e+02	2.750000000000000000e+05	5.783352011604526410e+01
2.760000000000000000e+02	2.760000000000000000e+05	5.767639405009341402e+01
2.770000000000000000e+02	2.770000000000000000e+05	5.768890962596242389e+01
2.780000000000000000e+02	2.780000000000000000e+05	5.790202801770746532e+01
2.790000000000000000e+02	2.790000000000000000e+05	5.810407461485838354e+01
2.800000000000000000e+02	2.800000000000000000e+05	5.817939162505670225e+01
2.810000000000000000e+02	2.810000000000000000e+05	5.815093484392549783e+01
2.820000000000000000e+02	2.820000000000000000e+05	5.854875291936801318e+01
2.830000000000000000e+02	2.830000000000000000e+05	5.866019690329255099e+01
2.840000000000000000e+02	2.840000000000000000e+05	5.868432215215315750e+01
2.850000000000000000e+02	2.850000000000000000e+05	5.889374930222337667e+01
2.860000000000000000e+02	2.860000000000000000e+05	5.888527393483627748e+01
2.870000000000000000e+02	2.870000000000000000e+05	5.928894480925897170e+01
2.880000000000000000e+02	2.880000000000000000e+05	5.952038473721695766e+01
2.890000000000000000e+02	2.890000000000000000e+05	5.983880623352765582e+01
2.900000000000000000e+02	2.900000000000000000e+05	6.017374457431522927e+01
2.910000000000000000e+02	2.910000000000000000e+05	6.029776893040702390e+01
2.920000000000000000e+02	2.920000000000000000e+05	6.029019793910573810e+01
2.930000000000000000e+02	2.930000000000000000e+05	6.048056007681854851e+01
2.940000000000000000e+02	2.940000000000000000e+05	6.061886232174605027e+01
2.950000000000000000e+02	2.950000000000000000e+05	6.098281441330883723e+01
2.960000000000000000e+02	2.960000000000000000e+05	6.094202319563946446e+01
2.970000000000000000e+02	2.970000000000000000e+05	6.112413107138691970e+01
2.980000000000000000e+02	2.980000000000000000e+05	6.140715018069733588e+01
2.990000000000000000e+02	2.990000000000000000e+05	6.167487804682600228e+01
3.000000000000000000e+02	3.000000000000000000e+05	6.171345091319462028e+01
3.010000000000000000e+02	3.010000000000000000e+05	6.165496842577513092e+01
3.020000000000000000e+02	3.020000000000000000e+05	6.152749055988564919e+01
3.030000000000000000e+02	3.030000000000000000e+05	6.189473474665435049e+01
3.040000000000000000e+02	3.040000000000000000e+05	6.209758495599461270e+01
3.050000000000000000e+02	3.050000000000000000e+05	6.234261306712251383e+01
3.060000000000000000e+02	3.060000000000000000e+05	6.252012328043027622e+01
3.070000000000000000e+02	3.070000000000000000e+05	6.258939579153079080e+01
3.080000000000000000e+02	3.080000000000000000e+05	6.281706456817068585e+01
3.090000000000000000e+02	3.090000000000000000e+05	6.299381206209509543e+01
3.100000000000000000e+02	3.100000000000000000e+05	6.310393339145667113e+01
3.110000000000000000e+02	3.110000000000000000e+05	6.305529910376590408e+01
3.120000000000000000e+02	3.120000000000000000e+05	6.310722271405906270e+01
3.130000000000000000e+02	3.130000000000000000e+05	6.332372939357665587e+01
3.140000000000000000e+02	3.140000000000000000e+05	6.342514054260387013e+01
3.150000000000000000e+02	3.150000000000000000e+05	6.325503172801213481e+01
3.160000000000000000e+02	3.160000000000000000e+05	6.331561162191653835e+01
3.170000000000000000e+02	3.170000000000000000e+05	6.325260675611185235e+01
3.180000000000000000e+02	3.180000000000000000e+05	6.325809561219850252e+01
3.190000000000000000e+02	3.190000000000000000e+05	6.344200761141259193e+01
3.200000000000000000e+02	3.200000000000000000e+05	6.367148517539563812e+01
3.210000000000000000e+02	3.210000000000000000e+05	6.370092699482609788e+01
3.220000000000000000e+02	3.220000000000000000e+05	6.396346248666072398e+01
3.230000000000000000e+02	3.230000000000000000e+05	6.414329633809381903e+01
3.240000000000000000e+02	3.240000000000000000e+05	6.435197998974892641e+01
3.250000000000000000e+02	3.250000000000000000e+05	6.441112518678326637e+01
3.260000000000000000e+02	3.260000000000000000e+05	6.440434593182177991e+01
3.270000000000000000e+02	3.270000000000000000e+05	6.445144535406375041e+01
3.280000000000000000e+02	3.280000000000000000e+05	6.476763383273400621e+01
3.290000000000000000e+02	3.290000000000000000e+05	6.469799093834861026e+01
3.300000000000000000e+02	3.300000000000000000e+05	6.502940847045162798e+01
3.310000000000000000e+02	3.310000000000000000e+05	6.519649466779497970e+01
3.320000000000000000e+02	3.320000000000000000e+05	6.555461091477347679e+01
3.330000000000000000e+02	3.330000000000000000e+05	6.564021017323341312e+01
3.340000000000000000e+02	3.340000000000000000e+05	6.574496170389677729e+01
3.350000000000000000e+02	3.350000000000000000e+05	6.592291377266479913e+01
3.360000000000000000e+02	3.360000000000000000e+05	6.614546426952639990e+01
3.370000000000000000e+02	3.370000000000000000e+05	6.629725484768052013e+01
3.380000000000000000e+02	3.380000000000000000e+05	6.627703336936916401e+01
3.390000000000000000e+02	3.390000000000000000e+05	6.631929447454756144e+01
3.400000000000000000e+02	3.400000000000000000e+05	6.651559700477805848e+01
3.410000000000000000e+02	3.410000000000000000e+05	6.678533349722306411e+01
3.420000000000000000e+02	3.420000000000000000e+05	6.691367983595428370e+01
3.430000000000000000e+02	3.430000000000000000e+05	6.720559275441222269e+01
3.440000000000000000e+02	3.440000000000000000e+05	6.719489886384204169e+01
3.450000000000000000e+02	3.450000000000000000e+05	6.729716796123324229e+01
3.460000000000000000e+02	3.460000000000000000e+05	6.737238740287314442e+01
3.470000000000000000e+02	3.470000000000000000e+05	6.760959713081255984e+01
3.480000000000000000e+02	3.480000000000000000e+05	6.754384062757551987e+01
3.490000000000000000e+02	3.490000000000000000e+05	6.763760787115248263e+01
3.500000000000000000e+02	3.500000000000000000e+05	6.787386613893623633e+01
3.510000000000000000e+02	3.510000000000000000e+05	6.820659939605165789e+01
3.520000000000000000e+02	3.520000000000000000e+05	6.837870195432329012e+01
3.530000000000000000e+02	3.530000000000000000e+05	6.850285806002717948e+01
3.540000000000000000e+02	3.540000000000000000e+05	6.854020669455861992e+01
3.550000000000000000e+02	3.550000000000000000e+05	6.860937233621987730e+01
3.560000000000000000e+02	3.560000000000000000e+05	6.901475925243153142e+01
3.570000000000000000e+02	3.570000000000000000e+05	6.903497230083112868e+01
3.580000000000000000e+02	3.580000000000000000e+05	6.932958221008007627e+01
3.590000000000000000e+02	3.590000000000000000e+05	6.921449708640027154e+01
3.600000000000000000e+02	3.600000000000000000e+05	6.929898475163017224e+01
3.610000000000000000e+02	3.610000000000000000e+05	6.957697261642438491e+01
3.620000000000000000e+02	3.620000000000000000e+05	6.966306947123167959e+01
3.630000000000000000e+02	3.630000000000000000e+05	6.989766242806589958e+01
3.640000000000000000e+02	3.640000000000000000e+05	7.007891880517314576e+01
3.650000000000000000e+02	3.650000000000000000e+05	7.031926769558182855e+01
3.660000000000000000e+02	3.660000000000000000e+05	7.024602531762249669e+01
3.670000000000000000e+02	3.670000000000000000e+05	7.036466687553395616e+01
3.680000000000000000e+02	3.680000000000000000e+05	7.045640354542533146e+01
3.690000000000000000e+02	3.690000000000000000e+05	7.055455405669987101e+01
3.700000000000000000e+02	3.700000000000000000e+05	7.061004034521610606e+01
3.710000000000000000e+02	3.710000000000000000e+05	7.063531498383581209e+01
3.720000000000000000e+02	3.720000000000000000e+05	7.073991458066659277e+01
3.730000000000000000e+02	3.730000000000000000e+05	7.078890585559194903e+01
3.740000000000000000e+02	3.740000000000000000e+05	7.094171599773619619e+01
3.750000000000000000e+02	3.750000000000000000e+05	7.094146206482318462e+01
3.760000000000000000e+02	3.760000000000000000e+05	7.094996724175784664e+01
3.770000000000000000e+02	3.770000000000000000e+05	7.120322665502796156e+01
3.780000000000000000e+02	3.780000000000000000e+05	7.127211067758157981e+01
3.790000000000000000e+02	3.790000000000000000e+05	7.132481375145060554e+01
3.800000000000000000e+02	3.800000000000000000e+05	7.155328980010762052e+01
3.810000000000000000e+02	3.810000000000000000e+05	7.169936777086756763e+01
3.820000000000000000e+02	3.820000000000000000e+05	7.178479190236649288e+01
3.830000000000000000e+02	3.830000000000000000e+05	7.232622171160450364e+01
3.840000000000000000e+02	3.840000000000000000e+05	7.258541049406576917e+01
3.850000000000000000e+02	3.850000000000000000e+05	7.256708744470185479e+01
3.860000000000000000e+02	3.860000000000000000e+05	7.260585308749672606e+01
3.870000000000000000e+02	3.870000000000000000e+05	7.262547264647925260e+01
3.880000000000000000e+02	3.880000000000000000e+05	7.286535483803334046e+01
3.890000000000000000e+02	3.890000000000000000e+05	7.300394391085912105e+01
3.900000000000000000e+02	3.900000000000000000e+05	7.300127289453854473e+01
3.910000000000000000e+02	3.910000000000000000e+05	7.283294708018802055e+01
3.920000000000000000e+02	3.920000000000000000e+05	7.271451738244986984e+01
3.930000000000000000e+02	3.930000000000000000e+05	7.265178140335183343e+01
3.940000000000000000e+02	3.940000000000000000e+05	7.313308761119931489e+01
3.950000000000000000e+02	3.950000000000000000e+05	7.330098883845479918e+01
3.960000000000000000e+02	3.960000000000000000e+05	7.327495596123041821e+01
3.970000000000000000e+02	3.970000000000000000e+05	7.334641019409748708e+01
3.980000000000000000e+02	3.980000000000000000e+05	7.348898648448219717e+01
3.990000000000000000e+02	3.990000000000000000e+05	7.367710872389800159e+01
4.000000000000000000e+02	4.000000000000000000e+05	7.380725145007130550e+01
4.010000000000000000e+02	4.010000000000000000e+05	7.406781321458970524e+01
4.020000000000000000e+02	4.020000000000000000e+05	7.445414469567880644e+01
4.030000000000000000e+02	4.030000000000000000e+05	7.457315001050055514e+01
4.040000000000000000e+02	4.040000000000000000e+05	7.463374096120193713e+01
4.050000000000000000e+02	4.050000000000000000e+05	7.451037222982709807e+01
4.060000000000000000e+02	4.060000000000000000e+05	7.444271403369141638e+01
4.070000000000000000e+02	4.070000000000000000e+05	7.463766967611226733e+01
4.080000000000000000e+02	4.080000000000000000e+05	7.503106241483426686e+01
4.090000000000000000e+02	4.090000000000000000e+05	7.526584648560259438e+01
4.100000000000000000e+02	4.100000000000000000e+05	7.543592853544744514e+01
4.110000000000000000e+02	4.110000000000000000e+05	7.560046490442863387e+01
4.120000000000000000e+02	4.120000000000000000e+05	7.565520253024912734e+01
4.130000000000000000e+02	4.130000000000000000e+05	7.569188011449219289e+01
4.140000000000000000e+02	4.140000000000000000e+05	7.597194205462388084e+01
4.150000000000000000e+02	4.150000000000000000e+05	7.602149807788242697e+01
4.160000000000000000e+02	4.160000000000000000e+05	7.625800775045055957e+01
4.170000000000000000e+02	4.170000000000000000e+05	7.633832599583993783e+01
4.180000000000000000e+02	4.180000000000000000e+05	7.637674077660584260e+01
4.190000000000000000e+02	4.190000000000000000e+05	7.654510048084856066e+01
4.200000000000000000e+02	4.200000000000000000e+05	7.658588994149042151e+01
4.210000000000000000e+02	4.210000000000000000e+05	7.675380102747182320e+01
4.220000000000000000e+02	4.220000000000000000e+05	7.670459879711383167e+01
4.230000000000000000e+02	4.230000000000000000e+05	7.702789467096543774e+01
4.240000000000000000e+02	4.240000000000000000e+05	7.726158006833369996e+01
4.250000000000000000e+02	4.250000000000000000e+05	7.731664344259638710e+01
4.260000000000000000e+02	4.260000000000000000e+05	7.732909583460772751e+01
4.270000000000000000e+02	4.270000000000000000e+05	7.752001654037771061e+01
4.280000000000000000e+02	4.280000000000000000e+05	7.741801611443237618e+01
4.290000000000000000e+02	4.290000000000000000e+05	7.782351953891885898e+01
4.300000000000000000e+02	4.300000000000000000e+05	7.796482498722598109e+01
4.310000000000000000e+02	4.310000000000000000e+05	7.805591291591603920e+01
4.320000000000000000e+02	4.320000000000000000e+05	7.809165683084113141e+01
4.330000000000000000e+02	4.330000000000000000e+05	7.816276659277923500e+01
4.340000000000000000e+02	4.340000000000000000e+05	7.843148779827211570e+01
4.350000000000000000e+02	4.350000000000000000e+05	7.847832098944114421e+01
4.360000000000000000e+02	4.360000000000000000e+05	7.864243871792294271e+01
4.370000000000000000e+02	4.370000000000000000e+05	7.861303488611639523e+01
4.380000000000000000e+02	4.380000000000000000e+05	7.871662714023347007e+01
4.390000000000000000e+02	4.390000000000000000e+05	7.893236054505059940e+01
4.400000000000000000e+02	4.400000000000000000e+05	7.932443140551525573e+01
4.410000000000000000e+02	4.410000000000000000e+05	7.952856348722440316e+01
4.420000000000000000e+02	4.420000000000000000e+05	7.988197100319807475e+01
4.430000000000000000e+02	4.430000000000000000e+05	8.010844197096507457e+01
4.440000000000000000e+02	4.440000000000000000e+05	8.000890793483449670e+01
4.450000000000000000e+02	4.450000000000000000e+05	8.021610514857667340e+01
4.460000000000000000e+02	4.460000000000000000e+05	8.038920986353008402e+01
4.470000000000000000e+02	4.470000000000000000e+05	8.056049382705721484e+01
4.480000000000000000e+02	4.480000000000000000e+05	8.061530446766219882e+01
4.490000000000000000e+02	4.490000000000000000e+05	8.068683332192348701e+01
4.500000000000000000e+02	4.500000000000000000e+05	8.084015473500228666e+01
4.510000000000000000e+02	4.510000000000000000e+05	8.103531630822878640e+01
4.520000000000000000e+02	4.520000000000000000e+05	8.135814057874686966e+01
4.530000000000000000e+02	4.530000000000000000e+05	8.169932721292657618e+01
4.540000000000000000e+02	4.540000000000000000e+05	8.177240928898196159e+01
4.550000000000000000e+02	4.550000000000000000e+05	8.193555909643471580e+01
4.560000000000000000e+02	4.560000000000000000e+05	8.197410632914537132e+01
4.570000000000000000e+02	4.570000000000000000e+05	8.244322364564021655e+01
4.580000000000000000e+02	4.580000000000000000e+05	8.269764345152447049e+01
4.590000000000000000e+02	4.590000000000000000e+05	8.249532225462201041e+01
4.600000000000000000e+02	4.600000000000000000e+05	8.270230366650919507e+01
4.610000000000000000e+02	4.610000000000000000e+05	8.288451924292451167e+01
4.620000000000000000e+02	4.620000000000000000e+05	8.312269056936357003e+01
4.630000000000000000e+02	4.630000000000000000e+05	8.319196186243885904e+01
4.640000000000000000e+02	4.640000000000000000e+05	8.351727416919271718e+01
4.650000000000000000e+02	4.650000000000000000e+05	8.351492449605488844e+01
4.660000000000000000e+02	4.660000000000000000e+05	8.375991403533006974e+01
4.670000000000000000e+02	4.670000000000000000e+05	8.393033913485447783e+01
4.680000000000000000e+02	4.680000000000000000e+05	8.417405340209121789e+01
4.690000000000000000e+02	4.690000000000000000e+05	8.424590953565952134e+01
4.700000000000000000e+02	4.700000000000000000e+05	8.441053109237097374e+01
4.710000000000000000e+02	4.710000000000000000e+05	8.449711007667694673e+01
4.720000000000000000e+02	4.720000000000000000e+05	8.467089435114316132e+01
4.730000000000000000e+02	4.730000000000000000e+05	8.479670582828477166e+01
4.740000000000000000e+02	4.740000000000000000e+05	8.500661408082554260e+01
4.750000000000000000e+02	4.750000000000000000e+05	8.518717347316207622e+01
4.760000000000000000e+02	4.760000000000000000e+05	8.534987021428514709e+01
4.770000000000000000e+02	4.770000000000000000e+05	8.541187618203170473e+01
4.780000000000000000e+02	4.780000000000000000e+05	8.553785435421018235e+01
4.790000000000000000e+02	4.790000000000000000e+05	8.561184317132693877e+01
4.800000000000000000e+02	4.800000000000000000e+05	8.582031532250617545e+01
4.810000000000000000e+02	4.810000000000000000e+05	8.603664838543043913e+01
4.820000000000000000e+02	4.820000000000000000e+05	8.598927011390664177e+01
4.830000000000000000e+02	4.830000000000000000e+05	8.619214748951283411e+01
4.840000000000000000e+02	4.840000000000000000e+05	8.620573340408886054e+01
4.850000000000000000e+02	4.850000000000000000e+05	8.633884914341922467e+01
4.860000000000000000e+02	4.860000000000000000e+05	8.673185825748507227e+01
4.870000000000000000e+02	4.870000000000000000e+05	8.667642526516284818e+01
4.880000000000000000e+02	4.880000000000000000e+05	8.660118333787862355e+01
4.890000000000000000e+02	4.890000000000000000e+05	8.680543450519853366e+01
4.900000000000000000e+02	4.900000000000000000e+05	8.669868474315369156e+01
4.910000000000000000e+02	4.910000000000000000e+05	8.669162910126131294e+01
4.920000000000000000e+02	4.920000000000000000e+05	8.676411112584949592e+01
4.930000000000000000e+02	4.930000000000000000e+05	8.679237289970349423e+01
4.940000000000000000e+02	4.940000000000000000e+05	8.710529977236988941e+01
4.950000000000000000e+02	4.950000000000000000e+05	8.710138520915384674e+01
4.960000000000000000e+02	4.960000000000000000e+05	8.721349673233500255e+01
4.970000000000000000e+02	4.970000000000000000e+05	8.734240271214947882e+01
4.980000000000000000e+02	4.980000000000000000e+05	8.747232457426666485e+01
4.990000000000000000e+02	4.990000000000000000e+05	8.750585140826517261e+01
5.000000000000000000e+02	5.000000000000000000e+05	8.776524199573836427e+01
5.010000000000000000e+02	5.010000000000000000e+05	8.797181408503591626e+01
5.020000000000000000e+02	5.020000000000000000e+05	8.811109940196878654e+01
5.030000000000000000e+02	5.030000000000000000e+05	8.831889243733428430e+01
5.040000000000000000e+02	5.040000000000000000e+05	8.848708702551540739e+01
5.050000000000000000e+02	5.050000000000000000e+05	8.860668414713668994e+01
5.060000000000000000e+02	5.060000000000000000e+05	8.873288291516065840e+01
5.070000000000000000e+02	5.070000000000000000e+05	8.880004478140864421e+01
5.080000000000000000e+02	5.080000000000000000e+05	8.883937444859000720e+01
5.090000000000000000e+02	5.090000000000000000e+05	8.885005840529541388e+01
5.100000000000000000e+02	5.100000000000000000e+05	8.880342605856471039e+01
5.110000000000000000e+02	5.110000000000000000e+05	8.900863336188736241e+01
5.120000000000000000e+02	5.120000000000000000e+05	8.914039130611774908e+01
5.130000000000000000e+02	5.130000000000000000e+05	8.921683359221538012e+01
5.140000000000000000e+02	5.140000000000000000e+05	8.934376113132240960e+01
5.150000000000000000e+02	5.150000000000000000e+05	8.941161685137906545e+01
5.160000000000000000e+02	5.160000000000000000e+05	8.950721823475518590e+01
5.170000000000000000e+02	5.170000000000000000e+05	8.963411710413041078e+01
5.180000000000000000e+02	5.180000000000000000e+05	8.956541719610351038e+01
5.190000000000000000e+02	5.190000000000000000e+05	8.976753282957402291e+01
5.200000000000000000e+02	5.200000000000000000e+05	9.001308469170977844e+01
5.210000000000000000e+02	5.210000000000000000e+05	9.021900643188249092e+01
5.220000000000000000e+02	5.220000000000000000e+05	9.046028703375387181e+01
5.230000000000000000e+02	5.230000000000000000e+05	9.065148617882807969e+01
5.240000000000000000e+02	5.240000000000000000e+05	9.060695098548264070e+01
5.250000000000000000e+02	5.250000000000000000e+05	9.090206695482885380e+01
5.260000000000000000e+02	5.260000000000000000e+05	9.093174518152343921e+01
5.270000000000000000e+02	5.270000000000000000e+05	9.073806061507490028e+01
5.280000000000000000e+02	5.280000000000000000e+05	9.076966449688090677e+01
5.290000000000000000e+02	5.290000000000000000e+05	9.092835432855495981e+01
5.300000000000000000e+02	5.300000000000000000e+05	9.099848835102660871e+01
5.310000000000000000e+02	5.310000000000000000e+05	9.113882857931410797e+01
5.320000000000000000e+02	5.320000000000000000e+05	9.110366010238067247e+01
5.330000000000000000e+02	5.330000000000000000e+05	9.128498479857377390e+01
5.340000000000000000e+02	5.340000000000000000e+05	9.135848444380047795e+01
5.350000000000000000e+02	5.350000000000000000e+05	9.177746066006551473e+01
5.360000000000000000e+02	5.360000000000000000e+05	9.198383472126020877e+01
5.370000000000000000e+02	5.370000000000000000e+05	9.203174176107202697e+01
5.380000000000000000e+02	5.380000000000000000e+05	9.214972440543265009e+01
5.390000000000000000e+02	5.390000000000000000e+05	9.239703440838559345e+01
5.400000000000000000e+02	5.400000000000000000e+05	9.245570638883158665e+01
5.410000000000000000e+02	5.410000000000000000e+05	9.246808889669253517e+01
5.420000000000000000e+02	5.420000000000000000e+05	9.257372967125847651e+01
5.430000000000000000e+02	5.430000000000000000e+05	9.249882646216188675e+01
5.440000000000000000e+02	5.440000000000000000e+05	9.259485731748453929e+01
5.450000000000000000e+02	5.450000000000000000e+05	9.285163427561056437e+01
5.460000000000000000e+02	5.460000000000000000e+05	9.276805459894663386e+01
5.470000000000000000e+02	5.470000000000000000e+05	9.274541364402139720e+01
5.480000000000000000e+02	5.480000000000000000e+05	9.269539651645010281e+01
5.490000000000000000e+02	5.490000000000000000e+05	9.276872135278301812e+01
5.500000000000000000e+02	5.500000000000000000e+05	9.276856234174513816e+01
5.510000000000000000e+02	5.510000000000000000e+05	9.269367469539855620e+01
5.520000000000000000e+02	5.520000000000000000e+05	9.283071014968284373e+01
5.530000000000000000e+02	5.530000000000000000e+05	9.307029044388410455e+01
5.540000000000000000e+02	5.540000000000000000e+05	9.325331540343078984e+01
5.550000000000000000e+02	5.550000000000000000e+05	9.332003340456236629e+01
5.560000000000000000e+02	5.560000000000000000e+05	9.358741395014867237e+01
5.570000000000000000e+02	5.570000000000000000e+05	9.373817546602685979e+01
5.580000000000000000e+02	5.580000000000000000e+05	9.420559554617642561e+01
5.590000000000000000e+02	5.590000000000000000e+05	9.436493832753471622e+01
5.600000000000000000e+02	5.600000000000000000e+05	9.461164259478837835e+01
5.610000000000000000e+02	5.610000000000000000e+05	9.479143164594211157e+01
5.620000000000000000e+02	5.620000000000000000e+05	9.511502580257395323e+01
5.630000000000000000e+02	5.630000000000000000e+05	9.516329108941268089e+01
5.640000000000000000e+02	5.640000000000000000e+05	9.532271327828675567e+01
5.650000000000000000e+02	5.650000000000000000e+05	9.555843744830575304e+01
5.660000000000000000e+02	5.660000000000000000e+05	9.581348398394501942e+01
5.670000000000000000e+02	5.670000000000000000e+05	9.571789179343601006e+01
5.680000000000000000e+02	5.680000000000000000e+05	9.586628839325088336e+01
5.690000000000000000e+02	5.690000000000000000e+05	9.580368122726338243e+01
5.700000000000000000e+02	5.700000000000000000e+05	9.589985780538540894e+01
5.710000000000000000e+02	5.710000000000000000e+05	9.608404271671675190e+01
5.720000000000000000e+02	5.720000000000000000e+05	9.605128276849949032e+01
5.730000000000000000e+02	5.730000000000000000e+05	9.599632220500168955e+01
5.740000000000000000e+02	5.740000000000000000e+05	9.601277513607740843e+01
5.750000000000000000e+02	5.750000000000000000e+05	9.640160955615688465e+01
5.760000000000000000e+02	5.760000000000000000e+05	9.651140388539829473e+01
5.770000000000000000e+02	5.770000000000000000e+05	9.664843352635436702e+01
5.780000000000000000e+02	5.780000000000000000e+05	9.659616228892360823e+01
5.790000000000000000e+02	5.790000000000000000e+05	9.691128362657592277e+01
5.800000000000000000e+02	5.800000000000000000e+05	9.714867282927369274e+01
5.810000000000000000e+02	5.810000000000000000e+05	9.722019538588658349e+01
5.820000000000000000e+02	5.820000000000000000e+05	9.717984408403313523e+01
5.830000000000000000e+02	5.830000000000000000e+05	9.725513800336831594e+01
5.840000000000000000e+02	5.840000000000000000e+05	9.756430072405107978e+01
5.850000000000000000e+02	5.850000000000000000e+05	9.733433332342023903e+01
5.860000000000000000e+02	5.860000000000000000e+05	9.719598634373662094e+01
5.870000000000000000e+02	5.870000000000000000e+05	9.764154536174660848e+01
5.880000000000000000e+02	5.880000000000000000e+05	9.763976124301491666e+01
5.890000000000000000e+02	5.890000000000000000e+05	9.775240592021431496e+01
5.900000000000000000e+02	5.900000000000000000e+05	9.772602114144532948e+01
5.910000000000000000e+02	5.910000000000000000e+05	9.778537101411367871e+01
5.920000000000000000e+02	5.920000000000000000e+05	9.787653279211234292e+01
5.930000000000000000e+02	5.930000000000000000e+05	9.807248074560503426e+01
5.940000000000000000e+02	5.940000000000000000e+05	9.827250342906401670e+01
5.950000000000000000e+02	5.950000000000000000e+05	9.853412698068595432e+01
5.960000000000000000e+02	5.960000000000000000e+05	9.860329795699659883e+01
5.970000000000000000e+02	5.970000000000000000e+05	9.853673523119223887e+01
5.980000000000000000e+02	5.980000000000000000e+05	9.856948381717671737e+01
5.990000000000000000e+02	5.990000000000000000e+05	9.863254568585833226e+01
6.000000000000000000e+02	6.000000000000000000e+05	9.870435128510652589e+01
6.010000000000000000e+02	6.010000000000000000e+05	9.874793465631226752e+01
6.020000000000000000e+02	6.020000000000000000e+05	9.894940475723130646e+01
6.030000000000000000e+02	6.030000000000000000e+05	9.914242828372580618e+01
6.040000000000000000e+02	6.040000000000000000e+05	9.907787517429242996e+01
6.050000000000000000e+02	6.050000000000000000e+05	9.914977977527433950e+01
6.060000000000000000e+02	6.060000000000000000e+05	9.934992335135086705e+01
6.070000000000000000e+02	6.070000000000000000e+05	9.958998356418972264e+01
6.080000000000000000e+02	6.080000000000000000e+05	9.982840105961554400e+01
6.090000000000000000e+02	6.090000000000000000e+05	9.997485701432151473e+01
6.100000000000000000e+02	6.100000000000000000e+05	9.997021393060451544e+01
6.110000000000000000e+02	6.110000000000000000e+05	9.990992345501160798e+01
6.120000000000000000e+02	6.120000000000000000e+05	9.991516748360751876e+01
6.130000000000000000e+02	6.130000000000000000e+05	1.001127790692351596e+02
6.140000000000000000e+02	6.140000000000000000e+05	1.003188173440488669e+02
6.150000000000000000e+02	6.150000000000000000e+05	1.001268896524982637e+02
6.160000000000000000e+02	6.160000000000000000e+05	1.003511592429330932e+02
6.170000000000000000e+02	6.170000000000000000e+05	1.005365640659440629e+02
6.180000000000000000e+02	6.180000000000000000e+05	1.006587526500631924e+02
6.190000000000000000e+02	6.190000000000000000e+05	1.008143117001552582e+02
6.200000000000000000e+02	6.200000000000000000e+05	1.009835640599983009e+02
6.210000000000000000e+02	6.210000000000000000e+05	1.011811330326983125e+02
6.220000000000000000e+02	6.220000000000000000e+05	1.010364660022538459e+02
6.230000000000000000e+02	6.230000000000000000e+05	1.010074691310864381e+02
6.240000000000000000e+02	6.240000000000000000e+05	1.012445981704028242e+02
6.250000000000000000e+02	6.250000000000000000e+05	1.013446246900878549e+02
6.260000000000000000e+02	6.260000000000000000e+05	1.013016037891905512e+02
6.270000000000000000e+02	6.270000000000000000e+05	1.014098140583951846e+02
6.280000000000000000e+02	6.280000000000000000e+05	1.014987874168993045e+02
6.290000000000000000e+02	6.290000000000000000e+05	1.016056151748291825e+02
6.300000000000000000e+02	6.300000000000000000e+05	1.019302755606296955e+02
6.310000000000000000e+02	6.310000000000000000e+05	1.021457952667562950e+02
6.320000000000000000e+02	6.320000000000000000e+05	1.023196472547326294e+02
6.330000000000000000e+02	6.330000000000000000e+05	1.024995920316011677e+02
6.340000000000000000e+02	6.340000000000000000e+05	1.026016314870240649e+02
6.350000000000000000e+02	6.350000000000000000e+05	1.028121010338728070e+02
6.360000000000000000e+02	6.360000000000000000e+05	1.028186208137400683e+02
6.370000000000000000e+02	6.370000000000000000e+05	1.029612372395077813e+02
6.380000000000000000e+02	6.380000000000000000e+05	1.032393374189536814e+02
6.390000000000000000e+02	6.390000000000000000e+05	1.034893917515921231e+02
6.400000000000000000e+02	6.400000000000000000e+05	1.036024248462867945e+02
6.410000000000000000e+02	6.410000000000000000e+05	1.037692036440088259e+02
6.420000000000000000e+02	6.420000000000000000e+05	1.038463953980155594e+02
6.430000000000000000e+02	6.430000000000000000e+05	1.040041936847067348e+02
6.440000000000000000e+02	6.440000000000000000e+05	1.041622671159898488e+02
6.450000000000000000e+02	6.450000000000000000e+05	1.045246069830875513e+02
6.460000000000000000e+02	6.460000000000000000e+05	1.045703448158717777e+02
6.470000000000000000e+02	6.470000000000000000e+05	1.044095152466855438e+02
6.480000000000000000e+02	6.480000000000000000e+05	1.046575532955127699e+02
6.490000000000000000e+02	6.490000000000000000e+05	1.048250785243321985e+02
6.500000000000000000e+02	6.500000000000000000e+05	1.048534450929375623e+02
6.510000000000000000e+02	6.510000000000000000e+05	1.050141573217091633e+02
6.520000000000000000e+02	6.520000000000000000e+05	1.052568419580501740e+02
6.530000000000000000e+02	6.530000000000000000e+05	1.051326141647145960e+02
6.540000000000000000e+02	6.540000000000000000e+05	1.053459338183769916e+02
6.550000000000000000e+02	6.550000000000000000e+05	1.053987025134691606e+02
6.560000000000000000e+02	6.560000000000000000e+05	1.055957101594547964e+02
6.570000000000000000e+02	6.570000000000000000e+05	1.055180057491601104e+02
6.580000000000000000e+02	6.580000000000000000e+05	1.056525987255752028e+02
6.590000000000000000e+02	6.590000000000000000e+05	1.056777965779818800e+02
6.600000000000000000e+02	6.600000000000000000e+05	1.058729890607307453e+02
6.610000000000000000e+02	6.610000000000000000e+05	1.061078435437473644e+02
6.620000000000000000e+02	6.620000000000000000e+05	1.062580864862520968e+02
6.630000000000000000e+02	6.630000000000000000e+05	1.063747100910622834e+02
6.640000000000000000e+02	6.640000000000000000e+05	1.065480750226569029e+02
6.650000000000000000e+02	6.650000000000000000e+05	1.068182397052414814e+02
6.660000000000000000e+02	6.660000000000000000e+05	1.065701799976721134e+02
6.670000000000000000e+02	6.670000000000000000e+05	1.066546267166326771e+02
6.680000000000000000e+02	6.680000000000000000e+05	1.068043074065159601e+02
6.690000000000000000e+02	6.690000000000000000e+05	1.070954812112361907e+02
6.700000000000000000e+02	6.700000000000000000e+05	1.070860761888511519e+02
6.710000000000000000e+02	6.710000000000000000e+05	1.072744119014256512e+02
6.720000000000000000e+02	6.720000000000000000e+05	1.076115660057006096e+02
6.730000000000000000e+02	6.730000000000000000e+05	1.074087240726809682e+02
6.740000000000000000e+02	6.740000000000000000e+05	1.073840875908535111e+02
6.750000000000000000e+02	6.750000000000000000e+05	1.073354681726751210e+02
6.760000000000000000e+02	6.760000000000000000e+05	1.074381681654214304e+02
6.770000000000000000e+02	6.770000000000000000e+05	1.075193748690189608e+02
6.780000000000000000e+02	6.780000000000000000e+05	1.076180305730750888e+02
6.790000000000000000e+02	6.790000000000000000e+05	1.076933303005055365e+02
6.800000000000000000e+02	6.800000000000000000e+05	1.079849111624818079e+02
6.810000000000000000e+02	6.810000000000000000e+05	1.079463087381311084e+02
6.820000000000000000e+02	6.820000000000000000e+05	1.080631734272221536e+02
6.830000000000000000e+02	6.830000000000000000e+05	1.080931556758959289e+02
6.840000000000000000e+02	6.840000000000000000e+05	1.083095758745798776e+02
6.850000000000000000e+02	6.850000000000000000e+05	1.083504482248110463e+02
6.860000000000000000e+02	6.860000000000000000e+05	1.084417145852769124e+02
6.870000000000000000e+02	6.870000000000000000e+05	1.085279106380732372e+02
6.880000000000000000e+02	6.880000000000000000e+05	1.085750268457772023e+02
6.890000000000000000e+02	6.890000000000000000e+05	1.088030887873924399e+02
6.900000000000000000e+02	6.900000000000000000e+05	1.088387208662289396e+02
6.910000000000000000e+02	6.910000000000000000e+05	1.086770907688896699e+02
6.920000000000000000e+02	6.920000000000000000e+05	1.089974976149867558e+02
6.930000000000000000e+02	6.930000000000000000e+05	1.090578930972600631e+02
6.940000000000000000e+02	6.940000000000000000e+05	1.094235585518072043e+02
6.950000000000000000e+02	6.950000000000000000e+05	1.094365716799365771e+02
6.960000000000000000e+02	6.960000000000000000e+05	1.097226692491123146e+02
6.970000000000000000e+02	6.970000000000000000e+05	1.098553776597271252e+02
6.980000000000000000e+02	6.980000000000000000e+05	1.099299546555296985e+02
6.990000000000000000e+02	6.990000000000000000e+05	1.098904110151684819e+02
7.000000000000000000e+02	7.000000000000000000e+05	1.097983597928045043e+02
7.010000000000000000e+02	7.010000000000000000e+05	1.098379604947623847e+02
7.020000000000000000e+02	7.020000000000000000e+05	1.098233195698581710e+02
7.030000000000000000e+02	7.030000000000000000e+05	1.100163190863854084e+02
7.040000000000000000e+02	7.040000000000000000e+05	1.099574552422192966e+02
7.050000000000000000e+02	7.050000000000000000e+05	1.101325858134230486e+02
7.060000000000000000e+02	7.060000000000000000e+05	1.102973405193824306e+02
7.070000000000000000e+02	7.070000000000000000e+05	1.106059070392071959e+02
7.080000000000000000e+02	7.080000000000000000e+05	1.105715321145127632e+02
7.090000000000000000e+02	7.090000000000000000e+05	1.105361304069193835e+02
7.100000000000000000e+02	7.100000000000000000e+05	1.107171115581490852e+02
7.110000000000000000e+02	7.110000000000000000e+05	1.107996159647695578e+02
7.120000000000000000e+02	7.120000000000000000e+05	1.108227606145912745e+02
7.130000000000000000e+02	7.130000000000000000e+05	1.107015230295117476e+02
7.140000000000000000e+02	7.140000000000000000e+05	1.107819576140062878e+02
7.150000000000000000e+02	7.150000000000000000e+05	1.109234721698778401e+02
7.160000000000000000e+02	7.160000000000000000e+05	1.109182029539081071e+02
7.170000000000000000e+02	7.170000000000000000e+05	1.108895474433805219e+02
7.180000000000000000e+02	7.180000000000000000e+05	1.111147684264459059e+02
7.190000000000000000e+02	7.190000000000000000e+05	1.111200480964718480e+02
7.200000000000000000e+02	7.200000000000000000e+05	1.112252602555366252e+02
7.210000000000000000e+02	7.210000000000000000e+05	1.111968387901013386e+02
7.220000000000000000e+02	7.220000000000000000e+05	1.114217414851344614e+02
7.230000000000000000e+02	7.230000000000000000e+05	1.117123853336511274e+02
7.240000000000000000e+02	7.240000000000000000e+05	1.117618310574045495e+02
7.250000000000000000e+02	7.250000000000000000e+05	1.118521692480793064e+02
7.260000000000000000e+02	7.260000000000000000e+05	1.118272539653997057e+02
7.270000000000000000e+02	7.270000000000000000e+05	1.118005975868873492e+02
7.280000000000000000e+02	7.280000000000000000e+05	1.119310938446748338e+02
7.290000000000000000e+02	7.290000000000000000e+05	1.120206232859700748e+02
7.300000000000000000e+02	7.300000000000000000e+05	1.121000041760272126e+02
7.310000000000000000e+02	7.310000000000000000e+05	1.121344996914199896e+02
7.320000000000000000e+02	7.320000000000000000e+05	1.122948010612378908e+02
7.330000000000000000e+02	7.330000000000000000e+05	1.122540052571836640e+02
7.340000000000000000e+02	7.340000000000000000e+05	1.124042909247481390e+02
7.350000000000000000e+02	7.350000000000000000e+05	1.126404922570528839e+02
7.360000000000000000e+02	7.360000000000000000e+05	1.126127881196143505e+02
7.370000000000000000e+02	7.370000000000000000e+05	1.130096347880046039e+02
7.380000000000000000e+02	7.380000000000000000e+05	1.133543111955168996e+02
7.390000000000000000e+02	7.390000000000000000e+05	1.135126139370134553e+02
7.400000000000000000e+02	7.400000000000000000e+05	1.136849432241726703e+02
7.410000000000000000e+02	7.410000000000000000e+05	1.138433173416481168e+02
7.420000000000000000e+02	7.420000000000000000e+05	1.139936665871497610e+02
7.430000000000000000e+02	7.430000000000000000e+05	1.140945631780141554e+02
7.440000000000000000e+02	7.440000000000000000e+05	1.145257711555226194e+02
7.450000000000000000e+02	7.450000000000000000e+05	1.146153143460360582e+02
7.460000000000000000e+02	7.460000000000000000e+05	1.150207473986909719e+02
7.470000000000000000e+02	7.470000000000000000e+05	1.152299180443931874e+02
7.480000000000000000e+02	7.480000000000000000e+05	1.151670236512640741e+02
7.490000000000000000e+02	7.490000000000000000e+05	1.151135133209281491e+02
7.500000000000000000e+02	7.500000000000000000e+05	1.153123354670716196e+02
7.510000000000000000e+02	7.510000000000000000e+05	1.153444497375051867e+02
7.520000000000000000e+02	7.520000000000000000e+05	1.155851674169023369e+02
7.530000000000000000e+02	7.530000000000000000e+05	1.154561104987016904e+02
7.540000000000000000e+02	7.540000000000000000e+05	1.155082682403803034e+02
7.550000000000000000e+02	7.550000000000000000e+05	1.157262778871529889e+02
7.560000000000000000e+02	7.560000000000000000e+05	1.157965128040470120e+02
7.570000000000000000e+02	7.570000000000000000e+05	1.159127314526554358e+02
7.580000000000000000e+02	7.580000000000000000e+05	1.158310729399397729e+02
7.590000000000000000e+02	7.590000000000000000e+05	1.160053766417708658e+02
7.600000000000000000e+02	7.600000000000000000e+05	1.160551344054863279e+02
7.610000000000000000e+02	7.610000000000000000e+05	1.160053452941821206e+02
7.620000000000000000e+02	7.620000000000000000e+05	1.160518686969243589e+02
7.630000000000000000e+02	7.630000000000000000e+05	1.161473982799804361e+02
7.640000000000000000e+02	7.640000000000000000e+05	1.162220182136574351e+02
7.650000000000000000e+02	7.650000000000000000e+05	1.163722972645318094e+02
7.660000000000000000e+02	7.660000000000000000e+05	1.164712631321837790e+02
7.670000000000000000e+02	7.670000000000000000e+05	1.165209935255232665e+02
7.680000000000000000e+02	7.680000000000000000e+05	1.166551258421808086e+02
7.690000000000000000e+02	7.690000000000000000e+05	1.166812428563543875e+02
7.700000000000000000e+02	7.700000000000000000e+05	1.168703851019037643e+02
7.710000000000000000e+02	7.710000000000000000e+05	1.170212328904707135e+02
7.720000000000000000e+02	7.720000000000000000e+05	1.170718747311521781e+02
7.730000000000000000e+02	7.730000000000000000e+05	1.172069806454551468e+02
7.740000000000000000e+02	7.740000000000000000e+05	1.173323528855653421e+02
7.750000000000000000e+02	7.750000000000000000e+05	1.174176239988275228e+02
7.760000000000000000e+02	7.760000000000000000e+05	1.173453668056816497e+02
7.770000000000000000e+02	7.770000000000000000e+05	1.176857337042365401e+02
7.780000000000000000e+02	7.780000000000000000e+05	1.175818900843284922e+02
7.790000000000000000e+02	7.790000000000000000e+05	1.174552058140569102e+02
7.800000000000000000e+02	7.800000000000000000e+05	1.174969452505804810e+02
7.810000000000000000e+02	7.810000000000000000e+05	1.176001090331728278e+02
7.820000000000000000e+02	7.820000000000000000e+05	1.177717668164262932e+02
7.830000000000000000e+02	7.830000000000000000e+05	1.177248398036211512e+02
7.840000000000000000e+02	7.840000000000000000e+05	1.177470470666199276e+02
7.850000000000000000e+02	7.850000000000000000e+05	1.177845799074439270e+02
7.860000000000000000e+02	7.860000000000000000e+05	1.180351774507525846e+02
7.870000000000000000e+02	7.870000000000000000e+05	1.183367727333058212e+02
7.880000000000000000e+02	7.880000000000000000e+05	1.185367643797670212e+02
7.890000000000000000e+02	7.890000000000000000e+05	1.186585860973051183e+02
7.900000000000000000e+02	7.900000000000000000e+05	1.184515185893396989e+02
7.910000000000000000e+02	7.910000000000000000e+05	1.185122987343888639e+02
7.920000000000000000e+02	7.920000000000000000e+05	1.187064323035395432e+02
7.930000000000000000e+02	7.930000000000000000e+05	1.186701947102589685e+02
7.940000000000000000e+02	7.940000000000000000e+05	1.187284674399665505e+02
7.950000000000000000e+02	7.950000000000000000e+05	1.187935988495755595e+02
7.960000000000000000e+02	7.960000000000000000e+05	1.187264113481107728e+02
7.970000000000000000e+02	7.970000000000000000e+05	1.189029761276221819e+02
7.980000000000000000e+02	7.980000000000000000e+05	1.191294273285951562e+02
7.990000000000000000e+02	7.990000000000000000e+05	1.191225678170917632e+02
8.000000000000000000e+02	8.000000000000000000e+05	1.191753849140761048e+02
8.010000000000000000e+02	8.010000000000000000e+05	1.195127106409846363e+02
8.020000000000000000e+02	8.020000000000000000e+05	1.193307441014892731e+02
8.030000000000000000e+02	8.030000000000000000e+05	1.194178833899520527e+02
8.040000000000000000e+02	8.040000000000000000e+05	1.194914135046530532e+02
8.050000000000000000e+02	8.050000000000000000e+05	1.196959212032471953e+02
8.060000000000000000e+02	8.060000000000000000e+05	1.199332968095969392e+02
8.070000000000000000e+02	8.070000000000000000e+05	1.201248196522163596e+02
8.080000000000000000e+02	8.080000000000000000e+05	1.203600613894361118e+02
8.090000000000000000e+02	8.090000000000000000e+05	1.204394187182838323e+02
8.100000000000000000e+02	8.100000000000000000e+05	1.206629150456253114e+02
8.110000000000000000e+02	8.110000000000000000e+05	1.206687753679520654e+02
8.120000000000000000e+02	8.120000000000000000e+05	1.205961674628456848e+02
8.130000000000000000e+02	8.130000000000000000e+05	1.206575954229040661e+02
8.140000000000000000e+02	8.140000000000000000e+05	1.204682941550183983e+02
8.150000000000000000e+02	8.150000000000000000e+05	1.205360645209645867e+02
8.160000000000000000e+02	8.160000000000000000e+05	1.206444872678989100e+02
8.170000000000000000e+02	8.170000000000000000e+05	1.207534959568775008e+02
8.180000000000000000e+02	8.180000000000000000e+05	1.208335991736623214e+02
8.190000000000000000e+02	8.190000000000000000e+05	1.207910370057480520e+02
8.200000000000000000e+02	8.200000000000000000e+05	1.209995669821572335e+02
8.210000000000000000e+02	8.210000000000000000e+05	1.210831342431016679e+02
8.220000000000000000e+02	8.220000000000000000e+05	1.211666981458728571e+02
8.230000000000000000e+02	8.230000000000000000e+05	1.210407027896156507e+02
8.240000000000000000e+02	8.240000000000000000e+05	1.207149762173742999e+02
8.250000000000000000e+02	8.250000000000000000e+05	1.207293119541980388e+02
8.260000000000000000e+02	8.260000000000000000e+05	1.209124542084848741e+02
8.270000000000000000e+02	8.270000000000000000e+05	1.208477442272771754e+02
8.280000000000000000e+02	8.280000000000000000e+05	1.210338917023092620e+02
8.290000000000000000e+02	8.290000000000000000e+05	1.210746312658363451e+02
8.300000000000000000e+02	8.300000000000000000e+05	1.211102454959860069e+02
8.310000000000000000e+02	8.310000000000000000e+05	1.213220074410458409e+02
8.320000000000000000e+02	8.320000000000000000e+05	1.216388531197304559e+02
8.330000000000000000e+02	8.330000000000000000e+05	1.217431692588763639e+02
8.340000000000000000e+02	8.340000000000000000e+05	1.218378893718276146e+02
8.350000000000000000e+02	8.350000000000000000e+05	1.218797728465410444e+02
8.360000000000000000e+02	8.360000000000000000e+05	1.218990830998885713e+02
8.370000000000000000e+02	8.370000000000000000e+05	1.218736243640351944e+02
8.380000000000000000e+02	8.380000000000000000e+05	1.218778506938372885e+02
8.390000000000000000e+02	8.390000000000000000e+05	1.219145797773709319e+02
8.400000000000000000e+02	8.400000000000000000e+05	1.218744559315369003e+02
8.410000000000000000e+02	8.410000000000000000e+05	1.220926947600771086e+02
8.420000000000000000e+02	8.420000000000000000e+05	1.219488350813008708e+02
8.430000000000000000e+02	8.430000000000000000e+05	1.220265598916262491e+02
8.440000000000000000e+02	8.440000000000000000e+05	1.221326289946874084e+02
8.450000000000000000e+02	8.450000000000000000e+05	1.221716215026424663e+02
8.460000000000000000e+02	8.460000000000000000e+05	1.222023816282346189e+02
8.470000000000000000e+02	8.470000000000000000e+05	1.223546844397235702e+02
8.480000000000000000e+02	8.480000000000000000e+05	1.223747804507284656e+02
8.490000000000000000e+02	8.490000000000000000e+05	1.223426655038706343e+02
8.500000000000000000e+02	8.500000000000000000e+05	1.223539540007765112e+02
8.510000000000000000e+02	8.510000000000000000e+05	1.224370078570086093e+02
8.520000000000000000e+02	8.520000000000000000e+05	1.226622758411828897e+02
8.530000000000000000e+02	8.530000000000000000e+05	1.227572738546599567e+02
8.540000000000000000e+02	8.540000000000000000e+05	1.228432770567201544e+02
8.550000000000000000e+02	8.550000000000000000e+05	1.228190201279483063e+02
8.560000000000000000e+02	8.560000000000000000e+05	1.228380694702591001e+02
8.570000000000000000e+02	8.570000000000000000e+05	1.229931908447710640e+02
8.580000000000000000e+02	8.580000000000000000e+05	1.230074453009310673e+02
8.590000000000000000e+02	8.590000000000000000e+05	1.231079708982758945e+02
8.600000000000000000e+02	8.600000000000000000e+05	1.231867828646005734e+02
8.610000000000000000e+02	8.610000000000000000e+05	1.233623123876874530e+02
8.620000000000000000e+02	8.620000000000000000e+05	1.235206204173897078e+02
8.630000000000000000e+02	8.630000000000000000e+05	1.237445745521685865e+02
8.640000000000000000e+02	8.640000000000000000e+05	1.235670267263795807e+02
8.650000000000000000e+02	8.650000000000000000e+05	1.236332031064379890e+02
8.660000000000000000e+02	8.660000000000000000e+05	1.237449968714203692e+02
8.670000000000000000e+02	8.670000000000000000e+05	1.238307747243253374e+02
8.680000000000000000e+02	8.680000000000000000e+05	1.239153859660243455e+02
8.690000000000000000e+02	8.690000000000000000e+05	1.239740605522343913e+02
8.700000000000000000e+02	8.700000000000000000e+05	1.240627394293783681e+02
8.710000000000000000e+02	8.710000000000000000e+05	1.240844319201326726e+02
8.720000000000000000e+02	8.720000000000000000e+05	1.242763012115687928e+02
8.730000000000000000e+02	8.730000000000000000e+05	1.242465620324859827e+02
8.740000000000000000e+02	8.740000000000000000e+05	1.242044984111135477e+02
8.750000000000000000e+02	8.750000000000000000e+05	1.241810596162405886e+02
8.760000000000000000e+02	8.760000000000000000e+05	1.242200908376130712e+02
8.770000000000000000e+02	8.770000000000000000e+05	1.242414680738985453e+02
8.780000000000000000e+02	8.780000000000000000e+05	1.243269983935932430e+02
8.790000000000000000e+02	8.790000000000000000e+05	1.245804959862558121e+02
8.800000000000000000e+02	8.800000000000000000e+05	1.248456452972546060e+02
8.810000000000000000e+02	8.810000000000000000e+05	1.249429520068657524e+02
8.820000000000000000e+02	8.820000000000000000e+05	1.249501671735584267e+02
8.830000000000000000e+02	8.830000000000000000e+05	1.251301674777655535e+02
8.840000000000000000e+02	8.840000000000000000e+05	1.252479413017800596e+02
8.850000000000000000e+02	8.850000000000000000e+05	1.253301981489187966e+02
8.860000000000000000e+02	8.860000000000000000e+05	1.254631537062830517e+02
8.870000000000000000e+02	8.870000000000000000e+05	1.256636986252602952e+02
8.880000000000000000e+02	8.880000000000000000e+05	1.257345293994995075e+02
8.890000000000000000e+02	8.890000000000000000e+05	1.258091455309875784e+02
8.900000000000000000e+02	8.900000000000000000e+05	1.259269401323909818e+02
8.910000000000000000e+02	8.910000000000000000e+05	1.262161226213767122e+02
8.920000000000000000e+02	8.920000000000000000e+05	1.262250707616577330e+02
8.930000000000000000e+02	8.930000000000000000e+05	1.264072218266661451e+02
8.940000000000000000e+02	8.940000000000000000e+05	1.265227679209830995e+02
8.950000000000000000e+02	8.950000000000000000e+05	1.264761653581810208e+02
8.960000000000000000e+02	8.960000000000000000e+05	1.264977441974170489e+02
8.970000000000000000e+02	8.970000000000000000e+05	1.266605232250270632e+02
8.980000000000000000e+02	8.980000000000000000e+05	1.265093747063129115e+02
8.990000000000000000e+02	8.990000000000000000e+05	1.263266591300628079e+02
9.000000000000000000e+02	9.000000000000000000e+05	1.265492083002857413e+02
9.010000000000000000e+02	9.010000000000000000e+05	1.266103491689931388e+02
9.020000000000000000e+02	9.020000000000000000e+05	1.266120664934090172e+02
9.030000000000000000e+02	9.030000000000000000e+05	1.267094849132497956e+02
9.040000000000000000e+02	9.040000000000000000e+05	1.267132170332496059e+02
9.050000000000000000e+02	9.050000000000000000e+05	1.269016718292190262e+02
9.060000000000000000e+02	9.060000000000000000e+05	1.270928141369534643e+02
9.070000000000000000e+02	9.070000000000000000e+05	1.272214056667066018e+02
9.080000000000000000e+02	9.080000000000000000e+05	1.271665378803103295e+02
9.090000000000000000e+02	9.090000000000000000e+05	1.274219852437241371e+02
9.100000000000000000e+02	9.100000000000000000e+05	1.277057327173478427e+02
9.110000000000000000e+02	9.110000000000000000e+05	1.279049375064309686e+02
9.120000000000000000e+02	9.120000000000000000e+05	1.278734960056605416e+02
9.130000000000000000e+02	9.130000000000000000e+05	1.278631973698290523e+02
9.140000000000000000e+02	9.140000000000000000e+05	1.279544937760365286e+02
9.150000000000000000e+02	9.150000000000000000e+05	1.280668008569953713e+02
9.160000000000000000e+02	9.160000000000000000e+05	1.280139504032601110e+02
9.170000000000000000e+02	9.170000000000000000e+05	1.283078325884453363e+02
9.180000000000000000e+02	9.180000000000000000e+05	1.283244266540701801e+02
9.190000000000000000e+02	9.190000000000000000e+05	1.285395776462246431e+02
9.200000000000000000e+02	9.200000000000000000e+05	1.286309607997997659e+02
9.210000000000000000e+02	9.210000000000000000e+05	1.286357621661163080e+02
9.220000000000000000e+02	9.220000000000000000e+05	1.285949662177528694e+02
9.230000000000000000e+02	9.230000000000000000e+05	1.286931495958830283e+02
9.240000000000000000e+02	9.240000000000000000e+05	1.287918760972527252e+02
9.250000000000000000e+02	9.250000000000000000e+05	1.287484419689512549e+02
9.260000000000000000e+02	9.260000000000000000e+05	1.289001234820010779e+02
9.270000000000000000e+02	9.270000000000000000e+05	1.289863146214501342e+02
9.280000000000000000e+02	9.280000000000000000e+05	1.291544914302145912e+02
9.290000000000000000e+02	9.290000000000000000e+05	1.292794048651650485e+02
9.300000000000000000e+02	9.300000000000000000e+05	1.293371695073990963e+02
9.310000000000000000e+02	9.310000000000000000e+05	1.295389972333348112e+02
9.320000000000000000e+02	9.320000000000000000e+05	1.297517470229661001e+02
9.330000000000000000e+02	9.330000000000000000e+05	1.299848370841570500e+02
9.340000000000000000e+02	9.340000000000000000e+05	1.299263672398359120e+02
9.350000000000000000e+02	9.350000000000000000e+05	1.300019930915580346e+02
9.360000000000000000e+02	9.360000000000000000e+05	1.303681892555348441e+02
9.370000000000000000e+02	9.370000000000000000e+05	1.305775687247683834e+02
9.380000000000000000e+02	9.380000000000000000e+05	1.306851262001158602e+02
9.390000000000000000e+02	9.390000000000000000e+05	1.308170044985683944e+02
9.400000000000000000e+02	9.400000000000000000e+05	1.308897310112717491e+02
9.410000000000000000e+02	9.410000000000000000e+05	1.309273760345659525e+02
9.420000000000000000e+02	9.420000000000000000e+05	1.309316775077603268e+02
9.430000000000000000e+02	9.430000000000000000e+05	1.310410763516264865e+02
9.440000000000000000e+02	9.440000000000000000e+05	1.309825696188470943e+02
9.450000000000000000e+02	9.450000000000000000e+05	1.310508109866730138e+02
9.460000000000000000e+02	9.460000000000000000e+05	1.309382556850646893e+02
9.470000000000000000e+02	9.470000000000000000e+05	1.311027173587754646e+02
9.480000000000000000e+02	9.480000000000000000e+05	1.311779347922854697e+02
9.490000000000000000e+02	9.490000000000000000e+05	1.312739540129196598e+02
9.500000000000000000e+02	9.500000000000000000e+05	1.313395314301883730e+02
9.510000000000000000e+02	9.510000000000000000e+05	1.314042516714917213e+02
9.520000000000000000e+02	9.520000000000000000e+05	1.314885967652458021e+02
9.530000000000000000e+02	9.530000000000000000e+05	1.316674992861577493e+02
9.540000000000000000e+02	9.540000000000000000e+05	1.317838833091108199e+02
9.550000000000000000e+02	9.550000000000000000e+05	1.320114413655911676e+02
9.560000000000000000e+02	9.560000000000000000e+05	1.323964996357106543e+02
9.570000000000000000e+02	9.570000000000000000e+05	1.325476809760070864e+02
9.580000000000000000e+02	9.580000000000000000e+05	1.328509094413007858e+02
9.590000000000000000e+02	9.590000000000000000e+05	1.329704404730001386e+02
9.600000000000000000e+02	9.600000000000000000e+05	1.328970552183481573e+02
9.610000000000000000e+02	9.610000000000000000e+05	1.329783683053136940e+02
9.620000000000000000e+02	9.620000000000000000e+05	1.329183852070260912e+02
9.630000000000000000e+02	9.630000000000000000e+05	1.329855965796511157e+02
9.640000000000000000e+02	9.640000000000000000e+05	1.330667826030397976e+02
9.650000000000000000e+02	9.650000000000000000e+05	1.333429452108060502e+02
9.660000000000000000e+02	9.660000000000000000e+05	1.337448234806081473e+02
9.670000000000000000e+02	9.670000000000000000e+05	1.338913472463296443e+02
9.680000000000000000e+02	9.680000000000000000e+05	1.338379523108311275e+02
9.690000000000000000e+02	9.690000000000000000e+05	1.339046214096661345e+02
9.700000000000000000e+02	9.700000000000000000e+05	1.339851513842374686e+02
9.710000000000000000e+02	9.710000000000000000e+05	1.341474320129498778e+02
9.720000000000000000e+02	9.720000000000000000e+05	1.342125715701108390e+02
9.730000000000000000e+02	9.730000000000000000e+05	1.341938898211828928e+02
9.740000000000000000e+02	9.740000000000000000e+05	1.342151062576997731e+02
9.750000000000000000e+02	9.750000000000000000e+05	1.341298598656286174e+02
9.760000000000000000e+02	9.760000000000000000e+05	1.343468345749530215e+02
9.770000000000000000e+02	9.770000000000000000e+05	1.343636849387044947e+02
9.780000000000000000e+02	9.780000000000000000e+05	1.342871999123535147e+02
9.790000000000000000e+02	9.790000000000000000e+05	1.345293914215561699e+02
9.800000000000000000e+02	9.800000000000000000e+05	1.348086434156915345e+02
9.810000000000000000e+02	9.810000000000000000e+05	1.349197200724065056e+02
9.820000000000000000e+02	9.820000000000000000e+05	1.350059958013856942e+02
9.830000000000000000e+02	9.830000000000000000e+05	1.350862861501496752e+02
9.840000000000000000e+02	9.840000000000000000e+05	1.354081553691747501e+02
9.850000000000000000e+02	9.850000000000000000e+05	1.357875958722980840e+02
9.860000000000000000e+02	9.860000000000000000e+05	1.360767774119936746e+02
9.870000000000000000e+02	9.870000000000000000e+05	1.362204768890368598e+02
9.880000000000000000e+02	9.880000000000000000e+05	1.362888507021671955e+02
9.890000000000000000e+02	9.890000000000000000e+05	1.362689515535701048e+02
9.900000000000000000e+02	9.900000000000000000e+05	1.363199641388882526e+02
9.910000000000000000e+02	9.910000000000000000e+05	1.366081292336844513e+02
9.920000000000000000e+02	9.920000000000000000e+05	1.367089468738444964e+02
9.930000000000000000e+02	9.930000000000000000e+05	1.367641676435980287e+02
9.940000000000000000e+02	9.940000000000000000e+05	1.370544512353639277e+02
9.950000000000000000e+02	9.950000000000000000e+05	1.373501655805416135e+02
9.960000000000000000e+02	9.960000000000000000e+05	1.375156011594469589e+02
9.970000000000000000e+02	9.970000000000000000e+05	1.374955361017084101e+02
9.980000000000000000e+02	9.980000000000000000e+05	1.378070185553407612e+02
9.990000000000000000e+02	9.990000000000000000e+05	1.379799614501502845e+02
1.000000000000000000e+03	1.000000000000000000e+06	1.378980975830627074e+02
1.001000000000000000e+03	1.001000000000000000e+06	1.380242774473589122e+02
1.002000000000000000e+03	1.002000000000000000e+06	1.380783751583438459e+02
1.003000000000000000e+03	1.003000000000000000e+06	1.382730030518575575e+02
1.004000000000000000e+03	1.004000000000000000e+06	1.383422985062955775e+02
1.005000000000000000e+03	1.005000000000000000e+06	1.387366172801581286e+02
1.006000000000000000e+03	1.006000000000000000e+06	1.387765918108320875e+02
1.007000000000000000e+03	1.007000000000000000e+06	1.387905339080907368e+02
1.008000000000000000e+03	1.008000000000000000e+06	1.389208006480989752e+02
1.009000000000000000e+03	1.009000000000000000e+06	1.389880884329075741e+02
1.010000000000000000e+03	1.010000000000000000e+06	1.389838450138393284e+02
1.011000000000000000e+03	1.011000000000000000e+06	1.390433202986601202e+02
1.012000000000000000e+03	1.012000000000000000e+06	1.390610044017774669e+02
1.013000000000000000e+03	1.013000000000000000e+06	1.391781396749230737e+02
1.014000000000000000e+03	1.014000000000000000e+06	1.391892881383609222e+02
1.015000000000000000e+03	1.015000000000000000e+06	1.391648211725706972e+02
1.016000000000000000e+03	1.016000000000000000e+06	1.393031829355541902e+02
1.017000000000000000e+03	1.017000000000000000e+06	1.393293297016873566e+02
1.018000000000000000e+03	1.018000000000000000e+06	1.394182597056358759e+02
1.019000000000000000e+03	1.019000000000000000e+06	1.393674671538664995e+02
1.020000000000000000e+03	1.020000000000000000e+06	1.394084961163925129e+02
1.021000000000000000e+03	1.021000000000000000e+06	1.395852836122205360e+02
1.022000000000000000e+03	1.022000000000000000e+06	1.397408217060069830e+02
1.023000000000000000e+03	1.023000000000000000e+06	1.396884786868879758e+02
1.024000000000000000e+03	1.024000000000000000e+06	1.396637709691720204e+02
1.025000000000000000e+03	1.025000000000000000e+06	1.400030663202725805e+02
1.026000000000000000e+03	1.026000000000000000e+06	1.403370970629877945e+02
1.027000000000000000e+03	1.027000000000000000e+06	1.403143972487311260e+02
1.028000000000000000e+03	1.028000000000000000e+06	1.404386406154766576e+02
1.029000000000000000e+03	1.029000000000000000e+06	1.406261856043794296e+02
1.030000000000000000e+03	1.030000000000000000e+06	1.407068199091184226e+02
1.031000000000000000e+03	1.031000000000000000e+06	1.407564378197353108e+02
1.032000000000000000e+03	1.032000000000000000e+06	1.410501363975242555e+02
1.033000000000000000e+03	1.033000000000000000e+06	1.412682451368550574e+02
1.034000000000000000e+03	1.034000000000000000e+06	1.415004061965781261e+02
1.035000000000000000e+03	1.035000000000000000e+06	1.415421242339726575e+02
1.036000000000000000e+03	1.036000000000000000e+06	1.418582521502481200e+02
1.037000000000000000e+03	1.037000000000000000e+06	1.421160928744872933e+02
1.038000000000000000e+03	1.038000000000000000e+06	1.420673192252185970e+02
1.039000000000000000e+03	1.039000000000000000e+06	1.423159317993176387e+02
1.040000000000000000e+03	1.040000000000000000e+06	1.423406635403969744e+02
1.041000000000000000e+03	1.041000000000000000e+06	1.424763485137053181e+02
1.042000000000000000e+03	1.042000000000000000e+06	1.426852821765271813e+02
1.043000000000000000e+03	1.043000000000000000e+06	1.427810755532403562e+02
1.044000000000000000e+03	1.044000000000000000e+06	1.426637942457318218e+02
1.045000000000000000e+03	1.045000000000000000e+06	1.428731776376913842e+02
1.046000000000000000e+03	1.046000000000000000e+06	1.429051878415585293e+02
1.047000000000000000e+03	1.047000000000000000e+06	1.431406985528463451e+02
1.048000000000000000e+03	1.048000000000000000e+06	1.431683152004979718e+02
1.049000000000000000e+03	1.049000000000000000e+06	1.430071676435240136e+02
1.050000000000000000e+03	1.050000000000000000e+06	1.431229069405443681e+02
1.051000000000000000e+03	1.051000000000000000e+06	1.432976316244333077e+02
1.052000000000000000e+03	1.052000000000000000e+06	1.433007868433242891e+02
1.053000000000000000e+03	1.053000000000000000e+06	1.435415749605809879e+02
1.054000000000000000e+03	1.054000000000000000e+06	1.436359127562602680e+02
1.055000000000000000e+03	1.055000000000000000e+06	1.437524348507519960e+02
1.056000000000000000e+03	1.056000000000000000e+06	1.437444078917063734e+02
1.057000000000000000e+03	1.057000000000000000e+06	1.438980695287738456e+02
1.058000000000000000e+03	1.058000000000000000e+06	1.436626209770076628e+02
1.059000000000000000e+03	1.059000000000000000e+06	1.439252317875488245e+02
1.060000000000000000e+03	1.060000000000000000e+06	1.441289063648275430e+02
1.061000000000000000e+03	1.061000000000000000e+06	1.443164859023626434e+02
1.062000000000000000e+03	1.062000000000000000e+06	1.443155309117981915e+02
1.063000000000000000e+03	1.063000000000000000e+06	1.443653471053164026e+02
1.064000000000000000e+03	1.064000000000000000e+06	1.446272065499344421e+02
1.065000000000000000e+03	1.065000000000000000e+06	1.448636196543495487e+02
1.066000000000000000e+03	1.066000000000000000e+06	1.449763796477767528e+02
1.067000000000000000e+03	1.067000000000000000e+06	1.452030975223996734e+02
1.068000000000000000e+03	1.068000000000000000e+06	1.451288135498430734e+02
1.069000000000000000e+03	1.069000000000000000e+06	1.451061153850888559e+02
1.070000000000000000e+03	1.070000000000000000e+06	1.450198927969499039e+02
1.071000000000000000e+03	1.071000000000000000e+06	1.450204078895933719e+02
1.072000000000000000e+03	1.072000000000000000e+06	1.450018469340070340e+02
1.073000000000000000e+03	1.073000000000000000e+06	1.451366091594382510e+02
1.074000000000000000e+03	1.074000000000000000e+06	1.451477187763356085e+02
1.075000000000000000e+03	1.075000000000000000e+06	1.453740116421834614e+02
1.076000000000000000e+03	1.076000000000000000e+06	1.454190970641418232e+02
1.077000000000000000e+03	1.077000000000000000e+06	1.452823981811507394e+02
1.078000000000000000e+03	1.078000000000000000e+06	1.452914447167582068e+02
1.079000000000000000e+03	1.079000000000000000e+06	1.455356973260202835e+02
1.080000000000000000e+03	1.080000000000000000e+06	1.457009561648452518e+02
1.081000000000000000e+03	1.081000000000000000e+06	1.456975494221545091e+02
1.082000000000000000e+03	1.082000000000000000e+06	1.457406144614540153e+02
1.083000000000000000e+03	1.083000000000000000e+06	1.460161153785884096e+02
1.084000000000000000e+03	1.084000000000000000e+06	1.458280139355667586e+02
1.085000000000000000e+03	1.085000000000000000e+06	1.462101190035429568e+02
1.086000000000000000e+03	1.086000000000000000e+06	1.462148360034783821e+02
1.087000000000000000e+03	1.087000000000000000e+06	1.464187049641905958e+02
1.088000000000000000e+03	1.088000000000000000e+06	1.466750851923014523e+02
1.089000000000000000e+03	1.089000000000000000e+06	1.466992922867650861e+02
1.090000000000000000e+03	1.090000000000000000e+06	1.468118221643916002e+02
1.091000000000000000e+03	1.091000000000000000e+06	1.467943613347257781e+02
1.092000000000000000e+03	1.092000000000000000e+06	1.468849018809934819e+02
1.093000000000000000e+03	1.093000000000000000e+06	1.469166835396895010e+02
1.094000000000000000e+03	1.094000000000000000e+06	1.470414997711778256e+02
1.095000000000000000e+03	1.095000000000000000e+06	1.472184818472796337e+02
1.096000000000000000e+03	1.096000000000000000e+06	1.473381400533159820e+02
1.097000000000000000e+03	1.097000000000000000e+06	1.470143578360765559e+02
1.098000000000000000e+03	1.098000000000000000e+06	1.471647694960682600e+02
1.099000000000000000e+03	1.099000000000000000e+06	1.472240141993362386e+02
1.100000000000000000e+03	1.100000000000000000e+06	1.474537199392963487e+02
1.101000000000000000e+03	1.101000000000000000e+06	1.473666854251503366e+02
1.102000000000000000e+03	1.102000000000000000e+06	1.472956404597391042e+02
1.103000000000000000e+03	1.103000000000000000e+06	1.474334526525036040e+02
1.104000000000000000e+03	1.104000000000000000e+06	1.474347904644042160e+02
1.105000000000000000e+03	1.105000000000000000e+06	1.475086773040278558e+02
1.106000000000000000e+03	1.106000000000000000e+06	1.476664955167853179e+02
1.107000000000000000e+03	1.107000000000000000e+06	1.476144039037166635e+02
1.108000000000000000e+03	1.108000000000000000e+06	1.478869410588165465e+02
1.109000000000000000e+03	1.109000000000000000e+06	1.480999720781274789e+02
1.110000000000000000e+03	1.110000000000000000e+06	1.482305126265616764e+02
1.111000000000000000e+03	1.111000000000000000e+06	1.483890614915373192e+02
1.112000000000000000e+03	1.112000000000000000e+06	1.484666963154374741e+02
1.113000000000000000e+03	1.113000000000000000e+06	1.484559778603268683e+02
1.114000000000000000e+03	1.114000000000000000e+06	1.485700480341313039e+02
1.115000000000000000e+03	1.115000000000000000e+06	1.486647984596068284e+02
1.116000000000000000e+03	1.116000000000000000e+06	1.488809475778968761e+02
1.117000000000000000e+03	1.117000000000000000e+06	1.490237140339256143e+02
1.118000000000000000e+03	1.118000000000000000e+06	1.492554566894979473e+02
1.119000000000000000e+03	1.119000000000000000e+06	1.492284773041313031e+02
1.120000000000000000e+03	1.120000000000000000e+06	1.493779842006438798e+02
1.121000000000000000e+03	1.121000000000000000e+06	1.492822310885934769e+02
1.122000000000000000e+03	1.122000000000000000e+06	1.494366048741710813e+02
1.123000000000000000e+03	1.123000000000000000e+06	1.495283913830883193e+02
1.124000000000000000e+03	1.124000000000000000e+06	1.496467569174829464e+02
1.125000000000000000e+03	1.125000000000000000e+06	1.498657215266452738e+02
1.126000000000000000e+03	1.126000000000000000e+06	1.501601543067818056e+02
1.127000000000000000e+03	1.127000000000000000e+06	1.502466199761277608e+02
1.128000000000000000e+03	1.128000000000000000e+06	1.502137052996498028e+02
1.129000000000000000e+03	1.129000000000000000e+06	1.503509691911878008e+02
1.130000000000000000e+03	1.130000000000000000e+06	1.505977881664088329e+02
1.131000000000000000e+03	1.131000000000000000e+06	1.505488879549247940e+02
1.132000000000000000e+03	1.132000000000000000e+06	1.505575829182215273e+02
1.133000000000000000e+03	1.133000000000000000e+06	1.505895289959518948e+02
1.134000000000000000e+03	1.134000000000000000e+06	1.506258201797472509e+02
1.135000000000000000e+03	1.135000000000000000e+06	1.509844923641181822e+02
1.136000000000000000e+03	1.136000000000000000e+06	1.511775965535831574e+02
1.137000000000000000e+03	1.137000000000000000e+06	1.512613927323895098e+02
1.138000000000000000e+03	1.138000000000000000e+06	1.516028416965650649e+02
1.139000000000000000e+03	1.139000000000000000e+06	1.517777910384209008e+02
1.140000000000000000e+03	1.140000000000000000e+06	1.517634553532357700e+02
1.141000000000000000e+03	1.141000000000000000e+06	1.518175197908557550e+02
1.142000000000000000e+03	1.142000000000000000e+06	1.519616512675167996e+02
1.143000000000000000e+03	1.143000000000000000e+06	1.520782511794473635e+02
1.144000000000000000e+03	1.144000000000000000e+06	1.524120688455815866e+02
1.145000000000000000e+03	1.145000000000000000e+06	1.527363278006560563e+02
1.146000000000000000e+03	1.146000000000000000e+06	1.528425154175430407e+02
1.147000000000000000e+03	1.147000000000000000e+06	1.532420865296990655e+02
1.148000000000000000e+03	1.148000000000000000e+06	1.535573641260496345e+02
1.149000000000000000e+03	1.149000000000000000e+06	1.537235615229353698e+02
1.150000000000000000e+03	1.150000000000000000e+06	1.538895656023840957e+02
1.151000000000000000e+03	1.151000000000000000e+06	1.540007716605470591e+02
1.152000000000000000e+03	1.152000000000000000e+06	1.542021413360814108e+02
1.153000000000000000e+03	1.153000000000000000e+06	1.544078345532064986e+02
1.154000000000000000e+03	1.154000000000000000e+06	1.546409816276304525e+02
1.155000000000000000e+03	1.155000000000000000e+06	1.547919652617334805e+02
1.156000000000000000e+03	1.156000000000000000e+06	1.546202352472886901e+02
1.157000000000000000e+03	1.157000000000000000e+06	1.547307232985909025e+02
1.158000000000000000e+03	1.158000000000000000e+06	1.547671293141632987e+02
1.159000000000000000e+03	1.159000000000000000e+06	1.549819852328060676e+02
1.160000000000000000e+03	1.160000000000000000e+06	1.552475730666504603e+02
