0.000000000000000000e+00	0.000000000000000000e+00	0.000000000000000000e+00
1.000000000000000000e+00	1.000000000000000000e+03	1.412561192310546998e+00
2.000000000000000000e+00	2.000000000000000000e+03	1.858122286588889560e+00
3.000000000000000000e+00	3.000000000000000000e+03	2.399370411740138209e+00
4.000000000000000000e+00	4.000000000000000000e+03	2.764495031843134054e+00
5.000000000000000000e+00	5.000000000000000000e+03	2.948109169160714416e+00
6.000000000000000000e+00	6.000000000000000000e+03	3.151757131545615209e+00
7.000000000000000000e+00	7.000000000000000000e+03	3.896863984865877484e+00
8.000000000000000000e+00	8.000000000000000000e+03	4.337565519183474549e+00
9.000000000000000000e+00	9.000000000000000000e+03	4.331698593598365399e+00
1.000000000000000000e+01	1.000000000000000000e+04	4.570436393948332565e+00
1.100000000000000000e+01	1.100000000000000000e+04	4.700188180244356140e+00
1.200000000000000000e+01	1.200000000000000000e+04	4.864253618110268462e+00
1.300000000000000000e+01	1.300000000000000000e+04	4.859745310581176980e+00
1.400000000000000000e+01	1.400000000000000000e+04	5.234452884670750095e+00
1.500000000000000000e+01	1.500000000000000000e+04	5.722864397609736642e+00
1.600000000000000000e+01	1.600000000000000000e+04	6.143943550851340696e+00
1.700000000000000000e+01	1.700000000000000000e+04	6.463253172162214177e+00
1.800000000000000000e+01	1.800000000000000000e+04	6.926813391273065612e+00
1.900000000000000000e+01	1.900000000000000000e+04	7.091891385327230957e+00
2.000000000000000000e+01	2.000000000000000000e+04	7.355250200659432025e+00
2.100000000000000000e+01	2.100000000000000000e+04	7.717285202369822628e+00
2.200000000000000000e+01	2.200000000000000000e+04	7.968410919901565137e+00
2.300000000000000000e+01	2.300000000000000000e+04	8.191432120542463835e+00
2.400000000000000000e+01	2.400000000000000000e+04	8.251531160336092796e+00
2.500000000000000000e+01	2.500000000000000000e+04	8.556558454294236782e+00
2.600000000000000000e+01	2.600000000000000000e+04	8.695208342358277775e+00
2.700000000000000000e+01	2.700000000000000000e+04	9.055612629642052269e+00
2.800000000000000000e+01	2.800000000000000000e+04	9.304990172113022595e+00
2.900000000000000000e+01	2.900000000000000000e+04	9.367969040332027930e+00
3.000000000000000000e+01	3.000000000000000000e+04	9.514873937023633488e+00
3.100000000000000000e+01	3.100000000000000000e+04	9.542188171554879972e+00
3.200000000000000000e+01	3.200000000000000000e+04	9.875349949717163511e+00
3.300000000000000000e+01	3.300000000000000000e+04	1.023817559905375774e+01
3.400000000000000000e+01	3.400000000000000000e+04	1.062994538158458901e+01
3.500000000000000000e+01	3.500000000000000000e+04	1.090309769193003753e+01
3.600000000000000000e+01	3.600000000000000000e+04	1.068302223446058363e+01
3.700000000000000000e+01	3.700000000000000000e+04	1.089261182786865412e+01
3.800000000000000000e+01	3.800000000000000000e+04	1.098658448529531917e+01
3.900000000000000000e+01	3.900000000000000000e+04	1.115888442403494274e+01
4.000000000000000000e+01	4.000000000000000000e+04	1.153697801821874158e+01
4.100000000000000000e+01	4.100000000000000000e+04	1.166622392957132170e+01
4.200000000000000000e+01	4.200000000000000000e+04	1.187875456551834219e+01
4.300000000000000000e+01	4.300000000000000000e+04	1.211239186069219897e+01
4.400000000000000000e+01	4.400000000000000000e+04	1.217973284114212262e+01
4.500000000000000000e+01	4.500000000000000000e+04	1.268896606218335954e+01
4.600000000000000000e+01	4.600000000000000000e+04	1.267478032149722189e+01
4.700000000000000000e+01	4.700000000000000000e+04	1.304472987096954384e+01
4.800000000000000000e+01	4.800000000000000000e+04	1.326047971985091500e+01
4.900000000000000000e+01	4.900000000000000000e+04	1.364866174666504861e+01
5.000000000000000000e+01	5.000000000000000000e+04	1.350692432877673888e+01
5.100000000000000000e+01	5.100000000000000000e+04	1.386355872990988836e+01
5.200000000000000000e+01	5.200000000000000000e+04	1.412174536788509371e+01
5.300000000000000000e+01	5.300000000000000000e+04	1.415859401247605476e+01
5.400000000000000000e+01	5.400000000000000000e+04	1.435349643162648192e+01
5.500000000000000000e+01	5.500000000000000000e+04	1.463313764419129726e+01
5.600000000000000000e+01	5.600000000000000000e+04	1.489078487333970280e+01
5.700000000000000000e+01	5.700000000000000000e+04	1.476738385569560208e+01
5.800000000000000000e+01	5.800000000000000000e+04	1.505741317647632727e+01
5.900000000000000000e+01	5.900000000000000000e+04	1.519510545905148291e+01
6.000000000000000000e+01	6.000000000000000000e+04	1.577631973369312846e+01
6.100000000000000000e+01	6.100000000000000000e+04	1.589835128689559696e+01
6.200000000000000000e+01	6.200000000000000000e+04	1.622998537201392821e+01
6.300000000000000000e+01	6.300000000000000000e+04	1.596384658480172547e+01
6.400000000000000000e+01	6.400000000000000000e+04	1.601578352520863291e+01
6.500000000000000000e+01	6.500000000000000000e+04	1.607829603159807164e+01
6.600000000000000000e+01	6.600000000000000000e+04	1.630928181769773033e+01
6.700000000000000000e+01	6.700000000000000000e+04	1.648366863377876967e+01
6.800000000000000000e+01	6.800000000000000000e+04	1.680594445946926641e+01
6.900000000000000000e+01	6.900000000000000000e+04	1.701082838302440337e+01
7.000000000000000000e+01	7.000000000000000000e+04	1.728549352534894368e+01
7.100000000000000000e+01	7.100000000000000000e+04	1.748451237108213263e+01
7.200000000000000000e+01	7.200000000000000000e+04	1.739870074434392677e+01
7.300000000000000000e+01	7.300000000000000000e+04	1.757822452342734465e+01
7.400000000000000000e+01	7.400000000000000000e+04	1.759697321850264018e+01
7.500000000000000000e+01	7.500000000000000000e+04	1.756469737013036791e+01
7.600000000000000000e+01	7.600000000000000000e+04	1.797398907152760472e+01
7.700000000000000000e+01	7.700000000000000000e+04	1.832637683703562459e+01
7.800000000000000000e+01	7.800000000000000000e+04	1.863766646423405859e+01
7.900000000000000000e+01	7.900000000000000000e+04	1.867515468257171207e+01
8.000000000000000000e+01	8.000000000000000000e+04	1.916059304078781977e+01
8.100000000000000000e+01	8.100000000000000000e+04	1.966270413194714450e+01
8.200000000000000000e+01	8.200000000000000000e+04	1.991379401187951004e+01
8.300000000000000000e+01	8.300000000000000000e+04	2.001658019147302525e+01
8.400000000000000000e+01	8.400000000000000000e+04	2.029131683963258226e+01
8.500000000000000000e+01	8.500000000000000000e+04	2.034300627610527457e+01
8.600000000000000000e+01	8.600000000000000000e+04	2.015905409689928263e+01
8.700000000000000000e+01	8.700000000000000000e+04	2.012339081320732959e+01
8.800000000000000000e+01	8.800000000000000000e+04	2.048316690141402319e+01
8.900000000000000000e+01	8.900000000000000000e+04	2.019846369695115484e+01
9.000000000000000000e+01	9.000000000000000000e+04	2.014238702869177899e+01
9.100000000000000000e+01	9.100000000000000000e+04	2.047775177078029785e+01
9.200000000000000000e+01	9.200000000000000000e+04	2.045075114257375404e+01
9.300000000000000000e+01	9.300000000000000000e+04	2.045225628166661380e+01
9.400000000000000000e+01	9.400000000000000000e+04	2.044515548792888637e+01
9.500000000000000000e+01	9.500000000000000000e+04	2.046682849125522807e+01
9.600000000000000000e+01	9.600000000000000000e+04	2.086938987119572175e+01
9.700000000000000000e+01	9.700000000000000000e+04	2.111706583249488389e+01
9.800000000000000000e+01	9.800000000000000000e+04	2.121277271886037141e+01
9.900000000000000000e+01	9.900000000000000000e+04	2.136812451266411017e+01
1.000000000000000000e+02	1.000000000000000000e+05	2.131448094460877485e+01
1.010000000000000000e+02	1.010000000000000000e+05	2.148866053302894130e+01
1.020000000000000000e+02	1.020000000000000000e+05	2.187282684025325707e+01
1.030000000000000000e+02	1.030000000000000000e+05	2.207010626516347784e+01
1.040000000000000000e+02	1.040000000000000000e+05	2.252189716399849928e+01
1.050000000000000000e+02	1.050000000000000000e+05	2.292629913947326514e+01
1.060000000000000000e+02	1.060000000000000000e+05	2.289276362101362849e+01
1.070000000000000000e+02	1.070000000000000000e+05	2.309954913042384916e+01
1.080000000000000000e+02	1.080000000000000000e+05	2.338431902323067035e+01
1.090000000000000000e+02	1.090000000000000000e+05	2.392616852951466910e+01
1.100000000000000000e+02	1.100000000000000000e+05	2.367199869341110130e+01
1.110000000000000000e+02	1.110000000000000000e+05	2.379684657819508686e+01
1.120000000000000000e+02	1.120000000000000000e+05	2.397693529781803790e+01
1.130000000000000000e+02	1.130000000000000000e+05	2.438219081361668472e+01
1.140000000000000000e+02	1.140000000000000000e+05	2.458409635245803671e+01
1.150000000000000000e+02	1.150000000000000000e+05	2.481663097319608724e+01
1.160000000000000000e+02	1.160000000000000000e+05	2.501642411473729055e+01
1.170000000000000000e+02	1.170000000000000000e+05	2.553524981321186971e+01
1.180000000000000000e+02	1.180000000000000000e+05	2.606327900371118389e+01
1.190000000000000000e+02	1.190000000000000000e+05	2.638286663776381857e+01
1.200000000000000000e+02	1.200000000000000000e+05	2.624654214610339764e+01
1.210000000000000000e+02	1.210000000000000000e+05	2.670073486553906150e+01
1.220000000000000000e+02	1.220000000000000000e+05	2.680883734899835957e+01
1.230000000000000000e+02	1.230000000000000000e+05	2.691372033368376293e+01
1.240000000000000000e+02	1.240000000000000000e+05	2.721020007878738411e+01
1.250000000000000000e+02	1.250000000000000000e+05	2.751828197005095689e+01
1.260000000000000000e+02	1.260000000000000000e+05	2.783600753357631774e+01
1.270000000000000000e+02	1.270000000000000000e+05	2.820898868797905479e+01
1.280000000000000000e+02	1.280000000000000000e+05	2.840079378908975727e+01
1.290000000000000000e+02	1.290000000000000000e+05	2.860245627992235384e+01
1.300000000000000000e+02	1.300000000000000000e+05	2.900532206843674032e+01
1.310000000000000000e+02	1.310000000000000000e+05	2.920001511560553098e+01
1.320000000000000000e+02	1.320000000000000000e+05	2.917868285207048729e+01
1.330000000000000000e+02	1.330000000000000000e+05	2.922322842698153167e+01
1.340000000000000000e+02	1.340000000000000000e+05	2.945047521014245007e+01
1.350000000000000000e+02	1.350000000000000000e+05	2.916278088050968975e+01
1.360000000000000000e+02	1.360000000000000000e+05	2.887612640701337696e+01
1.370000000000000000e+02	1.370000000000000000e+05	2.884734707432873790e+01
1.380000000000000000e+02	1.380000000000000000e+05	2.906475835319010415e+01
1.390000000000000000e+02	1.390000000000000000e+05	2.929710836385074302e+01
1.400000000000000000e+02	1.400000000000000000e+05	2.953752685783214815e+01
1.410000000000000000e+02	1.410000000000000000e+05	2.975393351648688167e+01
1.420000000000000000e+02	1.420000000000000000e+05	2.997375291183649537e+01
1.430000000000000000e+02	1.430000000000000000e+05	3.059194977001259019e+01
1.440000000000000000e+02	1.440000000000000000e+05	3.085932245907210003e+01
1.450000000000000000e+02	1.450000000000000000e+05	3.101691786484329683e+01
1.460000000000000000e+02	1.460000000000000000e+05	3.097587405248147263e+01
1.470000000000000000e+02	1.470000000000000000e+05	3.109129467203859676e+01
1.480000000000000000e+02	1.480000000000000000e+05	3.114845788479290434e+01
1.490000000000000000e+02	1.490000000000000000e+05	3.121765062975942584e+01
1.500000000000000000e+02	1.500000000000000000e+05	3.150127821386126215e+01
1.510000000000000000e+02	1.510000000000000000e+05	3.185013224851802960e+01
1.520000000000000000e+02	1.520000000000000000e+05	3.231359310312031852e+01
1.530000000000000000e+02	1.530000000000000000e+05	3.254943489251604660e+01
1.540000000000000000e+02	1.540000000000000000e+05	3.271085451211644823e+01
1.550000000000000000e+02	1.550000000000000000e+05	3.280650301915694200e+01
1.560000000000000000e+02	1.560000000000000000e+05	3.277255562847847870e+01
1.570000000000000000e+02	1.570000000000000000e+05	3.288309608947795226e+01
1.580000000000000000e+02	1.580000000000000000e+05	3.309443783420937280e+01
1.590000000000000000e+02	1.590000000000000000e+05	3.345132670953497467e+01
1.600000000000000000e+02	1.600000000000000000e+05	3.390720736347365261e+01
1.610000000000000000e+02	1.610000000000000000e+05	3.422044428060826249e+01
1.620000000000000000e+02	1.620000000000000000e+05	3.434063109597688168e+01
1.630000000000000000e+02	1.630000000000000000e+05	3.435042629865753838e+01
1.640000000000000000e+02	1.640000000000000000e+05	3.427783856698111009e+01
1.650000000000000000e+02	1.650000000000000000e+05	3.432601949446736000e+01
1.660000000000000000e+02	1.660000000000000000e+05	3.440685999739224599e+01
1.670000000000000000e+02	1.670000000000000000e+05	3.489676644343722245e+01
1.680000000000000000e+02	1.680000000000000000e+05	3.520396998901592411e+01
1.690000000000000000e+02	1.690000000000000000e+05	3.507706110830716995e+01
1.700000000000000000e+02	1.700000000000000000e+05	3.548891279914130337e+01
1.710000000000000000e+02	1.710000000000000000e+05	3.548944354237157484e+01
1.720000000000000000e+02	1.720000000000000000e+05	3.583845895915984414e+01
1.730000000000000000e+02	1.730000000000000000e+05	3.592714174530767934e+01
1.740000000000000000e+02	1.740000000000000000e+05	3.588307025678810191e+01
1.750000000000000000e+02	1.750000000000000000e+05	3.619561417523132718e+01
1.760000000000000000e+02	1.760000000000000000e+05	3.659298151911165320e+01
1.770000000000000000e+02	1.770000000000000000e+05	3.700473482967790773e+01
1.780000000000000000e+02	1.780000000000000000e+05	3.717022883538299993e+01
1.790000000000000000e+02	1.790000000000000000e+05	3.754882321708983994e+01
1.800000000000000000e+02	1.800000000000000000e+05	3.770422370055998584e+01
1.810000000000000000e+02	1.810000000000000000e+05	3.784504310143196193e+01
1.820000000000000000e+02	1.820000000000000000e+05	3.824953903873066707e+01
1.830000000000000000e+02	1.830000000000000000e+05	3.877532744416274113e+01
1.840000000000000000e+02	1.840000000000000000e+05	3.895335892211866735e+01
1.850000000000000000e+02	1.850000000000000000e+05	3.945355990762926979e+01
1.860000000000000000e+02	1.860000000000000000e+05	3.967719016408141641e+01
1.870000000000000000e+02	1.870000000000000000e+05	3.979447239453795504e+01
1.880000000000000000e+02	1.880000000000000000e+05	4.010606781552227318e+01
1.890000000000000000e+02	1.890000000000000000e+05	4.019807147701384764e+01
1.900000000000000000e+02	1.900000000000000000e+05	4.020789768878218950e+01
1.910000000000000000e+02	1.910000000000000000e+05	4.020073909755722497e+01
1.920000000000000000e+02	1.920000000000000000e+05	4.047947165135978764e+01
1.930000000000000000e+02	1.930000000000000000e+05	4.068122667527826763e+01
1.940000000000000000e+02	1.940000000000000000e+05	4.115140125387560488e+01
1.950000000000000000e+02	1.950000000000000000e+05	4.119466938016105217e+01
1.960000000000000000e+02	1.960000000000000000e+05	4.149415678878288816e+01
1.970000000000000000e+02	1.970000000000000000e+05	4.155561217207996094e+01
1.980000000000000000e+02	1.980000000000000000e+05	4.181283582838000967e+01
1.990000000000000000e+02	1.990000000000000000e+05	4.191930846403056421e+01
2.000000000000000000e+02	2.000000000000000000e+05	4.204607734669316699e+01
2.010000000000000000e+02	2.010000000000000000e+05	4.209442969117301203e+01
2.020000000000000000e+02	2.020000000000000000e+05	4.210655854664017284e+01
2.030000000000000000e+02	2.030000000000000000e+05	4.229948189573337203e+01
2.040000000000000000e+02	2.040000000000000000e+05	4.277631575930379881e+01
2.050000000000000000e+02	2.050000000000000000e+05	4.276431792634138418e+01
2.060000000000000000e+02	2.060000000000000000e+05	4.272473949043354224e+01
2.070000000000000000e+02	2.070000000000000000e+05	4.274315415783149774e+01
2.080000000000000000e+02	2.080000000000000000e+05	4.283200670920611230e+01
2.090000000000000000e+02	2.090000000000000000e+05	4.301491813152215826e+01
2.100000000000000000e+02	2.100000000000000000e+05	4.315796298306023004e+01
2.110000000000000000e+02	2.110000000000000000e+05	4.318682195409031976e+01
2.120000000000000000e+02	2.120000000000000000e+05	4.335196778808106899e+01
2.130000000000000000e+02	2.130000000000000000e+05	4.333623434105760452e+01
2.140000000000000000e+02	2.140000000000000000e+05	4.354558937304063448e+01
2.150000000000000000e+02	2.150000000000000000e+05	4.353003694853329364e+01
2.160000000000000000e+02	2.160000000000000000e+05	4.372826615646776105e+01
2.170000000000000000e+02	2.170000000000000000e+05	4.375488194325138380e+01
2.180000000000000000e+02	2.180000000000000000e+05	4.401046461343121763e+01
2.190000000000000000e+02	2.190000000000000000e+05	4.420702308659753044e+01
2.200000000000000000e+02	2.200000000000000000e+05	4.409302044740722692e+01
2.210000000000000000e+02	2.210000000000000000e+05	4.421864470162023508e+01
2.220000000000000000e+02	2.220000000000000000e+05	4.450071597695856696e+01
2.230000000000000000e+02	2.230000000000000000e+05	4.471442564057401370e+01
2.240000000000000000e+02	2.240000000000000000e+05	4.514839364816226208e+01
2.250000000000000000e+02	2.250000000000000000e+05	4.505088298659850921e+01
2.260000000000000000e+02	2.260000000000000000e+05	4.523350901483221520e+01
2.270000000000000000e+02	2.270000000000000000e+05	4.489008586521410393e+01
2.280000000000000000e+02	2.280000000000000000e+05	4.499295331220329786e+01
2.290000000000000000e+02	2.290000000000000000e+05	4.531168317387538025e+01
2.300000000000000000e+02	2.300000000000000000e+05	4.585442449395731046e+01
2.310000000000000000e+02	2.310000000000000000e+05	4.592249546036610042e+01
2.320000000000000000e+02	2.320000000000000000e+05	4.603157516836784424e+01
2.330000000000000000e+02	2.330000000000000000e+05	4.638743969279184398e+01
2.340000000000000000e+02	2.340000000000000000e+05	4.690251401302703016e+01
2.350000000000000000e+02	2.350000000000000000e+05	4.679211878767560506e+01
2.360000000000000000e+02	2.360000000000000000e+05	4.683834145005220506e+01
2.370000000000000000e+02	2.370000000000000000e+05	4.679679679695104255e+01
2.380000000000000000e+02	2.380000000000000000e+05	4.694963744979332887e+01
2.390000000000000000e+02	2.390000000000000000e+05	4.722622757709235941e+01
2.400000000000000000e+02	2.400000000000000000e+05	4.702683592689593439e+01
2.410000000000000000e+02	2.410000000000000000e+05	4.699807464465548890e+01
2.420000000000000000e+02	2.420000000000000000e+05	4.736873477119751641e+01
2.430000000000000000e+02	2.430000000000000000e+05	4.752805680934677923e+01
2.440000000000000000e+02	2.440000000000000000e+05	4.777590072560580126e+01
2.450000000000000000e+02	2.450000000000000000e+05	4.787346838370712732e+01
2.460000000000000000e+02	2.460000000000000000e+05	4.788818565313420095e+01
2.470000000000000000e+02	2.470000000000000000e+05	4.816465049791300146e+01
2.480000000000000000e+02	2.480000000000000000e+05	4.822692536299205557e+01
2.490000000000000000e+02	2.490000000000000000e+05	4.844630953099366621e+01
2.500000000000000000e+02	2.500000000000000000e+05	4.873100711517354711e+01
2.510000000000000000e+02	2.510000000000000000e+05	4.900868437061364347e+01
2.520000000000000000e+02	2.520000000000000000e+05	4.905961504838167286e+01
2.530000000000000000e+02	2.530000000000000000e+05	4.947203485940145384e+01
2.540000000000000000e+02	2.540000000000000000e+05	4.956996771695215642e+01
2.550000000000000000e+02	2.550000000000000000e+05	4.988651780892849530e+01
2.560000000000000000e+02	2.560000000000000000e+05	5.017122056490114801e+01
2.570000000000000000e+02	2.570000000000000000e+05	5.043072780782377862e+01
2.580000000000000000e+02	2.580000000000000000e+05	5.036914985953084312e+01
2.590000000000000000e+02	2.590000000000000000e+05	5.035824749979592241e+01
2.600000000000000000e+02	2.600000000000000000e+05	5.046239813311280642e+01
2.610000000000000000e+02	2.610000000000000000e+05	5.060272483293321955e+01
2.620000000000000000e+02	2.620000000000000000e+05	5.067552140980068742e+01
2.630000000000000000e+02	2.630000000000000000e+05	5.057377326129333994e+01
2.640000000000000000e+02	2.640000000000000000e+05	5.082844927468256913e+01
2.650000000000000000e+02	2.650000000000000000e+05	5.102011860911188990e+01
2.660000000000000000e+02	2.660000000000000000e+05	5.131328174168103118e+01
2.670000000000000000e+02	2.670000000000000000e+05	5.144411002946478106e+01
2.680000000000000000e+02	2.680000000000000000e+05	5.145327403426035318e+01
2.690000000000000000e+02	2.690000000000000000e+05	5.160984023304597201e+01
2.700000000000000000e+02	2.700000000000000000e+05	5.188391500136106771e+01
2.710000000000000000e+02	2.710000000000000000e+05	5.148829365070172059e+01
2.720000000000000000e+02	2.720000000000000000e+05	5.114993468050309389e+01
2.730000000000000000e+02	2.730000000000000000e+05	5.145895152531546302e+01
2.740000000000000000e+02	2.740000000000000000e+05	5.134961348979759777e+01
2.750000000000000000e+02	2.750000000000000000e+05	5.131939978590411755e+01
2.760000000000000000e+02	2.760000000000000000e+05	5.127436847517749641e+01
2.770000000000000000e+02	2.770000000000000000e+05	5.132472981628135500e+01
2.780000000000000000e+02	2.780000000000000000e+05	5.152189433844304034e+01
2.790000000000000000e+02	2.790000000000000000e+05	5.149040159537520367e+01
2.800000000000000000e+02	2.800000000000000000e+05	5.146797390119344584e+01
2.810000000000000000e+02	2.810000000000000000e+05	5.166844271041621539e+01
2.820000000000000000e+02	2.820000000000000000e+05	5.205537002329915452e+01
2.830000000000000000e+02	2.830000000000000000e+05	5.205330858105180880e+01
2.840000000000000000e+02	2.840000000000000000e+05	5.214206164745102967e+01
2.850000000000000000e+02	2.850000000000000000e+05	5.231704155442540127e+01
2.860000000000000000e+02	2.860000000000000000e+05	5.272942589311513473e+01
2.870000000000000000e+02	2.870000000000000000e+05	5.285059932882511902e+01
2.880000000000000000e+02	2.880000000000000000e+05	5.270986278856282325e+01
2.890000000000000000e+02	2.890000000000000000e+05	5.273629482543060476e+01
2.900000000000000000e+02	2.900000000000000000e+05	5.303819603880153721e+01
2.910000000000000000e+02	2.910000000000000000e+05	5.327205058470215704e+01
2.920000000000000000e+02	2.920000000000000000e+05	5.322898161070521184e+01
2.930000000000000000e+02	2.930000000000000000e+05	5.330444713218340524e+01
2.940000000000000000e+02	2.940000000000000000e+05	5.331362134661035412e+01
2.950000000000000000e+02	2.950000000000000000e+05	5.380655246980232675e+01
2.960000000000000000e+02	2.960000000000000000e+05	5.397670027495975376e+01
2.970000000000000000e+02	2.970000000000000000e+05	5.418646158663178625e+01
2.980000000000000000e+02	2.980000000000000000e+05	5.391884192775653162e+01
2.990000000000000000e+02	2.990000000000000000e+05	5.406729696570376120e+01
3.000000000000000000e+02	3.000000000000000000e+05	5.430776470217418961e+01
3.010000000000000000e+02	3.010000000000000000e+05	5.422747497993999843e+01
3.020000000000000000e+02	3.020000000000000000e+05	5.437004459339443230e+01
3.030000000000000000e+02	3.030000000000000000e+05	5.441384124051001692e+01
3.040000000000000000e+02	3.040000000000000000e+05	5.477091391720017555e+01
3.050000000000000000e+02	3.050000000000000000e+05	5.500859006193080347e+01
3.060000000000000000e+02	3.060000000000000000e+05	5.546310748355949727e+01
3.070000000000000000e+02	3.070000000000000000e+05	5.561810457271168673e+01
3.080000000000000000e+02	3.080000000000000000e+05	5.582407146383484076e+01
3.090000000000000000e+02	3.090000000000000000e+05	5.591508967038519273e+01
3.100000000000000000e+02	3.100000000000000000e+05	5.607316431108471022e+01
3.110000000000000000e+02	3.110000000000000000e+05	5.650233808369806354e+01
3.120000000000000000e+02	3.120000000000000000e+05	5.661933542253195384e+01
3.130000000000000000e+02	3.130000000000000000e+05	5.678267331259542061e+01
3.140000000000000000e+02	3.140000000000000000e+05	5.688335435109340210e+01
3.150000000000000000e+02	3.150000000000000000e+05	5.683870611207431267e+01
3.160000000000000000e+02	3.160000000000000000e+05	5.689966792581802224e+01
3.170000000000000000e+02	3.170000000000000000e+05	5.730105613887219818e+01
3.180000000000000000e+02	3.180000000000000000e+05	5.756533359267888272e+01
3.190000000000000000e+02	3.190000000000000000e+05	5.758771958710071459e+01
3.200000000000000000e+02	3.200000000000000000e+05	5.775655176493592080e+01
3.210000000000000000e+02	3.210000000000000000e+05	5.781377844967294521e+01
3.220000000000000000e+02	3.220000000000000000e+05	5.795187581597379989e+01
3.230000000000000000e+02	3.230000000000000000e+05	5.857996217354347124e+01
3.240000000000000000e+02	3.240000000000000000e+05	5.905952262664848007e+01
3.250000000000000000e+02	3.250000000000000000e+05	5.905423533229007660e+01
3.260000000000000000e+02	3.260000000000000000e+05	5.924506621313249610e+01
3.270000000000000000e+02	3.270000000000000000e+05	5.944451331025138785e+01
3.280000000000000000e+02	3.280000000000000000e+05	5.953822728180963963e+01
3.290000000000000000e+02	3.290000000000000000e+05	5.957218492936214460e+01
3.300000000000000000e+02	3.300000000000000000e+05	5.972999220062708758e+01
3.310000000000000000e+02	3.310000000000000000e+05	5.957253215322822371e+01
3.320000000000000000e+02	3.320000000000000000e+05	5.996214673424506003e+01
3.330000000000000000e+02	3.330000000000000000e+05	6.015170285683610985e+01
3.340000000000000000e+02	3.340000000000000000e+05	6.021929309429504684e+01
3.350000000000000000e+02	3.350000000000000000e+05	6.022085136828565766e+01
3.360000000000000000e+02	3.360000000000000000e+05	6.042851352259531694e+01
3.370000000000000000e+02	3.370000000000000000e+05	6.068467039266614904e+01
3.380000000000000000e+02	3.380000000000000000e+05	6.080903546346891630e+01
3.390000000000000000e+02	3.390000000000000000e+05	6.117123036176144524e+01
3.400000000000000000e+02	3.400000000000000000e+05	6.139694174943816307e+01
3.410000000000000000e+02	3.410000000000000000e+05	6.194247980245734198e+01
3.420000000000000000e+02	3.420000000000000000e+05	6.231660748645905556e+01
3.430000000000000000e+02	3.430000000000000000e+05	6.255202723659004960e+01
3.440000000000000000e+02	3.440000000000000000e+05	6.260155378737633924e+01
3.450000000000000000e+02	3.450000000000000000e+05	6.265106509415997493e+01
3.460000000000000000e+02	3.460000000000000000e+05	6.289840458455871897e+01
3.470000000000000000e+02	3.470000000000000000e+05	6.293926868202715497e+01
3.480000000000000000e+02	3.480000000000000000e+05	6.293752100018372886e+01
3.490000000000000000e+02	3.490000000000000000e+05	6.291144809863997267e+01
3.500000000000000000e+02	3.500000000000000000e+05	6.319788702273230996e+01
3.510000000000000000e+02	3.510000000000000000e+05	6.345483203283932028e+01
3.520000000000000000e+02	3.520000000000000000e+05	6.357689315667069252e+01
3.530000000000000000e+02	3.530000000000000000e+05	6.368831015475669233e+01
3.540000000000000000e+02	3.540000000000000000e+05	6.367744188763947477e+01
3.550000000000000000e+02	3.550000000000000000e+05	6.357395545910573986e+01
3.560000000000000000e+02	3.560000000000000000e+05	6.349000061716098742e+01
3.570000000000000000e+02	3.570000000000000000e+05	6.349326608266045469e+01
3.580000000000000000e+02	3.580000000000000000e+05	6.358870791000691725e+01
3.590000000000000000e+02	3.590000000000000000e+05	6.399106900035015144e+01
3.600000000000000000e+02	3.600000000000000000e+05	6.395108240689973655e+01
3.610000000000000000e+02	3.610000000000000000e+05	6.401889482609945503e+01
3.620000000000000000e+02	3.620000000000000000e+05	6.391466015088677466e+01
3.630000000000000000e+02	3.630000000000000000e+05	6.384173973802056423e+01
3.640000000000000000e+02	3.640000000000000000e+05	6.410488148338387759e+01
3.650000000000000000e+02	3.650000000000000000e+05	6.425594629889381793e+01
3.660000000000000000e+02	3.660000000000000000e+05	6.420308616131850954e+01
3.670000000000000000e+02	3.670000000000000000e+05	6.429263377056702211e+01
3.680000000000000000e+02	3.680000000000000000e+05	6.441911989510050773e+01
3.690000000000000000e+02	3.690000000000000000e+05	6.452486569712060316e+01
3.700000000000000000e+02	3.700000000000000000e+05	6.482351180057361262e+01
3.710000000000000000e+02	3.710000000000000000e+05	6.489938327901295168e+01
3.720000000000000000e+02	3.720000000000000000e+05	6.508211882852845065e+01
3.730000000000000000e+02	3.730000000000000000e+05	6.524348789814102645e+01
3.740000000000000000e+02	3.740000000000000000e+05	6.562191171147550506e+01
3.750000000000000000e+02	3.750000000000000000e+05	6.566477659777407894e+01
3.760000000000000000e+02	3.760000000000000000e+05	6.576701037919193027e+01
3.770000000000000000e+02	3.770000000000000000e+05	6.585961239072037188e+01
3.780000000000000000e+02	3.780000000000000000e+05	6.609478283944159216e+01
3.790000000000000000e+02	3.790000000000000000e+05	6.622127158160699878e+01
3.800000000000000000e+02	3.800000000000000000e+05	6.600366422661535637e+01
3.810000000000000000e+02	3.810000000000000000e+05	6.618412877799616467e+01
3.820000000000000000e+02	3.820000000000000000e+05	6.611014580022782638e+01
3.830000000000000000e+02	3.830000000000000000e+05	6.621872683865527165e+01
3.840000000000000000e+02	3.840000000000000000e+05	6.625447562924848910e+01
3.850000000000000000e+02	3.850000000000000000e+05	6.605135718888614349e+01
3.860000000000000000e+02	3.860000000000000000e+05	6.608097730293910388e+01
3.870000000000000000e+02	3.870000000000000000e+05	6.598787902972824782e+01
3.880000000000000000e+02	3.880000000000000000e+05	6.594445170163780290e+01
3.890000000000000000e+02	3.890000000000000000e+05	6.627493546061415941e+01
3.900000000000000000e+02	3.900000000000000000e+05	6.624573467706552776e+01
3.910000000000000000e+02	3.910000000000000000e+05	6.642233509480527687e+01
3.920000000000000000e+02	3.920000000000000000e+05	6.657083565737242736e+01
3.930000000000000000e+02	3.930000000000000000e+05	6.709508253907532094e+01
3.940000000000000000e+02	3.940000000000000000e+05	6.742393004657736810e+01
3.950000000000000000e+02	3.950000000000000000e+05	6.718931190023066335e+01
3.960000000000000000e+02	3.960000000000000000e+05	6.766613319496279644e+01
3.970000000000000000e+02	3.970000000000000000e+05	6.775336365954929363e+01
3.980000000000000000e+02	3.980000000000000000e+05	6.773193466489598791e+01
3.990000000000000000e+02	3.990000000000000000e+05	6.784724642127086724e+01
4.000000000000000000e+02	4.000000000000000000e+05	6.813762867716739891e+01
4.010000000000000000e+02	4.010000000000000000e+05	6.845165460697266724e+01
4.020000000000000000e+02	4.020000000000000000e+05	6.869633320129592846e+01
4.030000000000000000e+02	4.030000000000000000e+05	6.882454666271634380e+01
4.040000000000000000e+02	4.040000000000000000e+05	6.875994769053099276e+01
4.050000000000000000e+02	4.050000000000000000e+05	6.875692315803622989e+01
4.060000000000000000e+02	4.060000000000000000e+05	6.866420426420997103e+01
4.070000000000000000e+02	4.070000000000000000e+05	6.885184809780811577e+01
4.080000000000000000e+02	4.080000000000000000e+05	6.930325869199873523e+01
4.090000000000000000e+02	4.090000000000000000e+05	6.934888762914471272e+01
4.100000000000000000e+02	4.100000000000000000e+05	6.952488782635202824e+01
4.110000000000000000e+02	4.110000000000000000e+05	6.962541323091903678e+01
4.120000000000000000e+02	4.120000000000000000e+05	6.934649917411452691e+01
4.130000000000000000e+02	4.130000000000000000e+05	6.962580420722802899e+01
4.140000000000000000e+02	4.140000000000000000e+05	6.956490045197708127e+01
4.150000000000000000e+02	4.150000000000000000e+05	6.955333418154346248e+01
4.160000000000000000e+02	4.160000000000000000e+05	6.969815650961089659e+01
4.170000000000000000e+02	4.170000000000000000e+05	6.988867989701496697e+01
4.180000000000000000e+02	4.180000000000000000e+05	7.009377976202699756e+01
4.190000000000000000e+02	4.190000000000000000e+05	7.049403767902066420e+01
4.200000000000000000e+02	4.200000000000000000e+05	7.113330593882491826e+01
4.210000000000000000e+02	4.210000000000000000e+05	7.128077690812540368e+01
4.220000000000000000e+02	4.220000000000000000e+05	7.167484652599644335e+01
4.230000000000000000e+02	4.230000000000000000e+05	7.176402474878680948e+01
4.240000000000000000e+02	4.240000000000000000e+05	7.222382497192229778e+01
4.250000000000000000e+02	4.250000000000000000e+05	7.207088863918629329e+01
4.260000000000000000e+02	4.260000000000000000e+05	7.206880156398364079e+01
4.270000000000000000e+02	4.270000000000000000e+05	7.204168579738157518e+01
4.280000000000000000e+02	4.280000000000000000e+05	7.196291897383940750e+01
4.290000000000000000e+02	4.290000000000000000e+05	7.185381338807712837e+01
4.300000000000000000e+02	4.300000000000000000e+05	7.177679268828239856e+01
4.310000000000000000e+02	4.310000000000000000e+05	7.188145755667106584e+01
4.320000000000000000e+02	4.320000000000000000e+05	7.197436163096368489e+01
4.330000000000000000e+02	4.330000000000000000e+05	7.198031299726005727e+01
4.340000000000000000e+02	4.340000000000000000e+05	7.217489732435151950e+01
4.350000000000000000e+02	4.350000000000000000e+05	7.240639517834739536e+01
4.360000000000000000e+02	4.360000000000000000e+05	7.248391049023307176e+01
4.370000000000000000e+02	4.370000000000000000e+05	7.253336998906263489e+01
4.380000000000000000e+02	4.380000000000000000e+05	7.296570439818921727e+01
4.390000000000000000e+02	4.390000000000000000e+05	7.293284933277550408e+01
4.400000000000000000e+02	4.400000000000000000e+05	7.327482259572721546e+01
4.410000000000000000e+02	4.410000000000000000e+05	7.324723014758913564e+01
4.420000000000000000e+02	4.420000000000000000e+05	7.351590349594850693e+01
4.430000000000000000e+02	4.430000000000000000e+05	7.354556085754360595e+01
4.440000000000000000e+02	4.440000000000000000e+05	7.363960904114624384e+01
4.450000000000000000e+02	4.450000000000000000e+05	7.376196001971331384e+01
4.460000000000000000e+02	4.460000000000000000e+05	7.412216263174002506e+01
4.470000000000000000e+02	4.470000000000000000e+05	7.439496972885294213e+01
4.480000000000000000e+02	4.480000000000000000e+05	7.456675048500646596e+01
4.490000000000000000e+02	4.490000000000000000e+05	7.478343939899103532e+01
4.500000000000000000e+02	4.500000000000000000e+05	7.498630195886070737e+01
4.510000000000000000e+02	4.510000000000000000e+05	7.505959689964824122e+01
4.520000000000000000e+02	4.520000000000000000e+05	7.524482462716768794e+01
4.530000000000000000e+02	4.530000000000000000e+05	7.563405191118644666e+01
4.540000000000000000e+02	4.540000000000000000e+05	7.579022837248145095e+01
4.550000000000000000e+02	4.550000000000000000e+05	7.530886052436652278e+01
4.560000000000000000e+02	4.560000000000000000e+05	7.532004801654143478e+01
4.570000000000000000e+02	4.570000000000000000e+05	7.529050026252636485e+01
4.580000000000000000e+02	4.580000000000000000e+05	7.537232441245738812e+01
4.590000000000000000e+02	4.590000000000000000e+05	7.560104023624613490e+01
4.600000000000000000e+02	4.600000000000000000e+05	7.590788527484772885e+01
4.610000000000000000e+02	4.610000000000000000e+05	7.597039106514233708e+01
4.620000000000000000e+02	4.620000000000000000e+05	7.614471599256566492e+01
4.630000000000000000e+02	4.630000000000000000e+05	7.631995344181527230e+01
4.640000000000000000e+02	4.640000000000000000e+05	7.598442135311596246e+01
4.650000000000000000e+02	4.650000000000000000e+05	7.621386058528011631e+01
4.660000000000000000e+02	4.660000000000000000e+05	7.603252920307434692e+01
4.670000000000000000e+02	4.670000000000000000e+05	7.610536026737715076e+01
4.680000000000000000e+02	4.680000000000000000e+05	7.627940455548319676e+01
4.690000000000000000e+02	4.690000000000000000e+05	7.633540176561221813e+01
4.700000000000000000e+02	4.700000000000000000e+05	7.645891295808851851e+01
4.710000000000000000e+02	4.710000000000000000e+05	7.623734381778376701e+01
4.720000000000000000e+02	4.720000000000000000e+05	7.656350584977866447e+01
4.730000000000000000e+02	4.730000000000000000e+05	7.673582927610601701e+01
4.740000000000000000e+02	4.740000000000000000e+05	7.665147837034444933e+01
4.750000000000000000e+02	4.750000000000000000e+05	7.695329717192338137e+01
4.760000000000000000e+02	4.760000000000000000e+05	7.695336490739205715e+01
4.770000000000000000e+02	4.770000000000000000e+05	7.701724043254971264e+01
4.780000000000000000e+02	4.780000000000000000e+05	7.715496048021306308e+01
4.790000000000000000e+02	4.790000000000000000e+05	7.778894854290670935e+01
4.800000000000000000e+02	4.800000000000000000e+05	7.763077272471834078e+01
4.810000000000000000e+02	4.810000000000000000e+05	7.774883703207180474e+01
4.820000000000000000e+02	4.820000000000000000e+05	7.770761941214782098e+01
4.830000000000000000e+02	4.830000000000000000e+05	7.788381743954749936e+01
4.840000000000000000e+02	4.840000000000000000e+05	7.793594174453112089e+01
4.850000000000000000e+02	4.850000000000000000e+05	7.800162395330163179e+01
4.860000000000000000e+02	4.860000000000000000e+05	7.829227691994842075e+01
4.870000000000000000e+02	4.870000000000000000e+05	7.859631585811631282e+01
4.880000000000000000e+02	4.880000000000000000e+05	7.854291020037319981e+01
4.890000000000000000e+02	4.890000000000000000e+05	7.877773789731007525e+01
4.900000000000000000e+02	4.900000000000000000e+05	7.869632475645958891e+01
4.910000000000000000e+02	4.910000000000000000e+05	7.876256079333451510e+01
4.920000000000000000e+02	4.920000000000000000e+05	7.891028161725631662e+01
4.930000000000000000e+02	4.930000000000000000e+05	7.863801263402422137e+01
4.940000000000000000e+02	4.940000000000000000e+05	7.862266356117250155e+01
4.950000000000000000e+02	4.950000000000000000e+05	7.876761552350750151e+01
4.960000000000000000e+02	4.960000000000000000e+05	7.887138138817648780e+01
4.970000000000000000e+02	4.970000000000000000e+05	7.921080838469787011e+01
4.980000000000000000e+02	4.980000000000000000e+05	7.906203525487597972e+01
4.990000000000000000e+02	4.990000000000000000e+05	7.921212105275043314e+01
5.000000000000000000e+02	5.000000000000000000e+05	7.947777249076521855e+01
5.010000000000000000e+02	5.010000000000000000e+05	7.969806364605207705e+01
5.020000000000000000e+02	5.020000000000000000e+05	7.981182465297108308e+01
5.030000000000000000e+02	5.030000000000000000e+05	7.988600871697461514e+01
5.040000000000000000e+02	5.040000000000000000e+05	7.987703214193430767e+01
5.050000000000000000e+02	5.050000000000000000e+05	8.003200853413255800e+01
5.060000000000000000e+02	5.060000000000000000e+05	7.978100857009040681e+01
5.070000000000000000e+02	5.070000000000000000e+05	7.988340355870323606e+01
5.080000000000000000e+02	5.080000000000000000e+05	7.977560947390668389e+01
5.090000000000000000e+02	5.090000000000000000e+05	7.996428425519977168e+01
5.100000000000000000e+02	5.100000000000000000e+05	7.991031038168652856e+01
5.110000000000000000e+02	5.110000000000000000e+05	7.992724145025344740e+01
5.120000000000000000e+02	5.120000000000000000e+05	8.033531487511538671e+01
5.130000000000000000e+02	5.130000000000000000e+05	8.098858081507714246e+01
5.140000000000000000e+02	5.140000000000000000e+05	8.109191644886820427e+01
5.150000000000000000e+02	5.150000000000000000e+05	8.112180873774323686e+01
5.160000000000000000e+02	5.160000000000000000e+05	8.140918609559459185e+01
5.170000000000000000e+02	5.170000000000000000e+05	8.149293300499873283e+01
5.180000000000000000e+02	5.180000000000000000e+05	8.176944342369104390e+01
5.190000000000000000e+02	5.190000000000000000e+05	8.181219586033704161e+01
5.200000000000000000e+02	5.200000000000000000e+05	8.193653579292650591e+01
5.210000000000000000e+02	5.210000000000000000e+05	8.192035798738986330e+01
5.220000000000000000e+02	5.220000000000000000e+05	8.206292552243968430e+01
5.230000000000000000e+02	5.230000000000000000e+05	8.245919860220250541e+01
5.240000000000000000e+02	5.240000000000000000e+05	8.230349840644649362e+01
5.250000000000000000e+02	5.250000000000000000e+05	8.245400232807308782e+01
5.260000000000000000e+02	5.260000000000000000e+05	8.243120210512115875e+01
5.270000000000000000e+02	5.270000000000000000e+05	8.233312037023630126e+01
5.280000000000000000e+02	5.280000000000000000e+05	8.243486292216866218e+01
5.290000000000000000e+02	5.290000000000000000e+05	8.260349848335323486e+01
5.300000000000000000e+02	5.300000000000000000e+05	8.261827744862840461e+01
5.310000000000000000e+02	5.310000000000000000e+05	8.275943807612452474e+01
5.320000000000000000e+02	5.320000000000000000e+05	8.301813685823611877e+01
5.330000000000000000e+02	5.330000000000000000e+05	8.305064158409922470e+01
5.340000000000000000e+02	5.340000000000000000e+05	8.326238643132548134e+01
5.350000000000000000e+02	5.350000000000000000e+05	8.334017252719982594e+01
5.360000000000000000e+02	5.360000000000000000e+05	8.355202570373566573e+01
5.370000000000000000e+02	5.370000000000000000e+05	8.361800593680071358e+01
5.380000000000000000e+02	5.380000000000000000e+05	8.356548587210718892e+01
5.390000000000000000e+02	5.390000000000000000e+05	8.354921710440684990e+01
5.400000000000000000e+02	5.400000000000000000e+05	8.346643168954976488e+01
5.410000000000000000e+02	5.410000000000000000e+05	8.364765485647183141e+01
5.420000000000000000e+02	5.420000000000000000e+05	8.418720992487726562e+01
5.430000000000000000e+02	5.430000000000000000e+05	8.416187728060019424e+01
5.440000000000000000e+02	5.440000000000000000e+05	8.417117610967474661e+01
5.450000000000000000e+02	5.450000000000000000e+05	8.403015877462624417e+01
5.460000000000000000e+02	5.460000000000000000e+05	8.430532667908386202e+01
5.470000000000000000e+02	5.470000000000000000e+05	8.462456395375564000e+01
5.480000000000000000e+02	5.480000000000000000e+05	8.466095288117000450e+01
5.490000000000000000e+02	5.490000000000000000e+05	8.455174597759032906e+01
5.500000000000000000e+02	5.500000000000000000e+05	8.480358336186364454e+01
5.510000000000000000e+02	5.510000000000000000e+05	8.499913128395560591e+01
5.520000000000000000e+02	5.520000000000000000e+05	8.499579975133184462e+01
5.530000000000000000e+02	5.530000000000000000e+05	8.490387852171406280e+01
5.540000000000000000e+02	5.540000000000000000e+05	8.513583822334371121e+01
5.550000000000000000e+02	5.550000000000000000e+05	8.529905838564722842e+01
5.560000000000000000e+02	5.560000000000000000e+05	8.530550001755887024e+01
5.570000000000000000e+02	5.570000000000000000e+05	8.541568994261048431e+01
5.580000000000000000e+02	5.580000000000000000e+05	8.561957540948766621e+01
5.590000000000000000e+02	5.590000000000000000e+05	8.579769714193945163e+01
5.600000000000000000e+02	5.600000000000000000e+05	8.617090082837236764e+01
5.610000000000000000e+02	5.610000000000000000e+05	8.646399832972900867e+01
5.620000000000000000e+02	5.620000000000000000e+05	8.670157873138956006e+01
5.630000000000000000e+02	5.630000000000000000e+05	8.690790814227310079e+01
5.640000000000000000e+02	5.640000000000000000e+05	8.673342724342177235e+01
5.650000000000000000e+02	5.650000000000000000e+05	8.663844294760643550e+01
5.660000000000000000e+02	5.660000000000000000e+05	8.648134386682525587e+01
5.670000000000000000e+02	5.670000000000000000e+05	8.675356722511466501e+01
5.680000000000000000e+02	5.680000000000000000e+05	8.679568601308048414e+01
5.690000000000000000e+02	5.690000000000000000e+05	8.674321723137434503e+01
5.700000000000000000e+02	5.700000000000000000e+05	8.667448949426996307e+01
5.710000000000000000e+02	5.710000000000000000e+05	8.687790830578815360e+01
5.720000000000000000e+02	5.720000000000000000e+05	8.705820441961687095e+01
5.730000000000000000e+02	5.730000000000000000e+05	8.757103147488064110e+01
5.740000000000000000e+02	5.740000000000000000e+05	8.786069850612966547e+01
5.750000000000000000e+02	5.750000000000000000e+05	8.831030068581083015e+01
5.760000000000000000e+02	5.760000000000000000e+05	8.845500717185973372e+01
5.770000000000000000e+02	5.770000000000000000e+05	8.872507649413597619e+01
5.780000000000000000e+02	5.780000000000000000e+05	8.904499264489420796e+01
5.790000000000000000e+02	5.790000000000000000e+05	8.906100676320605203e+01
5.800000000000000000e+02	5.800000000000000000e+05	8.909820852569255578e+01
5.810000000000000000e+02	5.810000000000000000e+05	8.927082233650570231e+01
5.820000000000000000e+02	5.820000000000000000e+05	8.940077282026992123e+01
5.830000000000000000e+02	5.830000000000000000e+05	8.945587056701505446e+01
5.840000000000000000e+02	5.840000000000000000e+05	8.978780298038047647e+01
5.850000000000000000e+02	5.850000000000000000e+05	8.999448925784298581e+01
5.860000000000000000e+02	5.860000000000000000e+05	9.004874239332994534e+01
5.870000000000000000e+02	5.870000000000000000e+05	9.037611425773752671e+01
5.880000000000000000e+02	5.880000000000000000e+05	9.029653866554174613e+01
5.890000000000000000e+02	5.890000000000000000e+05	9.017971176132967059e+01
5.900000000000000000e+02	5.900000000000000000e+05	9.016135970417545309e+01
5.910000000000000000e+02	5.910000000000000000e+05	9.026770606079792003e+01
5.920000000000000000e+02	5.920000000000000000e+05	9.043342106910490941e+01
5.930000000000000000e+02	5.930000000000000000e+05	9.052260426871445986e+01
5.940000000000000000e+02	5.940000000000000000e+05	9.044441144458012616e+01
5.950000000000000000e+02	5.950000000000000000e+05	9.052021607079022658e+01
5.960000000000000000e+02	5.960000000000000000e+05	9.095484996866605343e+01
5.970000000000000000e+02	5.970000000000000000e+05	9.115797332806612019e+01
5.980000000000000000e+02	5.980000000000000000e+05	9.145365653316214605e+01
5.990000000000000000e+02	5.990000000000000000e+05	9.176577145408616332e+01
6.000000000000000000e+02	6.000000000000000000e+05	9.199661673445841359e+01
6.010000000000000000e+02	6.010000000000000000e+05	9.223291273978712468e+01
6.020000000000000000e+02	6.020000000000000000e+05	9.240728133287126411e+01
6.030000000000000000e+02	6.030000000000000000e+05	9.285542754088669426e+01
6.040000000000000000e+02	6.040000000000000000e+05	9.329820988763519551e+01
6.050000000000000000e+02	6.050000000000000000e+05	9.325457626204740791e+01
6.060000000000000000e+02	6.060000000000000000e+05	9.339787178642772858e+01
6.070000000000000000e+02	6.070000000000000000e+05	9.362222054503737922e+01
6.080000000000000000e+02	6.080000000000000000e+05	9.366816100633688791e+01
6.090000000000000000e+02	6.090000000000000000e+05	9.377291678919289097e+01
6.100000000000000000e+02	6.100000000000000000e+05	9.367023629011785602e+01
6.110000000000000000e+02	6.110000000000000000e+05	9.405053294479822057e+01
6.120000000000000000e+02	6.120000000000000000e+05	9.423526360833334081e+01
6.130000000000000000e+02	6.130000000000000000e+05	9.408060718152344748e+01
6.140000000000000000e+02	6.140000000000000000e+05	9.429275326696442505e+01
6.150000000000000000e+02	6.150000000000000000e+05	9.417831078235928999e+01
6.160000000000000000e+02	6.160000000000000000e+05	9.439020399765358604e+01
6.170000000000000000e+02	6.170000000000000000e+05	9.456198111093927139e+01
6.180000000000000000e+02	6.180000000000000000e+05	9.494984653506021743e+01
6.190000000000000000e+02	6.190000000000000000e+05	9.511140275179870684e+01
6.200000000000000000e+02	6.200000000000000000e+05	9.528860000505447658e+01
6.210000000000000000e+02	6.210000000000000000e+05	9.586154566020583445e+01
6.220000000000000000e+02	6.220000000000000000e+05	9.616471939998389473e+01
6.230000000000000000e+02	6.230000000000000000e+05	9.617269027295076000e+01
6.240000000000000000e+02	6.240000000000000000e+05	9.625970078251691575e+01
6.250000000000000000e+02	6.250000000000000000e+05	9.639079370822157955e+01
6.260000000000000000e+02	6.260000000000000000e+05	9.651673327522065904e+01
6.270000000000000000e+02	6.270000000000000000e+05	9.652401765636524544e+01
6.280000000000000000e+02	6.280000000000000000e+05	9.675223682871096287e+01
6.290000000000000000e+02	6.290000000000000000e+05	9.671074387188612320e+01
6.300000000000000000e+02	6.300000000000000000e+05	9.666123702417363006e+01
6.310000000000000000e+02	6.310000000000000000e+05	9.658552769427822682e+01
6.320000000000000000e+02	6.320000000000000000e+05	9.672366936438717744e+01
6.330000000000000000e+02	6.330000000000000000e+05	9.673784982093776819e+01
6.340000000000000000e+02	6.340000000000000000e+05	9.679356187092355412e+01
6.350000000000000000e+02	6.350000000000000000e+05	9.667648098384425737e+01
6.360000000000000000e+02	6.360000000000000000e+05	9.704336333026773787e+01
6.370000000000000000e+02	6.370000000000000000e+05	9.710872598868193961e+01
6.380000000000000000e+02	6.380000000000000000e+05	9.702868104951066641e+01
6.390000000000000000e+02	6.390000000000000000e+05	9.698049490760269009e+01
6.400000000000000000e+02	6.400000000000000000e+05	9.694271453227737823e+01
6.410000000000000000e+02	6.410000000000000000e+05	9.682445025347546164e+01
6.420000000000000000e+02	6.420000000000000000e+05	9.673643381793310425e+01
6.430000000000000000e+02	6.430000000000000000e+05	9.678579763211047293e+01
6.440000000000000000e+02	6.440000000000000000e+05	9.669759132135544633e+01
6.450000000000000000e+02	6.450000000000000000e+05	9.691487711741500277e+01
6.460000000000000000e+02	6.460000000000000000e+05	9.720323346216089533e+01
6.470000000000000000e+02	6.470000000000000000e+05	9.703608623937645916e+01
6.480000000000000000e+02	6.480000000000000000e+05	9.717426986186404747e+01
6.490000000000000000e+02	6.490000000000000000e+05	9.716097297609721295e+01
6.500000000000000000e+02	6.500000000000000000e+05	9.722014418693697735e+01
6.510000000000000000e+02	6.510000000000000000e+05	9.773293534516984948e+01
6.520000000000000000e+02	6.520000000000000000e+05	9.783403833179534104e+01
6.530000000000000000e+02	6.530000000000000000e+05	9.767549794090355419e+01
6.540000000000000000e+02	6.540000000000000000e+05	9.785825782077388624e+01
6.550000000000000000e+02	6.550000000000000000e+05	9.790051396290795083e+01
6.560000000000000000e+02	6.560000000000000000e+05	9.845580538825973349e+01
6.570000000000000000e+02	6.570000000000000000e+05	9.847137323734919789e+01
6.580000000000000000e+02	6.580000000000000000e+05	9.846827145143411997e+01
6.590000000000000000e+02	6.590000000000000000e+05	9.870634948111165841e+01
6.600000000000000000e+02	6.600000000000000000e+05	9.884061603681486474e+01
6.610000000000000000e+02	6.610000000000000000e+05	9.883693772558397939e+01
6.620000000000000000e+02	6.620000000000000000e+05	9.896748936335679048e+01
6.630000000000000000e+02	6.630000000000000000e+05	9.918630015166415603e+01
6.640000000000000000e+02	6.640000000000000000e+05	9.946377698751328467e+01
6.650000000000000000e+02	6.650000000000000000e+05	9.983485456622278775e+01
6.660000000000000000e+02	6.660000000000000000e+05	9.978531873430142696e+01
6.670000000000000000e+02	6.670000000000000000e+05	9.970874959147708694e+01
6.680000000000000000e+02	6.680000000000000000e+05	9.988378450520511365e+01
6.690000000000000000e+02	6.690000000000000000e+05	9.995002216527069550e+01
6.700000000000000000e+02	6.700000000000000000e+05	1.002268380511297750e+02
6.710000000000000000e+02	6.710000000000000000e+05	1.006905806016973202e+02
6.720000000000000000e+02	6.720000000000000000e+05	1.008257317707849978e+02
6.730000000000000000e+02	6.730000000000000000e+05	1.011242518289889603e+02
6.740000000000000000e+02	6.740000000000000000e+05	1.012348747394259760e+02
6.750000000000000000e+02	6.750000000000000000e+05	1.012237773492636563e+02
6.760000000000000000e+02	6.760000000000000000e+05	1.014216185234866288e+02
6.770000000000000000e+02	6.770000000000000000e+05	1.014357361198729279e+02
6.780000000000000000e+02	6.780000000000000000e+05	1.015897163503426412e+02
6.790000000000000000e+02	6.790000000000000000e+05	1.017082338825384653e+02
6.800000000000000000e+02	6.800000000000000000e+05	1.018135071986147580e+02
6.810000000000000000e+02	6.810000000000000000e+05	1.022270358594239070e+02
6.820000000000000000e+02	6.820000000000000000e+05	1.026375357970891145e+02
6.830000000000000000e+02	6.830000000000000000e+05	1.029744012446980719e+02
6.840000000000000000e+02	6.840000000000000000e+05	1.030432727267693878e+02
6.850000000000000000e+02	6.850000000000000000e+05	1.032126855892790189e+02
6.860000000000000000e+02	6.860000000000000000e+05	1.033438397388103738e+02
6.870000000000000000e+02	6.870000000000000000e+05	1.035478561945057265e+02
6.880000000000000000e+02	6.880000000000000000e+05	1.036463849739773764e+02
6.890000000000000000e+02	6.890000000000000000e+05	1.038140514434033292e+02
6.900000000000000000e+02	6.900000000000000000e+05	1.039276481680337270e+02
6.910000000000000000e+02	6.910000000000000000e+05	1.043563726082986562e+02
6.920000000000000000e+02	6.920000000000000000e+05	1.046326120120749295e+02
6.930000000000000000e+02	6.930000000000000000e+05	1.043774169717192990e+02
6.940000000000000000e+02	6.940000000000000000e+05	1.043901337779620633e+02
6.950000000000000000e+02	6.950000000000000000e+05	1.046628989038728861e+02
6.960000000000000000e+02	6.960000000000000000e+05	1.050896650068309413e+02
6.970000000000000000e+02	6.970000000000000000e+05	1.049457952788382329e+02
6.980000000000000000e+02	6.980000000000000000e+05	1.050321021932024621e+02
6.990000000000000000e+02	6.990000000000000000e+05	1.053608341570521958e+02
7.000000000000000000e+02	7.000000000000000000e+05	1.056219781690083295e+02
7.010000000000000000e+02	7.010000000000000000e+05	1.059156443816828386e+02
7.020000000000000000e+02	7.020000000000000000e+05	1.062406621274877665e+02
7.030000000000000000e+02	7.030000000000000000e+05	1.064370029651156102e+02
7.040000000000000000e+02	7.040000000000000000e+05	1.064439431856171296e+02
7.050000000000000000e+02	7.050000000000000000e+05	1.064548310758735425e+02
7.060000000000000000e+02	7.060000000000000000e+05	1.064370500391459018e+02
7.070000000000000000e+02	7.070000000000000000e+05	1.065993401024410332e+02
7.080000000000000000e+02	7.080000000000000000e+05	1.069979436148484382e+02
7.090000000000000000e+02	7.090000000000000000e+05	1.075425021108972174e+02
7.100000000000000000e+02	7.100000000000000000e+05	1.077757880028964479e+02
7.110000000000000000e+02	7.110000000000000000e+05	1.077272122086617117e+02
7.120000000000000000e+02	7.120000000000000000e+05	1.080670315906607470e+02
7.130000000000000000e+02	7.130000000000000000e+05	1.082461051073432117e+02
7.140000000000000000e+02	7.140000000000000000e+05	1.082562192427521097e+02
7.150000000000000000e+02	7.150000000000000000e+05	1.083831715886686453e+02
7.160000000000000000e+02	7.160000000000000000e+05	1.083746185714140609e+02
7.170000000000000000e+02	7.170000000000000000e+05	1.085654237257243437e+02
7.180000000000000000e+02	7.180000000000000000e+05	1.087506415627496921e+02
7.190000000000000000e+02	7.190000000000000000e+05	1.090093960895090248e+02
7.200000000000000000e+02	7.200000000000000000e+05	1.092693113867524204e+02
7.210000000000000000e+02	7.210000000000000000e+05	1.095983614476445780e+02
7.220000000000000000e+02	7.220000000000000000e+05	1.097196586104401490e+02
7.230000000000000000e+02	7.230000000000000000e+05	1.099157443177207938e+02
7.240000000000000000e+02	7.240000000000000000e+05	1.097859228226498658e+02
7.250000000000000000e+02	7.250000000000000000e+05	1.097781098601123375e+02
7.260000000000000000e+02	7.260000000000000000e+05	1.097288312111532065e+02
7.270000000000000000e+02	7.270000000000000000e+05	1.097454132097672357e+02
7.280000000000000000e+02	7.280000000000000000e+05	1.100513468895238987e+02
7.290000000000000000e+02	7.290000000000000000e+05	1.104822242832114512e+02
7.300000000000000000e+02	7.300000000000000000e+05	1.106719874320708072e+02
7.310000000000000000e+02	7.310000000000000000e+05	1.108161987728982893e+02
7.320000000000000000e+02	7.320000000000000000e+05	1.105665974885590401e+02
7.330000000000000000e+02	7.330000000000000000e+05	1.104238234979060138e+02
7.340000000000000000e+02	7.340000000000000000e+05	1.106648910909259484e+02
7.350000000000000000e+02	7.350000000000000000e+05	1.108638059705604917e+02
7.360000000000000000e+02	7.360000000000000000e+05	1.111534310244528996e+02
7.370000000000000000e+02	7.370000000000000000e+05	1.113840583962520583e+02
7.380000000000000000e+02	7.380000000000000000e+05	1.116308874977582946e+02
7.390000000000000000e+02	7.390000000000000000e+05	1.116476064199547551e+02
7.400000000000000000e+02	7.400000000000000000e+05	1.121132353854996495e+02
7.410000000000000000e+02	7.410000000000000000e+05	1.124897972042254963e+02
7.420000000000000000e+02	7.420000000000000000e+05	1.126692428930880965e+02
7.430000000000000000e+02	7.430000000000000000e+05	1.124036025797251170e+02
7.440000000000000000e+02	7.440000000000000000e+05	1.127018682089877331e+02
7.450000000000000000e+02	7.450000000000000000e+05	1.128200959542223529e+02
7.460000000000000000e+02	7.460000000000000000e+05	1.125463910813515440e+02
7.470000000000000000e+02	7.470000000000000000e+05	1.127699638934098658e+02
7.480000000000000000e+02	7.480000000000000000e+05	1.128898050951910932e+02
7.490000000000000000e+02	7.490000000000000000e+05	1.131534478424989629e+02
7.500000000000000000e+02	7.500000000000000000e+05	1.134254656288926668e+02
7.510000000000000000e+02	7.510000000000000000e+05	1.136450664080868478e+02
7.520000000000000000e+02	7.520000000000000000e+05	1.137547673469767062e+02
7.530000000000000000e+02	7.530000000000000000e+05	1.136776045620278097e+02
7.540000000000000000e+02	7.540000000000000000e+05	1.136426562046971753e+02
7.550000000000000000e+02	7.550000000000000000e+05	1.136938631958959434e+02
7.560000000000000000e+02	7.560000000000000000e+05	1.141646790216010032e+02
7.570000000000000000e+02	7.570000000000000000e+05	1.139015570033683389e+02
7.580000000000000000e+02	7.580000000000000000e+05	1.141914699080290347e+02
7.590000000000000000e+02	7.590000000000000000e+05	1.142498917371056280e+02
7.600000000000000000e+02	7.600000000000000000e+05	1.141850773643272845e+02
7.610000000000000000e+02	7.610000000000000000e+05	1.148480478732083725e+02
7.620000000000000000e+02	7.620000000000000000e+05	1.150960435865304845e+02
7.630000000000000000e+02	7.630000000000000000e+05	1.154464297212342245e+02
7.640000000000000000e+02	7.640000000000000000e+05	1.157876789416892080e+02
7.650000000000000000e+02	7.650000000000000000e+05	1.162761578626067376e+02
7.660000000000000000e+02	7.660000000000000000e+05	1.163929018462254135e+02
7.670000000000000000e+02	7.670000000000000000e+05	1.166266231644570013e+02
7.680000000000000000e+02	7.680000000000000000e+05	1.166457854101504381e+02
7.690000000000000000e+02	7.690000000000000000e+05	1.168967985593725274e+02
7.700000000000000000e+02	7.700000000000000000e+05	1.168400840173406863e+02
7.710000000000000000e+02	7.710000000000000000e+05	1.168428057223137699e+02
7.720000000000000000e+02	7.720000000000000000e+05	1.168309114938686690e+02
7.730000000000000000e+02	7.730000000000000000e+05	1.170970193586278469e+02
7.740000000000000000e+02	7.740000000000000000e+05	1.171068894013314718e+02
7.750000000000000000e+02	7.750000000000000000e+05	1.173823809651380969e+02
7.760000000000000000e+02	7.760000000000000000e+05	1.176044279854942687e+02
7.770000000000000000e+02	7.770000000000000000e+05	1.178185370761163568e+02
7.780000000000000000e+02	7.780000000000000000e+05	1.177672724461391738e+02
7.790000000000000000e+02	7.790000000000000000e+05	1.177770436467039161e+02
7.800000000000000000e+02	7.800000000000000000e+05	1.181139104741533714e+02
7.810000000000000000e+02	7.810000000000000000e+05	1.183431467738431024e+02
7.820000000000000000e+02	7.820000000000000000e+05	1.185641157087909363e+02
7.830000000000000000e+02	7.830000000000000000e+05	1.188047597325366809e+02
7.840000000000000000e+02	7.840000000000000000e+05	1.187300003159031974e+02
7.850000000000000000e+02	7.850000000000000000e+05	1.188592763906482617e+02
7.860000000000000000e+02	7.860000000000000000e+05	1.188915422244845530e+02
7.870000000000000000e+02	7.870000000000000000e+05	1.188280194938567575e+02
7.880000000000000000e+02	7.880000000000000000e+05	1.188342312272129959e+02
7.890000000000000000e+02	7.890000000000000000e+05	1.190190943688297125e+02
7.900000000000000000e+02	7.900000000000000000e+05	1.190226080740281844e+02
7.910000000000000000e+02	7.910000000000000000e+05	1.190991165976445529e+02
7.920000000000000000e+02	7.920000000000000000e+05	1.192669264753349978e+02
