0.000000000000000000e+00	0.000000000000000000e+00	0.000000000000000000e+00
1.000000000000000000e+00	1.000000000000000000e+03	1.405233089032575045e+00
2.000000000000000000e+00	2.000000000000000000e+03	2.043544934948382075e+00
3.000000000000000000e+00	3.000000000000000000e+03	2.350595880198690590e+00
4.000000000000000000e+00	4.000000000000000000e+03	2.635844473535410515e+00
5.000000000000000000e+00	5.000000000000000000e+03	2.929145451666044675e+00
6.000000000000000000e+00	6.000000000000000000e+03	3.125916565286839699e+00
7.000000000000000000e+00	7.000000000000000000e+03	3.063478901387648001e+00
8.000000000000000000e+00	8.000000000000000000e+03	3.208846435041322831e+00
9.000000000000000000e+00	9.000000000000000000e+03	3.283887609400825802e+00
1.000000000000000000e+01	1.000000000000000000e+04	3.670108462514083403e+00
1.100000000000000000e+01	1.100000000000000000e+04	3.907774727275241222e+00
1.200000000000000000e+01	1.200000000000000000e+04	4.095530413522162405e+00
1.300000000000000000e+01	1.300000000000000000e+04	4.586985973281491269e+00
1.400000000000000000e+01	1.400000000000000000e+04	4.914403090295434318e+00
1.500000000000000000e+01	1.500000000000000000e+04	5.381940963792422927e+00
1.600000000000000000e+01	1.600000000000000000e+04	5.317319613980539650e+00
1.700000000000000000e+01	1.700000000000000000e+04	5.584731011277749957e+00
1.800000000000000000e+01	1.800000000000000000e+04	5.815233782133610418e+00
1.900000000000000000e+01	1.900000000000000000e+04	6.069047181721367146e+00
2.000000000000000000e+01	2.000000000000000000e+04	6.433848392836652330e+00
2.100000000000000000e+01	2.100000000000000000e+04	6.755329879521970504e+00
2.200000000000000000e+01	2.200000000000000000e+04	6.716387144316952273e+00
2.300000000000000000e+01	2.300000000000000000e+04	6.972568704202878109e+00
2.400000000000000000e+01	2.400000000000000000e+04	7.264921996038093077e+00
2.500000000000000000e+01	2.500000000000000000e+04	7.044730863928383435e+00
2.600000000000000000e+01	2.600000000000000000e+04	7.136180082487606491e+00
2.700000000000000000e+01	2.700000000000000000e+04	7.635226580243263506e+00
2.800000000000000000e+01	2.800000000000000000e+04	7.667938110969614307e+00
2.900000000000000000e+01	2.900000000000000000e+04	8.074951166447347006e+00
3.000000000000000000e+01	3.000000000000000000e+04	8.049019545931939135e+00
3.100000000000000000e+01	3.100000000000000000e+04	8.337726553636468196e+00
3.200000000000000000e+01	3.200000000000000000e+04	8.280464932652009225e+00
3.300000000000000000e+01	3.300000000000000000e+04	8.360322099396551465e+00
3.400000000000000000e+01	3.400000000000000000e+04	8.336220564293624236e+00
3.500000000000000000e+01	3.500000000000000000e+04	8.535612316399948440e+00
3.600000000000000000e+01	3.600000000000000000e+04	8.751956687119342604e+00
3.700000000000000000e+01	3.700000000000000000e+04	9.223936291870263204e+00
3.800000000000000000e+01	3.800000000000000000e+04	9.403046925135059908e+00
3.900000000000000000e+01	3.900000000000000000e+04	9.358002558390575487e+00
4.000000000000000000e+01	4.000000000000000000e+04	9.451910793524401555e+00
4.100000000000000000e+01	4.100000000000000000e+04	9.728274815774273776e+00
4.200000000000000000e+01	4.200000000000000000e+04	9.853258871001118635e+00
4.300000000000000000e+01	4.300000000000000000e+04	9.907625326725398196e+00
4.400000000000000000e+01	4.400000000000000000e+04	1.012229577182008278e+01
4.500000000000000000e+01	4.500000000000000000e+04	1.018194923609566338e+01
4.600000000000000000e+01	4.600000000000000000e+04	1.037632515075050499e+01
4.700000000000000000e+01	4.700000000000000000e+04	1.053780374760837546e+01
4.800000000000000000e+01	4.800000000000000000e+04	1.102997159896425927e+01
4.900000000000000000e+01	4.900000000000000000e+04	1.107927170267931771e+01
5.000000000000000000e+01	5.000000000000000000e+04	1.140799306952515835e+01
5.100000000000000000e+01	5.100000000000000000e+04	1.157451221898478089e+01
5.200000000000000000e+01	5.200000000000000000e+04	1.197759457008364770e+01
5.300000000000000000e+01	5.300000000000000000e+04	1.210936383112756509e+01
5.400000000000000000e+01	5.400000000000000000e+04	1.219281295977703650e+01
5.500000000000000000e+01	5.500000000000000000e+04	1.238638891367756045e+01
5.600000000000000000e+01	5.600000000000000000e+04	1.274099969390424825e+01
5.700000000000000000e+01	5.700000000000000000e+04	1.289092022140088645e+01
5.800000000000000000e+01	5.800000000000000000e+04	1.325982747829119113e+01
5.900000000000000000e+01	5.900000000000000000e+04	1.324355655372401763e+01
6.000000000000000000e+01	6.000000000000000000e+04	1.308521389715046190e+01
6.100000000000000000e+01	6.100000000000000000e+04	1.320198556454083594e+01
6.200000000000000000e+01	6.200000000000000000e+04	1.356345320885255923e+01
6.300000000000000000e+01	6.300000000000000000e+04	1.357240564137537753e+01
6.400000000000000000e+01	6.400000000000000000e+04	1.373169987064793496e+01
6.500000000000000000e+01	6.500000000000000000e+04	1.389070205249560352e+01
6.600000000000000000e+01	6.600000000000000000e+04	1.381551882997981195e+01
6.700000000000000000e+01	6.700000000000000000e+04	1.395406695011952536e+01
6.800000000000000000e+01	6.800000000000000000e+04	1.413712184829990370e+01
6.900000000000000000e+01	6.900000000000000000e+04	1.427278626196645561e+01
7.000000000000000000e+01	7.000000000000000000e+04	1.457913641039117536e+01
7.100000000000000000e+01	7.100000000000000000e+04	1.447847524889509252e+01
7.200000000000000000e+01	7.200000000000000000e+04	1.464185796785297100e+01
7.300000000000000000e+01	7.300000000000000000e+04	1.471416630114890367e+01
7.400000000000000000e+01	7.400000000000000000e+04	1.493797856675796254e+01
7.500000000000000000e+01	7.500000000000000000e+04	1.503016268307705872e+01
7.600000000000000000e+01	7.600000000000000000e+04	1.506700739340710449e+01
7.700000000000000000e+01	7.700000000000000000e+04	1.487851095649236832e+01
7.800000000000000000e+01	7.800000000000000000e+04	1.513403674712351332e+01
7.900000000000000000e+01	7.900000000000000000e+04	1.537523493498065363e+01
8.000000000000000000e+01	8.000000000000000000e+04	1.565786628675303938e+01
8.100000000000000000e+01	8.100000000000000000e+04	1.562908177228587192e+01
8.200000000000000000e+01	8.200000000000000000e+04	1.582179000363300858e+01
8.300000000000000000e+01	8.300000000000000000e+04	1.561982886423262684e+01
8.400000000000000000e+01	8.400000000000000000e+04	1.566207500724987511e+01
8.500000000000000000e+01	8.500000000000000000e+04	1.574808180863161589e+01
8.600000000000000000e+01	8.600000000000000000e+04	1.561672110669122482e+01
8.700000000000000000e+01	8.700000000000000000e+04	1.590026276283997753e+01
8.800000000000000000e+01	8.800000000000000000e+04	1.630535088987004144e+01
8.900000000000000000e+01	8.900000000000000000e+04	1.685294702631128061e+01
9.000000000000000000e+01	9.000000000000000000e+04	1.686077900241036787e+01
9.100000000000000000e+01	9.100000000000000000e+04	1.691419730520801323e+01
9.200000000000000000e+01	9.200000000000000000e+04	1.685887239569348850e+01
9.300000000000000000e+01	9.300000000000000000e+04	1.697972287927846580e+01
9.400000000000000000e+01	9.400000000000000000e+04	1.693726173894410181e+01
9.500000000000000000e+01	9.500000000000000000e+04	1.698448494368065198e+01
9.600000000000000000e+01	9.600000000000000000e+04	1.676541412451965130e+01
9.700000000000000000e+01	9.700000000000000000e+04	1.693229573289400491e+01
9.800000000000000000e+01	9.800000000000000000e+04	1.718236512280995854e+01
9.900000000000000000e+01	9.900000000000000000e+04	1.714778133229135548e+01
1.000000000000000000e+02	1.000000000000000000e+05	1.732643230491325781e+01
1.010000000000000000e+02	1.010000000000000000e+05	1.733252051508049618e+01
1.020000000000000000e+02	1.020000000000000000e+05	1.751616794589207160e+01
1.030000000000000000e+02	1.030000000000000000e+05	1.786472927723266579e+01
1.040000000000000000e+02	1.040000000000000000e+05	1.825510083196444810e+01
1.050000000000000000e+02	1.050000000000000000e+05	1.852143221146297947e+01
1.060000000000000000e+02	1.060000000000000000e+05	1.869746508336330493e+01
1.070000000000000000e+02	1.070000000000000000e+05	1.857838286892252100e+01
1.080000000000000000e+02	1.080000000000000000e+05	1.900148380749513422e+01
1.090000000000000000e+02	1.090000000000000000e+05	1.940433044893495662e+01
1.100000000000000000e+02	1.100000000000000000e+05	1.995949061156197146e+01
1.110000000000000000e+02	1.110000000000000000e+05	2.022639947909739888e+01
1.120000000000000000e+02	1.120000000000000000e+05	2.037389661107588523e+01
1.130000000000000000e+02	1.130000000000000000e+05	2.064564426964733812e+01
1.140000000000000000e+02	1.140000000000000000e+05	2.111882613176159751e+01
1.150000000000000000e+02	1.150000000000000000e+05	2.148820899317787791e+01
1.160000000000000000e+02	1.160000000000000000e+05	2.185330544930683416e+01
1.170000000000000000e+02	1.170000000000000000e+05	2.218733247750088111e+01
1.180000000000000000e+02	1.180000000000000000e+05	2.229435332667054936e+01
1.190000000000000000e+02	1.190000000000000000e+05	2.263009503959544588e+01
1.200000000000000000e+02	1.200000000000000000e+05	2.266683905852726966e+01
1.210000000000000000e+02	1.210000000000000000e+05	2.262539666081833900e+01
1.220000000000000000e+02	1.220000000000000000e+05	2.253609963433372698e+01
1.230000000000000000e+02	1.230000000000000000e+05	2.277370423696321922e+01
1.240000000000000000e+02	1.240000000000000000e+05	2.303229080512712557e+01
1.250000000000000000e+02	1.250000000000000000e+05	2.343431703215512130e+01
1.260000000000000000e+02	1.260000000000000000e+05	2.357716588004827329e+01
1.270000000000000000e+02	1.270000000000000000e+05	2.398264466527633942e+01
1.280000000000000000e+02	1.280000000000000000e+05	2.443331600527396219e+01
1.290000000000000000e+02	1.290000000000000000e+05	2.448425808874788601e+01
1.300000000000000000e+02	1.300000000000000000e+05	2.466904240795816605e+01
1.310000000000000000e+02	1.310000000000000000e+05	2.501988820866767327e+01
1.320000000000000000e+02	1.320000000000000000e+05	2.542925505156593502e+01
1.330000000000000000e+02	1.330000000000000000e+05	2.572120889331058891e+01
1.340000000000000000e+02	1.340000000000000000e+05	2.593889223001152189e+01
1.350000000000000000e+02	1.350000000000000000e+05	2.609097992692768742e+01
1.360000000000000000e+02	1.360000000000000000e+05	2.603478777405189248e+01
1.370000000000000000e+02	1.370000000000000000e+05	2.617741938295234760e+01
1.380000000000000000e+02	1.380000000000000000e+05	2.650323266471205130e+01
1.390000000000000000e+02	1.390000000000000000e+05	2.699996871139984478e+01
1.400000000000000000e+02	1.400000000000000000e+05	2.766843342817439577e+01
1.410000000000000000e+02	1.410000000000000000e+05	2.815638416881904860e+01
1.420000000000000000e+02	1.420000000000000000e+05	2.854162563712367984e+01
1.430000000000000000e+02	1.430000000000000000e+05	2.877242266496050505e+01
1.440000000000000000e+02	1.440000000000000000e+05	2.866863187297510152e+01
1.450000000000000000e+02	1.450000000000000000e+05	2.891656173988537404e+01
1.460000000000000000e+02	1.460000000000000000e+05	2.902622873644119394e+01
1.470000000000000000e+02	1.470000000000000000e+05	2.950390904032585127e+01
1.480000000000000000e+02	1.480000000000000000e+05	2.968355196652328942e+01
1.490000000000000000e+02	1.490000000000000000e+05	2.973595918554692830e+01
1.500000000000000000e+02	1.500000000000000000e+05	3.015037889862153975e+01
1.510000000000000000e+02	1.510000000000000000e+05	3.033621646374068348e+01
1.520000000000000000e+02	1.520000000000000000e+05	3.068911865138405304e+01
1.530000000000000000e+02	1.530000000000000000e+05	3.109036510257400820e+01
1.540000000000000000e+02	1.540000000000000000e+05	3.098678131268446378e+01
1.550000000000000000e+02	1.550000000000000000e+05	3.103826469007503519e+01
1.560000000000000000e+02	1.560000000000000000e+05	3.102562073286975775e+01
1.570000000000000000e+02	1.570000000000000000e+05	3.121511150600047557e+01
1.580000000000000000e+02	1.580000000000000000e+05	3.128020399425744102e+01
1.590000000000000000e+02	1.590000000000000000e+05	3.134796790298524272e+01
1.600000000000000000e+02	1.600000000000000000e+05	3.103267963823689257e+01
1.610000000000000000e+02	1.610000000000000000e+05	3.083592644411543660e+01
1.620000000000000000e+02	1.620000000000000000e+05	3.095188594634698376e+01
1.630000000000000000e+02	1.630000000000000000e+05	3.087438496314344150e+01
1.640000000000000000e+02	1.640000000000000000e+05	3.102695801341644710e+01
1.650000000000000000e+02	1.650000000000000000e+05	3.124645351305123242e+01
1.660000000000000000e+02	1.660000000000000000e+05	3.148660382522513856e+01
1.670000000000000000e+02	1.670000000000000000e+05	3.165535814154281624e+01
1.680000000000000000e+02	1.680000000000000000e+05	3.206455012023754847e+01
1.690000000000000000e+02	1.690000000000000000e+05	3.197348918660067696e+01
1.700000000000000000e+02	1.700000000000000000e+05	3.200410842845032988e+01
1.710000000000000000e+02	1.710000000000000000e+05	3.217912420162863896e+01
1.720000000000000000e+02	1.720000000000000000e+05	3.246693152982827968e+01
1.730000000000000000e+02	1.730000000000000000e+05	3.262581471644965347e+01
1.740000000000000000e+02	1.740000000000000000e+05	3.274996657901944275e+01
1.750000000000000000e+02	1.750000000000000000e+05	3.303280269828636051e+01
1.760000000000000000e+02	1.760000000000000000e+05	3.324211248444340328e+01
1.770000000000000000e+02	1.770000000000000000e+05	3.329683698583356488e+01
1.780000000000000000e+02	1.780000000000000000e+05	3.342729643851195931e+01
1.790000000000000000e+02	1.790000000000000000e+05	3.383963629803339046e+01
1.800000000000000000e+02	1.800000000000000000e+05	3.425797690379875604e+01
1.810000000000000000e+02	1.810000000000000000e+05	3.441058805310500901e+01
1.820000000000000000e+02	1.820000000000000000e+05	3.445259059595204576e+01
1.830000000000000000e+02	1.830000000000000000e+05	3.457978742093598612e+01
1.840000000000000000e+02	1.840000000000000000e+05	3.474793788861693855e+01
1.850000000000000000e+02	1.850000000000000000e+05	3.495540309018980452e+01
1.860000000000000000e+02	1.860000000000000000e+05	3.531758131823119129e+01
1.870000000000000000e+02	1.870000000000000000e+05	3.538744234043807069e+01
1.880000000000000000e+02	1.880000000000000000e+05	3.553831867928973054e+01
1.890000000000000000e+02	1.890000000000000000e+05	3.575906475788513461e+01
1.900000000000000000e+02	1.900000000000000000e+05	3.605917306089184393e+01
1.910000000000000000e+02	1.910000000000000000e+05	3.641149513976011320e+01
1.920000000000000000e+02	1.920000000000000000e+05	3.657741899768780769e+01
1.930000000000000000e+02	1.930000000000000000e+05	3.686527797221606306e+01
1.940000000000000000e+02	1.940000000000000000e+05	3.698838657301174493e+01
1.950000000000000000e+02	1.950000000000000000e+05	3.710621305283972049e+01
1.960000000000000000e+02	1.960000000000000000e+05	3.742710996135164692e+01
1.970000000000000000e+02	1.970000000000000000e+05	3.761782079958943825e+01
1.980000000000000000e+02	1.980000000000000000e+05	3.773535237181633306e+01
1.990000000000000000e+02	1.990000000000000000e+05	3.789430926737632177e+01
2.000000000000000000e+02	2.000000000000000000e+05	3.834701859889790398e+01
2.010000000000000000e+02	2.010000000000000000e+05	3.858726295850075871e+01
2.020000000000000000e+02	2.020000000000000000e+05	3.867489272383127741e+01
2.030000000000000000e+02	2.030000000000000000e+05	3.882046547244515011e+01
2.040000000000000000e+02	2.040000000000000000e+05	3.875344453689485391e+01
2.050000000000000000e+02	2.050000000000000000e+05	3.857705481783162327e+01
2.060000000000000000e+02	2.060000000000000000e+05	3.883754968846133693e+01
2.070000000000000000e+02	2.070000000000000000e+05	3.909424606120768431e+01
2.080000000000000000e+02	2.080000000000000000e+05	3.920426863907201920e+01
2.090000000000000000e+02	2.090000000000000000e+05	3.903189980740376086e+01
2.100000000000000000e+02	2.100000000000000000e+05	3.928772306963513472e+01
2.110000000000000000e+02	2.110000000000000000e+05	3.948973601019862656e+01
2.120000000000000000e+02	2.120000000000000000e+05	3.979190156584257920e+01
2.130000000000000000e+02	2.130000000000000000e+05	4.010082449982549235e+01
2.140000000000000000e+02	2.140000000000000000e+05	4.028044174550704781e+01
2.150000000000000000e+02	2.150000000000000000e+05	4.049327862853157711e+01
2.160000000000000000e+02	2.160000000000000000e+05	4.036816700762868493e+01
2.170000000000000000e+02	2.170000000000000000e+05	4.060149859346908130e+01
2.180000000000000000e+02	2.180000000000000000e+05	4.087973228803735992e+01
2.190000000000000000e+02	2.190000000000000000e+05	4.122771485330156338e+01
2.200000000000000000e+02	2.200000000000000000e+05	4.141461220851385860e+01
2.210000000000000000e+02	2.210000000000000000e+05	4.156142904287254680e+01
2.220000000000000000e+02	2.220000000000000000e+05	4.175945633561097026e+01
2.230000000000000000e+02	2.230000000000000000e+05	4.171470810784556704e+01
2.240000000000000000e+02	2.240000000000000000e+05	4.172831307176112148e+01
2.250000000000000000e+02	2.250000000000000000e+05	4.171943850241098772e+01
2.260000000000000000e+02	2.260000000000000000e+05	4.170529572169194665e+01
2.270000000000000000e+02	2.270000000000000000e+05	4.139818271834197105e+01
2.280000000000000000e+02	2.280000000000000000e+05	4.169062511540423088e+01
2.290000000000000000e+02	2.290000000000000000e+05	4.195341895783210617e+01
2.300000000000000000e+02	2.300000000000000000e+05	4.221599527911918415e+01
2.310000000000000000e+02	2.310000000000000000e+05	4.242949174022055558e+01
2.320000000000000000e+02	2.320000000000000000e+05	4.293157300064460458e+01
2.330000000000000000e+02	2.330000000000000000e+05	4.320129018597076254e+01
2.340000000000000000e+02	2.340000000000000000e+05	4.340587445078623574e+01
2.350000000000000000e+02	2.350000000000000000e+05	4.366598382579620363e+01
2.360000000000000000e+02	2.360000000000000000e+05	4.380425700154308544e+01
2.370000000000000000e+02	2.370000000000000000e+05	4.407646756735950788e+01
2.380000000000000000e+02	2.380000000000000000e+05	4.435601363866110347e+01
2.390000000000000000e+02	2.390000000000000000e+05	4.460847000823554964e+01
2.400000000000000000e+02	2.400000000000000000e+05	4.491470308235081887e+01
2.410000000000000000e+02	2.410000000000000000e+05	4.530002432473041551e+01
2.420000000000000000e+02	2.420000000000000000e+05	4.562087162569078913e+01
2.430000000000000000e+02	2.430000000000000000e+05	4.570457065212437442e+01
2.440000000000000000e+02	2.440000000000000000e+05	4.597470293295074839e+01
2.450000000000000000e+02	2.450000000000000000e+05	4.621635453518241832e+01
2.460000000000000000e+02	2.460000000000000000e+05	4.649463807218129574e+01
2.470000000000000000e+02	2.470000000000000000e+05	4.673763365604920494e+01
2.480000000000000000e+02	2.480000000000000000e+05	4.685893463253156455e+01
2.490000000000000000e+02	2.490000000000000000e+05	4.689975990200041167e+01
2.500000000000000000e+02	2.500000000000000000e+05	4.728669656798881960e+01
2.510000000000000000e+02	2.510000000000000000e+05	4.736400402948818567e+01
2.520000000000000000e+02	2.520000000000000000e+05	4.737023614332527188e+01
2.530000000000000000e+02	2.530000000000000000e+05	4.748038101489512997e+01
2.540000000000000000e+02	2.540000000000000000e+05	4.739325050193497191e+01
2.550000000000000000e+02	2.550000000000000000e+05	4.776371857894201867e+01
2.560000000000000000e+02	2.560000000000000000e+05	4.794615939280659944e+01
2.570000000000000000e+02	2.570000000000000000e+05	4.807066473773424065e+01
2.580000000000000000e+02	2.580000000000000000e+05	4.814740868689072073e+01
2.590000000000000000e+02	2.590000000000000000e+05	4.822351764044946520e+01
2.600000000000000000e+02	2.600000000000000000e+05	4.827277910631810443e+01
2.610000000000000000e+02	2.610000000000000000e+05	4.846615313741440190e+01
2.620000000000000000e+02	2.620000000000000000e+05	4.837922046932379061e+01
2.630000000000000000e+02	2.630000000000000000e+05	4.876311661800510677e+01
2.640000000000000000e+02	2.640000000000000000e+05	4.863457001010163339e+01
2.650000000000000000e+02	2.650000000000000000e+05	4.861716065661366315e+01
2.660000000000000000e+02	2.660000000000000000e+05	4.838418886818930531e+01
2.670000000000000000e+02	2.670000000000000000e+05	4.834157113202493861e+01
2.680000000000000000e+02	2.680000000000000000e+05	4.853041667561761585e+01
2.690000000000000000e+02	2.690000000000000000e+05	4.834583446145514074e+01
2.700000000000000000e+02	2.700000000000000000e+05	4.831029717382892130e+01
2.710000000000000000e+02	2.710000000000000000e+05	4.814700311657849596e+01
2.720000000000000000e+02	2.720000000000000000e+05	4.809016885901166916e+01
2.730000000000000000e+02	2.730000000000000000e+05	4.822184304488870765e+01
2.740000000000000000e+02	2.740000000000000000e+05	4.842551208839021371e+01
2.750000000000000000e+02	2.750000000000000000e+05	4.854445374679119851e+01
2.760000000000000000e+02	2.760000000000000000e+05	4.838181341139575409e+01
2.770000000000000000e+02	2.770000000000000000e+05	4.869324832601765252e+01
2.780000000000000000e+02	2.780000000000000000e+05	4.919083395286327942e+01
2.790000000000000000e+02	2.790000000000000000e+05	4.927592309220298716e+01
2.800000000000000000e+02	2.800000000000000000e+05	4.914787422225080604e+01
2.810000000000000000e+02	2.810000000000000000e+05	4.958176077549968142e+01
2.820000000000000000e+02	2.820000000000000000e+05	4.986188894541017191e+01
2.830000000000000000e+02	2.830000000000000000e+05	5.036722452817169682e+01
2.840000000000000000e+02	2.840000000000000000e+05	5.042507585474253062e+01
2.850000000000000000e+02	2.850000000000000000e+05	5.054831804242640203e+01
2.860000000000000000e+02	2.860000000000000000e+05	5.083138544168993889e+01
2.870000000000000000e+02	2.870000000000000000e+05	5.069142210787733660e+01
2.880000000000000000e+02	2.880000000000000000e+05	5.073834223475574845e+01
2.890000000000000000e+02	2.890000000000000000e+05	5.116586948806184409e+01
2.900000000000000000e+02	2.900000000000000000e+05	5.129035560605831989e+01
2.910000000000000000e+02	2.910000000000000000e+05	5.136369583146335316e+01
2.920000000000000000e+02	2.920000000000000000e+05	5.179535024363773488e+01
2.930000000000000000e+02	2.930000000000000000e+05	5.213006961843189657e+01
2.940000000000000000e+02	2.940000000000000000e+05	5.251913185585833332e+01
2.950000000000000000e+02	2.950000000000000000e+05	5.261810937296150570e+01
2.960000000000000000e+02	2.960000000000000000e+05	5.232796785999877187e+01
2.970000000000000000e+02	2.970000000000000000e+05	5.232564759613581629e+01
2.980000000000000000e+02	2.980000000000000000e+05	5.218681873004937444e+01
2.990000000000000000e+02	2.990000000000000000e+05	5.221233794024090713e+01
3.000000000000000000e+02	3.000000000000000000e+05	5.245168271645406577e+01
3.010000000000000000e+02	3.010000000000000000e+05	5.302254749566537839e+01
3.020000000000000000e+02	3.020000000000000000e+05	5.320501573056458966e+01
3.030000000000000000e+02	3.030000000000000000e+05	5.334820075774338477e+01
3.040000000000000000e+02	3.040000000000000000e+05	5.340973489873896085e+01
3.050000000000000000e+02	3.050000000000000000e+05	5.341797328064432548e+01
3.060000000000000000e+02	3.060000000000000000e+05	5.350111417577671347e+01
3.070000000000000000e+02	3.070000000000000000e+05	5.339215393259510023e+01
3.080000000000000000e+02	3.080000000000000000e+05	5.380816580353807410e+01
3.090000000000000000e+02	3.090000000000000000e+05	5.400521148498153678e+01
3.100000000000000000e+02	3.100000000000000000e+05	5.418547094875329151e+01
3.110000000000000000e+02	3.110000000000000000e+05	5.446261246468306183e+01
3.120000000000000000e+02	3.120000000000000000e+05	5.456987553987300998e+01
3.130000000000000000e+02	3.130000000000000000e+05	5.469664515807707517e+01
3.140000000000000000e+02	3.140000000000000000e+05	5.450485603361553189e+01
3.150000000000000000e+02	3.150000000000000000e+05	5.411366836108184231e+01
3.160000000000000000e+02	3.160000000000000000e+05	5.416676697636206939e+01
3.170000000000000000e+02	3.170000000000000000e+05	5.421668453181769110e+01
3.180000000000000000e+02	3.180000000000000000e+05	5.434451627901633941e+01
3.190000000000000000e+02	3.190000000000000000e+05	5.429049159299560046e+01
3.200000000000000000e+02	3.200000000000000000e+05	5.431004315822605832e+01
3.210000000000000000e+02	3.210000000000000000e+05	5.428104038557230382e+01
3.220000000000000000e+02	3.220000000000000000e+05	5.438531404951205417e+01
3.230000000000000000e+02	3.230000000000000000e+05	5.441336520659601916e+01
3.240000000000000000e+02	3.240000000000000000e+05	5.459648463403294727e+01
3.250000000000000000e+02	3.250000000000000000e+05	5.472220196733476172e+01
3.260000000000000000e+02	3.260000000000000000e+05	5.483822483343636378e+01
3.270000000000000000e+02	3.270000000000000000e+05	5.479585660060316599e+01
3.280000000000000000e+02	3.280000000000000000e+05	5.498281936687529026e+01
3.290000000000000000e+02	3.290000000000000000e+05	5.528626371898617009e+01
3.300000000000000000e+02	3.300000000000000000e+05	5.543079565260757846e+01
3.310000000000000000e+02	3.310000000000000000e+05	5.561874409073855929e+01
3.320000000000000000e+02	3.320000000000000000e+05	5.609582738523559442e+01
3.330000000000000000e+02	3.330000000000000000e+05	5.619482127632392832e+01
3.340000000000000000e+02	3.340000000000000000e+05	5.625153265460741636e+01
3.350000000000000000e+02	3.350000000000000000e+05	5.606188533252859685e+01
3.360000000000000000e+02	3.360000000000000000e+05	5.615003457125776976e+01
3.370000000000000000e+02	3.370000000000000000e+05	5.626470387874380208e+01
3.380000000000000000e+02	3.380000000000000000e+05	5.613732455168035074e+01
3.390000000000000000e+02	3.390000000000000000e+05	5.616818279423307558e+01
3.400000000000000000e+02	3.400000000000000000e+05	5.609001762268787417e+01
3.410000000000000000e+02	3.410000000000000000e+05	5.613128234858868382e+01
3.420000000000000000e+02	3.420000000000000000e+05	5.637459741117335454e+01
3.430000000000000000e+02	3.430000000000000000e+05	5.671105608752593241e+01
3.440000000000000000e+02	3.440000000000000000e+05	5.681887503268957573e+01
3.450000000000000000e+02	3.450000000000000000e+05	5.702957458456952367e+01
3.460000000000000000e+02	3.460000000000000000e+05	5.724055986646682470e+01
3.470000000000000000e+02	3.470000000000000000e+05	5.717826467434626636e+01
3.480000000000000000e+02	3.480000000000000000e+05	5.724458304524399210e+01
3.490000000000000000e+02	3.490000000000000000e+05	5.743161687964666839e+01
3.500000000000000000e+02	3.500000000000000000e+05	5.769706284521053163e+01
3.510000000000000000e+02	3.510000000000000000e+05	5.751747076334736875e+01
3.520000000000000000e+02	3.520000000000000000e+05	5.769603642735847870e+01
3.530000000000000000e+02	3.530000000000000000e+05	5.794172132538555786e+01
3.540000000000000000e+02	3.540000000000000000e+05	5.777643866804682204e+01
3.550000000000000000e+02	3.550000000000000000e+05	5.776136147394674936e+01
3.560000000000000000e+02	3.560000000000000000e+05	5.805524001953475732e+01
3.570000000000000000e+02	3.570000000000000000e+05	5.818140140436086227e+01
3.580000000000000000e+02	3.580000000000000000e+05	5.831963797783033243e+01
3.590000000000000000e+02	3.590000000000000000e+05	5.845107863389571179e+01
3.600000000000000000e+02	3.600000000000000000e+05	5.867200216422779846e+01
3.610000000000000000e+02	3.610000000000000000e+05	5.872870364373500252e+01
3.620000000000000000e+02	3.620000000000000000e+05	5.884877434233321480e+01
3.630000000000000000e+02	3.630000000000000000e+05	5.916228366074066969e+01
3.640000000000000000e+02	3.640000000000000000e+05	5.953271135829060512e+01
3.650000000000000000e+02	3.650000000000000000e+05	5.952995946363550672e+01
3.660000000000000000e+02	3.660000000000000000e+05	5.991773464746503208e+01
3.670000000000000000e+02	3.670000000000000000e+05	5.994471535516883165e+01
3.680000000000000000e+02	3.680000000000000000e+05	6.015965057661262705e+01
3.690000000000000000e+02	3.690000000000000000e+05	6.022107916985724074e+01
3.700000000000000000e+02	3.700000000000000000e+05	6.044749426402925252e+01
3.710000000000000000e+02	3.710000000000000000e+05	6.052944738559664728e+01
3.720000000000000000e+02	3.720000000000000000e+05	6.081580057713059517e+01
3.730000000000000000e+02	3.730000000000000000e+05	6.073608866340642720e+01
3.740000000000000000e+02	3.740000000000000000e+05	6.101958638043569039e+01
3.750000000000000000e+02	3.750000000000000000e+05	6.104753556349609767e+01
3.760000000000000000e+02	3.760000000000000000e+05	6.121369980604543315e+01
3.770000000000000000e+02	3.770000000000000000e+05	6.155694681253479672e+01
3.780000000000000000e+02	3.780000000000000000e+05	6.174782347215355571e+01
3.790000000000000000e+02	3.790000000000000000e+05	6.187971380465883442e+01
3.800000000000000000e+02	3.800000000000000000e+05	6.231280575460607452e+01
3.810000000000000000e+02	3.810000000000000000e+05	6.238229428212955696e+01
3.820000000000000000e+02	3.820000000000000000e+05	6.281919212106690509e+01
3.830000000000000000e+02	3.830000000000000000e+05	6.293719364098067359e+01
3.840000000000000000e+02	3.840000000000000000e+05	6.304970666667352930e+01
3.850000000000000000e+02	3.850000000000000000e+05	6.336805900458110585e+01
3.860000000000000000e+02	3.860000000000000000e+05	6.363480392138352215e+01
3.870000000000000000e+02	3.870000000000000000e+05	6.340482879373134040e+01
3.880000000000000000e+02	3.880000000000000000e+05	6.331728055385767817e+01
3.890000000000000000e+02	3.890000000000000000e+05	6.321254209005670077e+01
3.900000000000000000e+02	3.900000000000000000e+05	6.321687644122948768e+01
3.910000000000000000e+02	3.910000000000000000e+05	6.352998498213463563e+01
3.920000000000000000e+02	3.920000000000000000e+05	6.351875015365087052e+01
3.930000000000000000e+02	3.930000000000000000e+05	6.371056466175568289e+01
3.940000000000000000e+02	3.940000000000000000e+05	6.369145808559387234e+01
3.950000000000000000e+02	3.950000000000000000e+05	6.393984339546822326e+01
3.960000000000000000e+02	3.960000000000000000e+05	6.395285535255936082e+01
3.970000000000000000e+02	3.970000000000000000e+05	6.394542259290163599e+01
3.980000000000000000e+02	3.980000000000000000e+05	6.372830023872209892e+01
3.990000000000000000e+02	3.990000000000000000e+05	6.397173642793033821e+01
4.000000000000000000e+02	4.000000000000000000e+05	6.406927047150877286e+01
4.010000000000000000e+02	4.010000000000000000e+05	6.403886840723707508e+01
4.020000000000000000e+02	4.020000000000000000e+05	6.421335686421018352e+01
4.030000000000000000e+02	4.030000000000000000e+05	6.432298980399691857e+01
4.040000000000000000e+02	4.040000000000000000e+05	6.435549817768658443e+01
4.050000000000000000e+02	4.050000000000000000e+05	6.441869530324078141e+01
4.060000000000000000e+02	4.060000000000000000e+05	6.456751344515333813e+01
4.070000000000000000e+02	4.070000000000000000e+05	6.428955374503352971e+01
4.080000000000000000e+02	4.080000000000000000e+05	6.440073327212675736e+01
4.090000000000000000e+02	4.090000000000000000e+05	6.413844310796581283e+01
4.100000000000000000e+02	4.100000000000000000e+05	6.441786561314086157e+01
4.110000000000000000e+02	4.110000000000000000e+05	6.492732230596308796e+01
4.120000000000000000e+02	4.120000000000000000e+05	6.498623440272537266e+01
4.130000000000000000e+02	4.130000000000000000e+05	6.516096386518269412e+01
4.140000000000000000e+02	4.140000000000000000e+05	6.560427213266703461e+01
4.150000000000000000e+02	4.150000000000000000e+05	6.581496907261691831e+01
4.160000000000000000e+02	4.160000000000000000e+05	6.578152391998436599e+01
4.170000000000000000e+02	4.170000000000000000e+05	6.592167482104956377e+01
4.180000000000000000e+02	4.180000000000000000e+05	6.618712758848731426e+01
4.190000000000000000e+02	4.190000000000000000e+05	6.642628147647216963e+01
4.200000000000000000e+02	4.200000000000000000e+05	6.651125325194662707e+01
4.210000000000000000e+02	4.210000000000000000e+05	6.665063266957629651e+01
4.220000000000000000e+02	4.220000000000000000e+05	6.698863288152627149e+01
4.230000000000000000e+02	4.230000000000000000e+05	6.717081999198796893e+01
4.240000000000000000e+02	4.240000000000000000e+05	6.727442138120895265e+01
4.250000000000000000e+02	4.250000000000000000e+05	6.759759238233661449e+01
4.260000000000000000e+02	4.260000000000000000e+05	6.767937839175233705e+01
4.270000000000000000e+02	4.270000000000000000e+05	6.806462281402019698e+01
4.280000000000000000e+02	4.280000000000000000e+05	6.830150386822259634e+01
4.290000000000000000e+02	4.290000000000000000e+05	6.838423931823625423e+01
4.300000000000000000e+02	4.300000000000000000e+05	6.869781173892904746e+01
4.310000000000000000e+02	4.310000000000000000e+05	6.861672949749427630e+01
4.320000000000000000e+02	4.320000000000000000e+05	6.837686279040491399e+01
4.330000000000000000e+02	4.330000000000000000e+05	6.839392505800404365e+01
4.340000000000000000e+02	4.340000000000000000e+05	6.827556488271267199e+01
4.350000000000000000e+02	4.350000000000000000e+05	6.823672541532496894e+01
4.360000000000000000e+02	4.360000000000000000e+05	6.841731596067944565e+01
4.370000000000000000e+02	4.370000000000000000e+05	6.878835774922561086e+01
4.380000000000000000e+02	4.380000000000000000e+05	6.904902059715846008e+01
4.390000000000000000e+02	4.390000000000000000e+05	6.907439988645656115e+01
4.400000000000000000e+02	4.400000000000000000e+05	6.909840533867988199e+01
4.410000000000000000e+02	4.410000000000000000e+05	6.922850135677384742e+01
4.420000000000000000e+02	4.420000000000000000e+05	6.951941831706265873e+01
4.430000000000000000e+02	4.430000000000000000e+05	6.965364889625801936e+01
4.440000000000000000e+02	4.440000000000000000e+05	6.989053880578933331e+01
4.450000000000000000e+02	4.450000000000000000e+05	6.991664947068717595e+01
4.460000000000000000e+02	4.460000000000000000e+05	7.019740286629168224e+01
4.470000000000000000e+02	4.470000000000000000e+05	7.052003330345603160e+01
4.480000000000000000e+02	4.480000000000000000e+05	7.035642536337959996e+01
4.490000000000000000e+02	4.490000000000000000e+05	7.050138837934790104e+01
4.500000000000000000e+02	4.500000000000000000e+05	7.060752214591325071e+01
4.510000000000000000e+02	4.510000000000000000e+05	7.091646495819357199e+01
4.520000000000000000e+02	4.520000000000000000e+05	7.089212482879749189e+01
4.530000000000000000e+02	4.530000000000000000e+05	7.114583178654665119e+01
4.540000000000000000e+02	4.540000000000000000e+05	7.143843304536329697e+01
4.550000000000000000e+02	4.550000000000000000e+05	7.166508157923452416e+01
4.560000000000000000e+02	4.560000000000000000e+05	7.187920246225863252e+01
4.570000000000000000e+02	4.570000000000000000e+05	7.195270934562637422e+01
4.580000000000000000e+02	4.580000000000000000e+05	7.189155113113294249e+01
4.590000000000000000e+02	4.590000000000000000e+05	7.188363177204981014e+01
4.600000000000000000e+02	4.600000000000000000e+05	7.213000916448784494e+01
4.610000000000000000e+02	4.610000000000000000e+05	7.226423459234413826e+01
4.620000000000000000e+02	4.620000000000000000e+05	7.257735177124786219e+01
4.630000000000000000e+02	4.630000000000000000e+05	7.270772731051565074e+01
4.640000000000000000e+02	4.640000000000000000e+05	7.297048157923894962e+01
4.650000000000000000e+02	4.650000000000000000e+05	7.312181438755034435e+01
4.660000000000000000e+02	4.660000000000000000e+05	7.331848681557997338e+01
4.670000000000000000e+02	4.670000000000000000e+05	7.343111358481799300e+01
4.680000000000000000e+02	4.680000000000000000e+05	7.353545959920013786e+01
4.690000000000000000e+02	4.690000000000000000e+05	7.370652676037423134e+01
4.700000000000000000e+02	4.700000000000000000e+05	7.379517212236794421e+01
4.710000000000000000e+02	4.710000000000000000e+05	7.392049884384057634e+01
4.720000000000000000e+02	4.720000000000000000e+05	7.388866136268912044e+01
4.730000000000000000e+02	4.730000000000000000e+05	7.408317795157883268e+01
4.740000000000000000e+02	4.740000000000000000e+05	7.411625161172393916e+01
4.750000000000000000e+02	4.750000000000000000e+05	7.397251418779367782e+01
4.760000000000000000e+02	4.760000000000000000e+05	7.384052857848121221e+01
4.770000000000000000e+02	4.770000000000000000e+05	7.402550308059619510e+01
4.780000000000000000e+02	4.780000000000000000e+05	7.416705398794697146e+01
4.790000000000000000e+02	4.790000000000000000e+05	7.455377519704265410e+01
4.800000000000000000e+02	4.800000000000000000e+05	7.474697757082225280e+01
4.810000000000000000e+02	4.810000000000000000e+05	7.472353627414172195e+01
4.820000000000000000e+02	4.820000000000000000e+05	7.499970437514855348e+01
4.830000000000000000e+02	4.830000000000000000e+05	7.508554352114171593e+01
4.840000000000000000e+02	4.840000000000000000e+05	7.504262105358412782e+01
4.850000000000000000e+02	4.850000000000000000e+05	7.488839001804561235e+01
4.860000000000000000e+02	4.860000000000000000e+05	7.484338638553744261e+01
4.870000000000000000e+02	4.870000000000000000e+05	7.503424040262066796e+01
4.880000000000000000e+02	4.880000000000000000e+05	7.522485385960096949e+01
4.890000000000000000e+02	4.890000000000000000e+05	7.570871842700223908e+01
4.900000000000000000e+02	4.900000000000000000e+05	7.574877012751892380e+01
4.910000000000000000e+02	4.910000000000000000e+05	7.585916214076033270e+01
4.920000000000000000e+02	4.920000000000000000e+05	7.618941885638365363e+01
4.930000000000000000e+02	4.930000000000000000e+05	7.637281581635305372e+01
4.940000000000000000e+02	4.940000000000000000e+05	7.639279196928802662e+01
4.950000000000000000e+02	4.950000000000000000e+05	7.659703722039729712e+01
4.960000000000000000e+02	4.960000000000000000e+05	7.713068459758125073e+01
4.970000000000000000e+02	4.970000000000000000e+05	7.751405429928388457e+01
4.980000000000000000e+02	4.980000000000000000e+05	7.735714708184507060e+01
4.990000000000000000e+02	4.990000000000000000e+05	7.732526065081373190e+01
5.000000000000000000e+02	5.000000000000000000e+05	7.742753984202244055e+01
5.010000000000000000e+02	5.010000000000000000e+05	7.769651290029615609e+01
5.020000000000000000e+02	5.020000000000000000e+05	7.783172061603603709e+01
5.030000000000000000e+02	5.030000000000000000e+05	7.810704243988783446e+01
5.040000000000000000e+02	5.040000000000000000e+05	7.834301041166538937e+01
5.050000000000000000e+02	5.050000000000000000e+05	7.852810180475950119e+01
5.060000000000000000e+02	5.060000000000000000e+05	7.880868526827303810e+01
5.070000000000000000e+02	5.070000000000000000e+05	7.909040266030925181e+01
5.080000000000000000e+02	5.080000000000000000e+05	7.918648869382617761e+01
5.090000000000000000e+02	5.090000000000000000e+05	7.953420382988107917e+01
5.100000000000000000e+02	5.100000000000000000e+05	7.947355028440863123e+01
5.110000000000000000e+02	5.110000000000000000e+05	7.973007933474400488e+01
5.120000000000000000e+02	5.120000000000000000e+05	7.961471510385783290e+01
5.130000000000000000e+02	5.130000000000000000e+05	7.950169043406074820e+01
5.140000000000000000e+02	5.140000000000000000e+05	7.940100056881543367e+01
5.150000000000000000e+02	5.150000000000000000e+05	7.942377243643682050e+01
5.160000000000000000e+02	5.160000000000000000e+05	7.940366887340819346e+01
5.170000000000000000e+02	5.170000000000000000e+05	7.964642660324541623e+01
5.180000000000000000e+02	5.180000000000000000e+05	7.930229227724933594e+01
5.190000000000000000e+02	5.190000000000000000e+05	7.943979321347927680e+01
5.200000000000000000e+02	5.200000000000000000e+05	7.974598228030875191e+01
5.210000000000000000e+02	5.210000000000000000e+05	7.964785788694524626e+01
5.220000000000000000e+02	5.220000000000000000e+05	7.995019493947198441e+01
5.230000000000000000e+02	5.230000000000000000e+05	7.995401004585949067e+01
5.240000000000000000e+02	5.240000000000000000e+05	7.998486533145448618e+01
5.250000000000000000e+02	5.250000000000000000e+05	8.003395786044161753e+01
5.260000000000000000e+02	5.260000000000000000e+05	7.984709515625145571e+01
5.270000000000000000e+02	5.270000000000000000e+05	7.993624268376120767e+01
5.280000000000000000e+02	5.280000000000000000e+05	8.003236974293460548e+01
5.290000000000000000e+02	5.290000000000000000e+05	8.006526586742509721e+01
5.300000000000000000e+02	5.300000000000000000e+05	8.031258200698353278e+01
5.310000000000000000e+02	5.310000000000000000e+05	8.047917303336720352e+01
5.320000000000000000e+02	5.320000000000000000e+05	8.051834423457746936e+01
5.330000000000000000e+02	5.330000000000000000e+05	8.054794795390508000e+01
5.340000000000000000e+02	5.340000000000000000e+05	8.075148193682275632e+01
5.350000000000000000e+02	5.350000000000000000e+05	8.060202566647357969e+01
5.360000000000000000e+02	5.360000000000000000e+05	8.086724564904551471e+01
5.370000000000000000e+02	5.370000000000000000e+05	8.102905073619679399e+01
5.380000000000000000e+02	5.380000000000000000e+05	8.141783556474595684e+01
5.390000000000000000e+02	5.390000000000000000e+05	8.188077668300071821e+01
5.400000000000000000e+02	5.400000000000000000e+05	8.200169707253714080e+01
5.410000000000000000e+02	5.410000000000000000e+05	8.216381603336039063e+01
5.420000000000000000e+02	5.420000000000000000e+05	8.218150724020460984e+01
5.430000000000000000e+02	5.430000000000000000e+05	8.251968793690051029e+01
5.440000000000000000e+02	5.440000000000000000e+05	8.282955904454621532e+01
5.450000000000000000e+02	5.450000000000000000e+05	8.294634638455556797e+01
5.460000000000000000e+02	5.460000000000000000e+05	8.328083169224534288e+01
5.470000000000000000e+02	5.470000000000000000e+05	8.336415556124710236e+01
5.480000000000000000e+02	5.480000000000000000e+05	8.370045667724930638e+01
5.490000000000000000e+02	5.490000000000000000e+05	8.391519290892613014e+01
5.500000000000000000e+02	5.500000000000000000e+05	8.387106468264506987e+01
5.510000000000000000e+02	5.510000000000000000e+05	8.368274577168642736e+01
5.520000000000000000e+02	5.520000000000000000e+05	8.372365454489124659e+01
5.530000000000000000e+02	5.530000000000000000e+05	8.398163832103789161e+01
5.540000000000000000e+02	5.540000000000000000e+05	8.415732008538694231e+01
5.550000000000000000e+02	5.550000000000000000e+05	8.422416114706231838e+01
5.560000000000000000e+02	5.560000000000000000e+05	8.441353922831454781e+01
5.570000000000000000e+02	5.570000000000000000e+05	8.450034364969577894e+01
5.580000000000000000e+02	5.580000000000000000e+05	8.454956089355839310e+01
5.590000000000000000e+02	5.590000000000000000e+05	8.488902394625675640e+01
5.600000000000000000e+02	5.600000000000000000e+05	8.489599178136187163e+01
5.610000000000000000e+02	5.610000000000000000e+05	8.491324761182393388e+01
5.620000000000000000e+02	5.620000000000000000e+05	8.505260772051677520e+01
5.630000000000000000e+02	5.630000000000000000e+05	8.521894664072704018e+01
5.640000000000000000e+02	5.640000000000000000e+05	8.543825964883242818e+01
5.650000000000000000e+02	5.650000000000000000e+05	8.582628893492318412e+01
5.660000000000000000e+02	5.660000000000000000e+05	8.583827759769410193e+01
5.670000000000000000e+02	5.670000000000000000e+05	8.611217443366686553e+01
5.680000000000000000e+02	5.680000000000000000e+05	8.621431188539247614e+01
5.690000000000000000e+02	5.690000000000000000e+05	8.649469805192981653e+01
5.700000000000000000e+02	5.700000000000000000e+05	8.655534574874299381e+01
5.710000000000000000e+02	5.710000000000000000e+05	8.667961899065925024e+01
5.720000000000000000e+02	5.720000000000000000e+05	8.674141405619236878e+01
5.730000000000000000e+02	5.730000000000000000e+05	8.696512263324058267e+01
5.740000000000000000e+02	5.740000000000000000e+05	8.700824240043721147e+01
5.750000000000000000e+02	5.750000000000000000e+05	8.729507443634696529e+01
5.760000000000000000e+02	5.760000000000000000e+05	8.744572442909736765e+01
5.770000000000000000e+02	5.770000000000000000e+05	8.739005449574788997e+01
5.780000000000000000e+02	5.780000000000000000e+05	8.751559747238147224e+01
5.790000000000000000e+02	5.790000000000000000e+05	8.785343022906545229e+01
5.800000000000000000e+02	5.800000000000000000e+05	8.747779172404520409e+01
5.810000000000000000e+02	5.810000000000000000e+05	8.730604012509550671e+01
5.820000000000000000e+02	5.820000000000000000e+05	8.743315295286618039e+01
5.830000000000000000e+02	5.830000000000000000e+05	8.766139648544287866e+01
5.840000000000000000e+02	5.840000000000000000e+05	8.763433974064703591e+01
5.850000000000000000e+02	5.850000000000000000e+05	8.778149613545221541e+01
5.860000000000000000e+02	5.860000000000000000e+05	8.796422405287593449e+01
5.870000000000000000e+02	5.870000000000000000e+05	8.819719230332934501e+01
5.880000000000000000e+02	5.880000000000000000e+05	8.840339795802893263e+01
5.890000000000000000e+02	5.890000000000000000e+05	8.837534155444303963e+01
5.900000000000000000e+02	5.900000000000000000e+05	8.848325009580115363e+01
5.910000000000000000e+02	5.910000000000000000e+05	8.869629105314389506e+01
5.920000000000000000e+02	5.920000000000000000e+05	8.897536741466403498e+01
5.930000000000000000e+02	5.930000000000000000e+05	8.931810115763018132e+01
5.940000000000000000e+02	5.940000000000000000e+05	8.917102863235724897e+01
5.950000000000000000e+02	5.950000000000000000e+05	8.936237413801779894e+01
5.960000000000000000e+02	5.960000000000000000e+05	8.917044822369493318e+01
5.970000000000000000e+02	5.970000000000000000e+05	8.957126099840537847e+01
5.980000000000000000e+02	5.980000000000000000e+05	8.961138721327294832e+01
5.990000000000000000e+02	5.990000000000000000e+05	8.974359419043162234e+01
6.000000000000000000e+02	6.000000000000000000e+05	9.022542408163157290e+01
6.010000000000000000e+02	6.010000000000000000e+05	9.039750608054679049e+01
6.020000000000000000e+02	6.020000000000000000e+05	9.044873364396474358e+01
6.030000000000000000e+02	6.030000000000000000e+05	9.044172609852718381e+01
6.040000000000000000e+02	6.040000000000000000e+05	9.054802507735776373e+01
6.050000000000000000e+02	6.050000000000000000e+05	9.064321392054527848e+01
6.060000000000000000e+02	6.060000000000000000e+05	9.070912880366950048e+01
6.070000000000000000e+02	6.070000000000000000e+05	9.079766599610502453e+01
6.080000000000000000e+02	6.080000000000000000e+05	9.126352742520307970e+01
6.090000000000000000e+02	6.090000000000000000e+05	9.148584769888704216e+01
6.100000000000000000e+02	6.100000000000000000e+05	9.175406277018268497e+01
6.110000000000000000e+02	6.110000000000000000e+05	9.154625641668754099e+01
6.120000000000000000e+02	6.120000000000000000e+05	9.151294348608443840e+01
6.130000000000000000e+02	6.130000000000000000e+05	9.189135801880358656e+01
6.140000000000000000e+02	6.140000000000000000e+05	9.209976658226949553e+01
6.150000000000000000e+02	6.150000000000000000e+05	9.229485326973879467e+01
6.160000000000000000e+02	6.160000000000000000e+05	9.226884601670123232e+01
6.170000000000000000e+02	6.170000000000000000e+05	9.275541993121892403e+01
6.180000000000000000e+02	6.180000000000000000e+05	9.305934385474759551e+01
6.190000000000000000e+02	6.190000000000000000e+05	9.325524356167701967e+01
6.200000000000000000e+02	6.200000000000000000e+05	9.318941327796433427e+01
6.210000000000000000e+02	6.210000000000000000e+05	9.325253340869096519e+01
6.220000000000000000e+02	6.220000000000000000e+05	9.330954788444660153e+01
6.230000000000000000e+02	6.230000000000000000e+05	9.343085692627133199e+01
6.240000000000000000e+02	6.240000000000000000e+05	9.331142890815894475e+01
6.250000000000000000e+02	6.250000000000000000e+05	9.320773057308963416e+01
6.260000000000000000e+02	6.260000000000000000e+05	9.333835749777330193e+01
6.270000000000000000e+02	6.270000000000000000e+05	9.333940327182922658e+01
6.280000000000000000e+02	6.280000000000000000e+05	9.324915446221345405e+01
6.290000000000000000e+02	6.290000000000000000e+05	9.333436668546310955e+01
6.300000000000000000e+02	6.300000000000000000e+05	9.352077085110482813e+01
6.310000000000000000e+02	6.310000000000000000e+05	9.328501041092694379e+01
6.320000000000000000e+02	6.320000000000000000e+05	9.348766076536314529e+01
6.330000000000000000e+02	6.330000000000000000e+05	9.350466868368886253e+01
6.340000000000000000e+02	6.340000000000000000e+05	9.380690589266652069e+01
6.350000000000000000e+02	6.350000000000000000e+05	9.414009893047591504e+01
6.360000000000000000e+02	6.360000000000000000e+05	9.415210831858783536e+01
6.370000000000000000e+02	6.370000000000000000e+05	9.410844067156268977e+01
6.380000000000000000e+02	6.380000000000000000e+05	9.455982699157380011e+01
6.390000000000000000e+02	6.390000000000000000e+05	9.435141093111077737e+01
6.400000000000000000e+02	6.400000000000000000e+05	9.436133542411599251e+01
6.410000000000000000e+02	6.410000000000000000e+05	9.466567569156296713e+01
6.420000000000000000e+02	6.420000000000000000e+05	9.488384341024507762e+01
6.430000000000000000e+02	6.430000000000000000e+05	9.510964214312872400e+01
6.440000000000000000e+02	6.440000000000000000e+05	9.522349446957463215e+01
6.450000000000000000e+02	6.450000000000000000e+05	9.530095966350745584e+01
6.460000000000000000e+02	6.460000000000000000e+05	9.548623597650352224e+01
6.470000000000000000e+02	6.470000000000000000e+05	9.595804566862308604e+01
6.480000000000000000e+02	6.480000000000000000e+05	9.588556691545481669e+01
6.490000000000000000e+02	6.490000000000000000e+05	9.599383082593764982e+01
6.500000000000000000e+02	6.500000000000000000e+05	9.620853985941110409e+01
6.510000000000000000e+02	6.510000000000000000e+05	9.668484743555846705e+01
6.520000000000000000e+02	6.520000000000000000e+05	9.680977992805915733e+01
6.530000000000000000e+02	6.530000000000000000e+05	9.696440659341313051e+01
6.540000000000000000e+02	6.540000000000000000e+05	9.687747987864477750e+01
6.550000000000000000e+02	6.550000000000000000e+05	9.691839936978522019e+01
6.560000000000000000e+02	6.560000000000000000e+05	9.689570818209207914e+01
6.570000000000000000e+02	6.570000000000000000e+05	9.695015501244056111e+01
6.580000000000000000e+02	6.580000000000000000e+05	9.726794447844518743e+01
6.590000000000000000e+02	6.590000000000000000e+05	9.738819095051789532e+01
6.600000000000000000e+02	6.600000000000000000e+05	9.763318580483642961e+01
6.610000000000000000e+02	6.610000000000000000e+05	9.796642510103352208e+01
6.620000000000000000e+02	6.620000000000000000e+05	9.829954201086505350e+01
6.630000000000000000e+02	6.630000000000000000e+05	9.818091790128664798e+01
6.640000000000000000e+02	6.640000000000000000e+05	9.822088184037569647e+01
6.650000000000000000e+02	6.650000000000000000e+05	9.856466555868230728e+01
6.660000000000000000e+02	6.660000000000000000e+05	9.888898831248583576e+01
6.670000000000000000e+02	6.670000000000000000e+05	9.904166738911798973e+01
6.680000000000000000e+02	6.680000000000000000e+05	9.906603700917432320e+01
6.690000000000000000e+02	6.690000000000000000e+05	9.923614939569380056e+01
6.700000000000000000e+02	6.700000000000000000e+05	9.924276723051154647e+01
6.710000000000000000e+02	6.710000000000000000e+05	9.939008896599148102e+01
6.720000000000000000e+02	6.720000000000000000e+05	9.974635083442362316e+01
6.730000000000000000e+02	6.730000000000000000e+05	9.995358458496144749e+01
6.740000000000000000e+02	6.740000000000000000e+05	1.000985376086870957e+02
6.750000000000000000e+02	6.750000000000000000e+05	1.002816696871297353e+02
6.760000000000000000e+02	6.760000000000000000e+05	1.006309152708540751e+02
6.770000000000000000e+02	6.770000000000000000e+05	1.005782806180676090e+02
6.780000000000000000e+02	6.780000000000000000e+05	1.007606255637608683e+02
6.790000000000000000e+02	6.790000000000000000e+05	1.009311828059783238e+02
6.800000000000000000e+02	6.800000000000000000e+05	1.011304986711173655e+02
6.810000000000000000e+02	6.810000000000000000e+05	1.014032806756572711e+02
6.820000000000000000e+02	6.820000000000000000e+05	1.014658882378885352e+02
6.830000000000000000e+02	6.830000000000000000e+05	1.014357525681564454e+02
6.840000000000000000e+02	6.840000000000000000e+05	1.017160528614323880e+02
6.850000000000000000e+02	6.850000000000000000e+05	1.019130524296678999e+02
6.860000000000000000e+02	6.860000000000000000e+05	1.020870829712620633e+02
6.870000000000000000e+02	6.870000000000000000e+05	1.022670681559245907e+02
6.880000000000000000e+02	6.880000000000000000e+05	1.021541325448375517e+02
6.890000000000000000e+02	6.890000000000000000e+05	1.024011132747542092e+02
6.900000000000000000e+02	6.900000000000000000e+05	1.026411407906490467e+02
6.910000000000000000e+02	6.910000000000000000e+05	1.028775799290638275e+02
6.920000000000000000e+02	6.920000000000000000e+05	1.027410241195334919e+02
6.930000000000000000e+02	6.930000000000000000e+05	1.025788761546072863e+02
6.940000000000000000e+02	6.940000000000000000e+05	1.026126987568710263e+02
6.950000000000000000e+02	6.950000000000000000e+05	1.027333997727480863e+02
6.960000000000000000e+02	6.960000000000000000e+05	1.029108315153595896e+02
6.970000000000000000e+02	6.970000000000000000e+05	1.031728996845554178e+02
6.980000000000000000e+02	6.980000000000000000e+05	1.031308913984083375e+02
6.990000000000000000e+02	6.990000000000000000e+05	1.032239076601039898e+02
7.000000000000000000e+02	7.000000000000000000e+05	1.034594591970980701e+02
7.010000000000000000e+02	7.010000000000000000e+05	1.036007764316643573e+02
7.020000000000000000e+02	7.020000000000000000e+05	1.038086125692681634e+02
7.030000000000000000e+02	7.030000000000000000e+05	1.038653181535095626e+02
7.040000000000000000e+02	7.040000000000000000e+05	1.039450046719929759e+02
7.050000000000000000e+02	7.050000000000000000e+05	1.042800959036845541e+02
7.060000000000000000e+02	7.060000000000000000e+05	1.042220675241392485e+02
7.070000000000000000e+02	7.070000000000000000e+05	1.042839141819947599e+02
7.080000000000000000e+02	7.080000000000000000e+05	1.043934612847257313e+02
7.090000000000000000e+02	7.090000000000000000e+05	1.045505804378019690e+02
7.100000000000000000e+02	7.100000000000000000e+05	1.046232232645146922e+02
7.110000000000000000e+02	7.110000000000000000e+05	1.048993674160136464e+02
7.120000000000000000e+02	7.120000000000000000e+05	1.048616600022971852e+02
7.130000000000000000e+02	7.130000000000000000e+05	1.048235001698884048e+02
7.140000000000000000e+02	7.140000000000000000e+05	1.049048686818142642e+02
7.150000000000000000e+02	7.150000000000000000e+05	1.049476237821461098e+02
7.160000000000000000e+02	7.160000000000000000e+05	1.050073335199199818e+02
7.170000000000000000e+02	7.170000000000000000e+05	1.051936115493910506e+02
7.180000000000000000e+02	7.180000000000000000e+05	1.050532905946107434e+02
7.190000000000000000e+02	7.190000000000000000e+05	1.053487268000766193e+02
7.200000000000000000e+02	7.200000000000000000e+05	1.052889408282900519e+02
7.210000000000000000e+02	7.210000000000000000e+05	1.052242541851411346e+02
7.220000000000000000e+02	7.220000000000000000e+05	1.055291133147539711e+02
7.230000000000000000e+02	7.230000000000000000e+05	1.054024429336610496e+02
7.240000000000000000e+02	7.240000000000000000e+05	1.054309426142003190e+02
7.250000000000000000e+02	7.250000000000000000e+05	1.056932873895476490e+02
7.260000000000000000e+02	7.260000000000000000e+05	1.057496077153138003e+02
7.270000000000000000e+02	7.270000000000000000e+05	1.057795901134403351e+02
7.280000000000000000e+02	7.280000000000000000e+05	1.057830233526360928e+02
7.290000000000000000e+02	7.290000000000000000e+05	1.060577406404050578e+02
7.300000000000000000e+02	7.300000000000000000e+05	1.061661146401433626e+02
7.310000000000000000e+02	7.310000000000000000e+05	1.063501160000095069e+02
7.320000000000000000e+02	7.320000000000000000e+05	1.062428570823725096e+02
7.330000000000000000e+02	7.330000000000000000e+05	1.063186117797160506e+02
7.340000000000000000e+02	7.340000000000000000e+05	1.062776429690499072e+02
7.350000000000000000e+02	7.350000000000000000e+05	1.064707817364032536e+02
7.360000000000000000e+02	7.360000000000000000e+05	1.066546055515766938e+02
7.370000000000000000e+02	7.370000000000000000e+05	1.068245922459820179e+02
7.380000000000000000e+02	7.380000000000000000e+05	1.070512647736174188e+02
7.390000000000000000e+02	7.390000000000000000e+05	1.072652766649330118e+02
7.400000000000000000e+02	7.400000000000000000e+05	1.074900331508726623e+02
7.410000000000000000e+02	7.410000000000000000e+05	1.078124607648524602e+02
7.420000000000000000e+02	7.420000000000000000e+05	1.080529564578211534e+02
7.430000000000000000e+02	7.430000000000000000e+05	1.082189823358583283e+02
7.440000000000000000e+02	7.440000000000000000e+05	1.080993372617539450e+02
7.450000000000000000e+02	7.450000000000000000e+05	1.085087920319195405e+02
7.460000000000000000e+02	7.460000000000000000e+05	1.084848799317373107e+02
7.470000000000000000e+02	7.470000000000000000e+05	1.087025473868974643e+02
7.480000000000000000e+02	7.480000000000000000e+05	1.087059898081406573e+02
7.490000000000000000e+02	7.490000000000000000e+05	1.086228911948755496e+02
7.500000000000000000e+02	7.500000000000000000e+05	1.086002300489799097e+02
7.510000000000000000e+02	7.510000000000000000e+05	1.087353544040979898e+02
7.520000000000000000e+02	7.520000000000000000e+05	1.088486687135640238e+02
7.530000000000000000e+02	7.530000000000000000e+05	1.089447668993458791e+02
7.540000000000000000e+02	7.540000000000000000e+05	1.089781919818494771e+02
7.550000000000000000e+02	7.550000000000000000e+05	1.089708639152208889e+02
7.560000000000000000e+02	7.560000000000000000e+05	1.093078791085874855e+02
7.570000000000000000e+02	7.570000000000000000e+05	1.095513431703769669e+02
7.580000000000000000e+02	7.580000000000000000e+05	1.098261939838264851e+02
7.590000000000000000e+02	7.590000000000000000e+05	1.101304414455503036e+02
7.600000000000000000e+02	7.600000000000000000e+05	1.102675771219803948e+02
7.610000000000000000e+02	7.610000000000000000e+05	1.103307791937146476e+02
7.620000000000000000e+02	7.620000000000000000e+05	1.102853341922142931e+02
7.630000000000000000e+02	7.630000000000000000e+05	1.102695940646976709e+02
7.640000000000000000e+02	7.640000000000000000e+05	1.101625643023574384e+02
7.650000000000000000e+02	7.650000000000000000e+05	1.101924749932420724e+02
7.660000000000000000e+02	7.660000000000000000e+05	1.103972322241699544e+02
7.670000000000000000e+02	7.670000000000000000e+05	1.104454653628403804e+02
7.680000000000000000e+02	7.680000000000000000e+05	1.106570899084700841e+02
7.690000000000000000e+02	7.690000000000000000e+05	1.107794193944775714e+02
7.700000000000000000e+02	7.700000000000000000e+05	1.109983534820491542e+02
7.710000000000000000e+02	7.710000000000000000e+05	1.109850141728478263e+02
7.720000000000000000e+02	7.720000000000000000e+05	1.110974634770790033e+02
7.730000000000000000e+02	7.730000000000000000e+05	1.108776654157010313e+02
7.740000000000000000e+02	7.740000000000000000e+05	1.110917737304247623e+02
7.750000000000000000e+02	7.750000000000000000e+05	1.114446331692535210e+02
7.760000000000000000e+02	7.760000000000000000e+05	1.116026478330312131e+02
7.770000000000000000e+02	7.770000000000000000e+05	1.117661038611913398e+02
7.780000000000000000e+02	7.780000000000000000e+05	1.117532443188248976e+02
7.790000000000000000e+02	7.790000000000000000e+05	1.117552609340614964e+02
7.800000000000000000e+02	7.800000000000000000e+05	1.119623287832994265e+02
7.810000000000000000e+02	7.810000000000000000e+05	1.122660817575832937e+02
7.820000000000000000e+02	7.820000000000000000e+05	1.123542975208784611e+02
7.830000000000000000e+02	7.830000000000000000e+05	1.123795394015084241e+02
7.840000000000000000e+02	7.840000000000000000e+05	1.124288058086497131e+02
7.850000000000000000e+02	7.850000000000000000e+05	1.124910080325754791e+02
7.860000000000000000e+02	7.860000000000000000e+05	1.125110165145390653e+02
7.870000000000000000e+02	7.870000000000000000e+05	1.126465446475441041e+02
7.880000000000000000e+02	7.880000000000000000e+05	1.128246085983616638e+02
7.890000000000000000e+02	7.890000000000000000e+05	1.127184632624672531e+02
7.900000000000000000e+02	7.900000000000000000e+05	1.126565413915495242e+02
7.910000000000000000e+02	7.910000000000000000e+05	1.130408702901809761e+02
7.920000000000000000e+02	7.920000000000000000e+05	1.130881828950245875e+02
7.930000000000000000e+02	7.930000000000000000e+05	1.133119913906654119e+02
7.940000000000000000e+02	7.940000000000000000e+05	1.134514671340935763e+02
7.950000000000000000e+02	7.950000000000000000e+05	1.133734485425369911e+02
7.960000000000000000e+02	7.960000000000000000e+05	1.134354725974171174e+02
7.970000000000000000e+02	7.970000000000000000e+05	1.138759457749974899e+02
7.980000000000000000e+02	7.980000000000000000e+05	1.140202568722510108e+02
7.990000000000000000e+02	7.990000000000000000e+05	1.143487711077026461e+02
8.000000000000000000e+02	8.000000000000000000e+05	1.144771302329111506e+02
8.010000000000000000e+02	8.010000000000000000e+05	1.146551483717287567e+02
8.020000000000000000e+02	8.020000000000000000e+05	1.147782155281899605e+02
8.030000000000000000e+02	8.030000000000000000e+05	1.149859041252016993e+02
8.040000000000000000e+02	8.040000000000000000e+05	1.150119600052770608e+02
8.050000000000000000e+02	8.050000000000000000e+05	1.150021416579145495e+02
8.060000000000000000e+02	8.060000000000000000e+05	1.148968410360649273e+02
8.070000000000000000e+02	8.070000000000000000e+05	1.150626268239294063e+02
8.080000000000000000e+02	8.080000000000000000e+05	1.149551205449251086e+02
8.090000000000000000e+02	8.090000000000000000e+05	1.149353802748928359e+02
8.100000000000000000e+02	8.100000000000000000e+05	1.148799972693477116e+02
8.110000000000000000e+02	8.110000000000000000e+05	1.152975214337422329e+02
8.120000000000000000e+02	8.120000000000000000e+05	1.154847976336073998e+02
8.130000000000000000e+02	8.130000000000000000e+05	1.154509357132883878e+02
8.140000000000000000e+02	8.140000000000000000e+05	1.155769251223567551e+02
8.150000000000000000e+02	8.150000000000000000e+05	1.158376888915546772e+02
8.160000000000000000e+02	8.160000000000000000e+05	1.161173512452812275e+02
8.170000000000000000e+02	8.170000000000000000e+05	1.163290708024708806e+02
8.180000000000000000e+02	8.180000000000000000e+05	1.164438207024332570e+02
8.190000000000000000e+02	8.190000000000000000e+05	1.165210178770514347e+02
8.200000000000000000e+02	8.200000000000000000e+05	1.164658474409893643e+02
8.210000000000000000e+02	8.210000000000000000e+05	1.164949558214195093e+02
8.220000000000000000e+02	8.220000000000000000e+05	1.165654340306947461e+02
8.230000000000000000e+02	8.230000000000000000e+05	1.163518084629878757e+02
8.240000000000000000e+02	8.240000000000000000e+05	1.165723093920255735e+02
8.250000000000000000e+02	8.250000000000000000e+05	1.165660404811092405e+02
8.260000000000000000e+02	8.260000000000000000e+05	1.172274896964903661e+02
8.270000000000000000e+02	8.270000000000000000e+05	1.172611894593934920e+02
8.280000000000000000e+02	8.280000000000000000e+05	1.172413811801586263e+02
8.290000000000000000e+02	8.290000000000000000e+05	1.169230759189857309e+02
8.300000000000000000e+02	8.300000000000000000e+05	1.173299641132639550e+02
8.310000000000000000e+02	8.310000000000000000e+05	1.173918197905292118e+02
8.320000000000000000e+02	8.320000000000000000e+05	1.175480918669595809e+02
8.330000000000000000e+02	8.330000000000000000e+05	1.173597463655122937e+02
8.340000000000000000e+02	8.340000000000000000e+05	1.174771690158254387e+02
8.350000000000000000e+02	8.350000000000000000e+05	1.177180498689335195e+02
8.360000000000000000e+02	8.360000000000000000e+05	1.177734547887518914e+02
8.370000000000000000e+02	8.370000000000000000e+05	1.177930638297590633e+02
8.380000000000000000e+02	8.380000000000000000e+05	1.179379231992313635e+02
8.390000000000000000e+02	8.390000000000000000e+05	1.180953562269903614e+02
8.400000000000000000e+02	8.400000000000000000e+05	1.185642240457062258e+02
8.410000000000000000e+02	8.410000000000000000e+05	1.186212644546573927e+02
8.420000000000000000e+02	8.420000000000000000e+05	1.186780989886764957e+02
8.430000000000000000e+02	8.430000000000000000e+05	1.186566430439009565e+02
8.440000000000000000e+02	8.440000000000000000e+05	1.187415603069038212e+02
8.450000000000000000e+02	8.450000000000000000e+05	1.189601584832659853e+02
8.460000000000000000e+02	8.460000000000000000e+05	1.193703010124562383e+02
8.470000000000000000e+02	8.470000000000000000e+05	1.193918727803790318e+02
8.480000000000000000e+02	8.480000000000000000e+05	1.193859074730403478e+02
8.490000000000000000e+02	8.490000000000000000e+05	1.197591131082687639e+02
8.500000000000000000e+02	8.500000000000000000e+05	1.200139391609984614e+02
8.510000000000000000e+02	8.510000000000000000e+05	1.199898094885011801e+02
8.520000000000000000e+02	8.520000000000000000e+05	1.200292411649115962e+02
8.530000000000000000e+02	8.530000000000000000e+05	1.201068251163417386e+02
8.540000000000000000e+02	8.540000000000000000e+05	1.201753797325580422e+02
8.550000000000000000e+02	8.550000000000000000e+05	1.201121852323730934e+02
8.560000000000000000e+02	8.560000000000000000e+05	1.199726722936247683e+02
8.570000000000000000e+02	8.570000000000000000e+05	1.197352078548317706e+02
8.580000000000000000e+02	8.580000000000000000e+05	1.198659099776592569e+02
8.590000000000000000e+02	8.590000000000000000e+05	1.201049471629482071e+02
8.600000000000000000e+02	8.600000000000000000e+05	1.202363256121306847e+02
8.610000000000000000e+02	8.610000000000000000e+05	1.203295391980448272e+02
8.620000000000000000e+02	8.620000000000000000e+05	1.202955619733588577e+02
8.630000000000000000e+02	8.630000000000000000e+05	1.205925034319443796e+02
8.640000000000000000e+02	8.640000000000000000e+05	1.206954152668121907e+02
8.650000000000000000e+02	8.650000000000000000e+05	1.206579320870453671e+02
8.660000000000000000e+02	8.660000000000000000e+05	1.209280561703986621e+02
8.670000000000000000e+02	8.670000000000000000e+05	1.209675534684519107e+02
8.680000000000000000e+02	8.680000000000000000e+05	1.211658048601822060e+02
8.690000000000000000e+02	8.690000000000000000e+05	1.214055028363042794e+02
8.700000000000000000e+02	8.700000000000000000e+05	1.217696564314150294e+02
8.710000000000000000e+02	8.710000000000000000e+05	1.218203452803571452e+02
8.720000000000000000e+02	8.720000000000000000e+05	1.218258896884574511e+02
8.730000000000000000e+02	8.730000000000000000e+05	1.219520988984497762e+02
8.740000000000000000e+02	8.740000000000000000e+05	1.224113422553736967e+02
8.750000000000000000e+02	8.750000000000000000e+05	1.226170807488892649e+02
8.760000000000000000e+02	8.760000000000000000e+05	1.224775099712431228e+02
8.770000000000000000e+02	8.770000000000000000e+05	1.224715133665232116e+02
8.780000000000000000e+02	8.780000000000000000e+05	1.227447688442853746e+02
8.790000000000000000e+02	8.790000000000000000e+05	1.227386183255639622e+02
8.800000000000000000e+02	8.800000000000000000e+05	1.228242543664507878e+02
8.810000000000000000e+02	8.810000000000000000e+05	1.226090878456641491e+02
8.820000000000000000e+02	8.820000000000000000e+05	1.227147249971303751e+02
8.830000000000000000e+02	8.830000000000000000e+05	1.226815557254657705e+02
8.840000000000000000e+02	8.840000000000000000e+05	1.227166248375163349e+02
8.850000000000000000e+02	8.850000000000000000e+05	1.225713697772045094e+02
8.860000000000000000e+02	8.860000000000000000e+05	1.229015553760438877e+02
8.870000000000000000e+02	8.870000000000000000e+05	1.230687866716280467e+02
8.880000000000000000e+02	8.880000000000000000e+05	1.232560914843629689e+02
8.890000000000000000e+02	8.890000000000000000e+05	1.232128194849766345e+02
8.900000000000000000e+02	8.900000000000000000e+05	1.233451898860570282e+02
8.910000000000000000e+02	8.910000000000000000e+05	1.235354742032125444e+02
8.920000000000000000e+02	8.920000000000000000e+05	1.234642894275581710e+02
8.930000000000000000e+02	8.930000000000000000e+05	1.234950137587324406e+02
8.940000000000000000e+02	8.940000000000000000e+05	1.234321998071008721e+02
8.950000000000000000e+02	8.950000000000000000e+05	1.236734498191674589e+02
8.960000000000000000e+02	8.960000000000000000e+05	1.239722167361241247e+02
8.970000000000000000e+02	8.970000000000000000e+05	1.241087561941257036e+02
8.980000000000000000e+02	8.980000000000000000e+05	1.243105793580437819e+02
8.990000000000000000e+02	8.990000000000000000e+05	1.243297731313447372e+02
9.000000000000000000e+02	9.000000000000000000e+05	1.246290783347512416e+02
9.010000000000000000e+02	9.010000000000000000e+05	1.245757719311962575e+02
9.020000000000000000e+02	9.020000000000000000e+05	1.246759769442888057e+02
9.030000000000000000e+02	9.030000000000000000e+05	1.249347259067024964e+02
9.040000000000000000e+02	9.040000000000000000e+05	1.252053241318021719e+02
9.050000000000000000e+02	9.050000000000000000e+05	1.253948612151683619e+02
9.060000000000000000e+02	9.060000000000000000e+05	1.252474015231269107e+02
9.070000000000000000e+02	9.070000000000000000e+05	1.253073551785274020e+02
9.080000000000000000e+02	9.080000000000000000e+05	1.252232842380584827e+02
9.090000000000000000e+02	9.090000000000000000e+05	1.253459026092407385e+02
9.100000000000000000e+02	9.100000000000000000e+05	1.254941564880191294e+02
9.110000000000000000e+02	9.110000000000000000e+05	1.256805963005165268e+02
9.120000000000000000e+02	9.120000000000000000e+05	1.256403735423687777e+02
9.130000000000000000e+02	9.130000000000000000e+05	1.257146824963326281e+02
9.140000000000000000e+02	9.140000000000000000e+05	1.260383076875824884e+02
9.150000000000000000e+02	9.150000000000000000e+05	1.261873208582286026e+02
9.160000000000000000e+02	9.160000000000000000e+05	1.261500278026664290e+02
9.170000000000000000e+02	9.170000000000000000e+05	1.259359490610050329e+02
9.180000000000000000e+02	9.180000000000000000e+05	1.262029580372254003e+02
9.190000000000000000e+02	9.190000000000000000e+05	1.263196056417461506e+02
9.200000000000000000e+02	9.200000000000000000e+05	1.265770943478398607e+02
9.210000000000000000e+02	9.210000000000000000e+05	1.265498901202578139e+02
9.220000000000000000e+02	9.220000000000000000e+05	1.267116011118469174e+02
9.230000000000000000e+02	9.230000000000000000e+05	1.266385829280164472e+02
9.240000000000000000e+02	9.240000000000000000e+05	1.267402070517931918e+02
9.250000000000000000e+02	9.250000000000000000e+05	1.267863793092883498e+02
9.260000000000000000e+02	9.260000000000000000e+05	1.270599501025354101e+02
9.270000000000000000e+02	9.270000000000000000e+05	1.270127781687946964e+02
9.280000000000000000e+02	9.280000000000000000e+05	1.272082948204891011e+02
9.290000000000000000e+02	9.290000000000000000e+05	1.274043903788963092e+02
9.300000000000000000e+02	9.300000000000000000e+05	1.274401150671989171e+02
9.310000000000000000e+02	9.310000000000000000e+05	1.277788430565407367e+02
9.320000000000000000e+02	9.320000000000000000e+05	1.278953761178240853e+02
9.330000000000000000e+02	9.330000000000000000e+05	1.278819107426133428e+02
9.340000000000000000e+02	9.340000000000000000e+05	1.281208503831122982e+02
9.350000000000000000e+02	9.350000000000000000e+05	1.284385176217130038e+02
9.360000000000000000e+02	9.360000000000000000e+05	1.283854338901302299e+02
9.370000000000000000e+02	9.370000000000000000e+05	1.284070228478861679e+02
9.380000000000000000e+02	9.380000000000000000e+05	1.283698763733942485e+02
9.390000000000000000e+02	9.390000000000000000e+05	1.285039761021361358e+02
9.400000000000000000e+02	9.400000000000000000e+05	1.285521094083233038e+02
9.410000000000000000e+02	9.410000000000000000e+05	1.286637603711021427e+02
9.420000000000000000e+02	9.420000000000000000e+05	1.285165772152311092e+02
9.430000000000000000e+02	9.430000000000000000e+05	1.285266368234409811e+02
9.440000000000000000e+02	9.440000000000000000e+05	1.284438048398256456e+02
9.450000000000000000e+02	9.450000000000000000e+05	1.284319160365194818e+02
9.460000000000000000e+02	9.460000000000000000e+05	1.286383205752210017e+02
9.470000000000000000e+02	9.470000000000000000e+05	1.287261528511243966e+02
9.480000000000000000e+02	9.480000000000000000e+05	1.289281840008377742e+02
9.490000000000000000e+02	9.490000000000000000e+05	1.288047209121840524e+02
9.500000000000000000e+02	9.500000000000000000e+05	1.288263161507658765e+02
9.510000000000000000e+02	9.510000000000000000e+05	1.288195116895269621e+02
9.520000000000000000e+02	9.520000000000000000e+05	1.289516550859511597e+02
9.530000000000000000e+02	9.530000000000000000e+05	1.291013259946459755e+02
9.540000000000000000e+02	9.540000000000000000e+05	1.293474864527628654e+02
9.550000000000000000e+02	9.550000000000000000e+05	1.295714488182230184e+02
9.560000000000000000e+02	9.560000000000000000e+05	1.297323879688335921e+02
9.570000000000000000e+02	9.570000000000000000e+05	1.299120415463390543e+02
9.580000000000000000e+02	9.580000000000000000e+05	1.300907886998354286e+02
9.590000000000000000e+02	9.590000000000000000e+05	1.302201287190126209e+02
9.600000000000000000e+02	9.600000000000000000e+05	1.301623614027108715e+02
9.610000000000000000e+02	9.610000000000000000e+05	1.303326886218738423e+02
9.620000000000000000e+02	9.620000000000000000e+05	1.305113706420087567e+02
9.630000000000000000e+02	9.630000000000000000e+05	1.306017958344093017e+02
9.640000000000000000e+02	9.640000000000000000e+05	1.305571552850804835e+02
9.650000000000000000e+02	9.650000000000000000e+05	1.304232528333370453e+02
9.660000000000000000e+02	9.660000000000000000e+05	1.305435025092903345e+02
9.670000000000000000e+02	9.670000000000000000e+05	1.309084696822809519e+02
9.680000000000000000e+02	9.680000000000000000e+05	1.312112306695204325e+02
9.690000000000000000e+02	9.690000000000000000e+05	1.312632496847382413e+02
9.700000000000000000e+02	9.700000000000000000e+05	1.311405624184439489e+02
9.710000000000000000e+02	9.710000000000000000e+05	1.313918387687097322e+02
9.720000000000000000e+02	9.720000000000000000e+05	1.317133998763735292e+02
9.730000000000000000e+02	9.730000000000000000e+05	1.317247244157226760e+02
9.740000000000000000e+02	9.740000000000000000e+05	1.317713983740696335e+02
9.750000000000000000e+02	9.750000000000000000e+05	1.316825907579179500e+02
9.760000000000000000e+02	9.760000000000000000e+05	1.319305141898918521e+02
9.770000000000000000e+02	9.770000000000000000e+05	1.322467677614259287e+02
9.780000000000000000e+02	9.780000000000000000e+05	1.325645680432869824e+02
9.790000000000000000e+02	9.790000000000000000e+05	1.327307805122957234e+02
9.800000000000000000e+02	9.800000000000000000e+05	1.329817110931376760e+02
9.810000000000000000e+02	9.810000000000000000e+05	1.331832774633409997e+02
9.820000000000000000e+02	9.820000000000000000e+05	1.331938812356485471e+02
9.830000000000000000e+02	9.830000000000000000e+05	1.336271937793349593e+02
9.840000000000000000e+02	9.840000000000000000e+05	1.338176137358637732e+02
9.850000000000000000e+02	9.850000000000000000e+05	1.337697268625057347e+02
9.860000000000000000e+02	9.860000000000000000e+05	1.337572212318099503e+02
9.870000000000000000e+02	9.870000000000000000e+05	1.337458133692206275e+02
9.880000000000000000e+02	9.880000000000000000e+05	1.338114558290707237e+02
9.890000000000000000e+02	9.890000000000000000e+05	1.337158240952701362e+02
9.900000000000000000e+02	9.900000000000000000e+05	1.337739629468858595e+02
9.910000000000000000e+02	9.910000000000000000e+05	1.339431587994665733e+02
9.920000000000000000e+02	9.920000000000000000e+05	1.341816821564190718e+02
9.930000000000000000e+02	9.930000000000000000e+05	1.343523085154445482e+02
9.940000000000000000e+02	9.940000000000000000e+05	1.344915036603809426e+02
9.950000000000000000e+02	9.950000000000000000e+05	1.344425279235780977e+02
9.960000000000000000e+02	9.960000000000000000e+05	1.345441507175954143e+02
9.970000000000000000e+02	9.970000000000000000e+05	1.343378579763978564e+02
9.980000000000000000e+02	9.980000000000000000e+05	1.346004743837687272e+02
9.990000000000000000e+02	9.990000000000000000e+05	1.347185123324287019e+02
1.000000000000000000e+03	1.000000000000000000e+06	1.348114789962289706e+02
1.001000000000000000e+03	1.001000000000000000e+06	1.349660776037195546e+02
1.002000000000000000e+03	1.002000000000000000e+06	1.350222407374552347e+02
1.003000000000000000e+03	1.003000000000000000e+06	1.351471551122599806e+02
1.004000000000000000e+03	1.004000000000000000e+06	1.350769812792794937e+02
1.005000000000000000e+03	1.005000000000000000e+06	1.349720305972155927e+02
1.006000000000000000e+03	1.006000000000000000e+06	1.347441992302640301e+02
1.007000000000000000e+03	1.007000000000000000e+06	1.348877797506961258e+02
1.008000000000000000e+03	1.008000000000000000e+06	1.348699471312554863e+02
1.009000000000000000e+03	1.009000000000000000e+06	1.350767982974135180e+02
1.010000000000000000e+03	1.010000000000000000e+06	1.352242927604279146e+02
1.011000000000000000e+03	1.011000000000000000e+06	1.353998087969498556e+02
1.012000000000000000e+03	1.012000000000000000e+06	1.354652440584571877e+02
1.013000000000000000e+03	1.013000000000000000e+06	1.354792162388871191e+02
1.014000000000000000e+03	1.014000000000000000e+06	1.355356585483741867e+02
1.015000000000000000e+03	1.015000000000000000e+06	1.355211826085713653e+02
1.016000000000000000e+03	1.016000000000000000e+06	1.355557900494319483e+02
1.017000000000000000e+03	1.017000000000000000e+06	1.356068740075785968e+02
1.018000000000000000e+03	1.018000000000000000e+06	1.357547696707227658e+02
1.019000000000000000e+03	1.019000000000000000e+06	1.356859894798068069e+02
1.020000000000000000e+03	1.020000000000000000e+06	1.360037728286178265e+02
1.021000000000000000e+03	1.021000000000000000e+06	1.360536694962145248e+02
1.022000000000000000e+03	1.022000000000000000e+06	1.360840354338857026e+02
1.023000000000000000e+03	1.023000000000000000e+06	1.361059607068711443e+02
1.024000000000000000e+03	1.024000000000000000e+06	1.359635167051494307e+02
1.025000000000000000e+03	1.025000000000000000e+06	1.358059358067240794e+02
1.026000000000000000e+03	1.026000000000000000e+06	1.358667930628201930e+02
1.027000000000000000e+03	1.027000000000000000e+06	1.363283194946899926e+02
1.028000000000000000e+03	1.028000000000000000e+06	1.362045433272188859e+02
1.029000000000000000e+03	1.029000000000000000e+06	1.364521833760809386e+02
1.030000000000000000e+03	1.030000000000000000e+06	1.364767202477758588e+02
1.031000000000000000e+03	1.031000000000000000e+06	1.363402991773581903e+02
1.032000000000000000e+03	1.032000000000000000e+06	1.364134250230073349e+02
1.033000000000000000e+03	1.033000000000000000e+06	1.365158917780699426e+02
1.034000000000000000e+03	1.034000000000000000e+06	1.369435213736065009e+02
1.035000000000000000e+03	1.035000000000000000e+06	1.370817963396220307e+02
1.036000000000000000e+03	1.036000000000000000e+06	1.372493928980888995e+02
1.037000000000000000e+03	1.037000000000000000e+06	1.373739829701779342e+02
1.038000000000000000e+03	1.038000000000000000e+06	1.377988701848417463e+02
1.039000000000000000e+03	1.039000000000000000e+06	1.377374121372797617e+02
1.040000000000000000e+03	1.040000000000000000e+06	1.378948923677528455e+02
1.041000000000000000e+03	1.041000000000000000e+06	1.377787364745073830e+02
1.042000000000000000e+03	1.042000000000000000e+06	1.378186909934493656e+02
1.043000000000000000e+03	1.043000000000000000e+06	1.378017847769833111e+02
1.044000000000000000e+03	1.044000000000000000e+06	1.380352233066330143e+02
1.045000000000000000e+03	1.045000000000000000e+06	1.380117797135743558e+02
1.046000000000000000e+03	1.046000000000000000e+06	1.382040306095076119e+02
1.047000000000000000e+03	1.047000000000000000e+06	1.382653688456966847e+02
1.048000000000000000e+03	1.048000000000000000e+06	1.382830173015014168e+02
1.049000000000000000e+03	1.049000000000000000e+06	1.385152975444777894e+02
1.050000000000000000e+03	1.050000000000000000e+06	1.383915119274924166e+02
1.051000000000000000e+03	1.051000000000000000e+06	1.385972321780394338e+02
1.052000000000000000e+03	1.052000000000000000e+06	1.385412046582393657e+02
1.053000000000000000e+03	1.053000000000000000e+06	1.384974491828654095e+02
1.054000000000000000e+03	1.054000000000000000e+06	1.385944181713038859e+02
1.055000000000000000e+03	1.055000000000000000e+06	1.387871371800738132e+02
1.056000000000000000e+03	1.056000000000000000e+06	1.389594938114503009e+02
1.057000000000000000e+03	1.057000000000000000e+06	1.392724796311111675e+02
1.058000000000000000e+03	1.058000000000000000e+06	1.391965275014303245e+02
1.059000000000000000e+03	1.059000000000000000e+06	1.388163429553308390e+02
1.060000000000000000e+03	1.060000000000000000e+06	1.388345705994690036e+02
1.061000000000000000e+03	1.061000000000000000e+06	1.388978987208159310e+02
1.062000000000000000e+03	1.062000000000000000e+06	1.389737953734192217e+02
1.063000000000000000e+03	1.063000000000000000e+06	1.390677247122169149e+02
1.064000000000000000e+03	1.064000000000000000e+06	1.390220602931913731e+02
1.065000000000000000e+03	1.065000000000000000e+06	1.390380273351320284e+02
1.066000000000000000e+03	1.066000000000000000e+06	1.390453978479452815e+02
1.067000000000000000e+03	1.067000000000000000e+06	1.391888370550553304e+02
1.068000000000000000e+03	1.068000000000000000e+06	1.391085156601264430e+02
1.069000000000000000e+03	1.069000000000000000e+06	1.392153157387014346e+02
1.070000000000000000e+03	1.070000000000000000e+06	1.393433727077258482e+02
1.071000000000000000e+03	1.071000000000000000e+06	1.394895276782644089e+02
1.072000000000000000e+03	1.072000000000000000e+06	1.397187838444266959e+02
1.073000000000000000e+03	1.073000000000000000e+06	1.397373938301931560e+02
1.074000000000000000e+03	1.074000000000000000e+06	1.398448665792261636e+02
1.075000000000000000e+03	1.075000000000000000e+06	1.398204452324893907e+02
1.076000000000000000e+03	1.076000000000000000e+06	1.398414363100849584e+02
1.077000000000000000e+03	1.077000000000000000e+06	1.399626294035255114e+02
1.078000000000000000e+03	1.078000000000000000e+06	1.398039770148386367e+02
1.079000000000000000e+03	1.079000000000000000e+06	1.397288463284479008e+02
1.080000000000000000e+03	1.080000000000000000e+06	1.397729304078645214e+02
1.081000000000000000e+03	1.081000000000000000e+06	1.396790375869975946e+02
1.082000000000000000e+03	1.082000000000000000e+06	1.400098581752540383e+02
1.083000000000000000e+03	1.083000000000000000e+06	1.399036025893953479e+02
1.084000000000000000e+03	1.084000000000000000e+06	1.400832885964412640e+02
1.085000000000000000e+03	1.085000000000000000e+06	1.403779487657747040e+02
1.086000000000000000e+03	1.086000000000000000e+06	1.404183412460971567e+02
1.087000000000000000e+03	1.087000000000000000e+06	1.403923991760863998e+02
1.088000000000000000e+03	1.088000000000000000e+06	1.406067210112044279e+02
1.089000000000000000e+03	1.089000000000000000e+06	1.409929966409128781e+02
1.090000000000000000e+03	1.090000000000000000e+06	1.414324910359398473e+02
1.091000000000000000e+03	1.091000000000000000e+06	1.416360388435271034e+02
1.092000000000000000e+03	1.092000000000000000e+06	1.416364140319597880e+02
1.093000000000000000e+03	1.093000000000000000e+06	1.416880074033277879e+02
1.094000000000000000e+03	1.094000000000000000e+06	1.417509646914951702e+02
1.095000000000000000e+03	1.095000000000000000e+06	1.418699623324647234e+02
1.096000000000000000e+03	1.096000000000000000e+06	1.420083900464248643e+02
1.097000000000000000e+03	1.097000000000000000e+06	1.423815385820946062e+02
1.098000000000000000e+03	1.098000000000000000e+06	1.425577132397516493e+02
1.099000000000000000e+03	1.099000000000000000e+06	1.425143407809362657e+02
1.100000000000000000e+03	1.100000000000000000e+06	1.427477540311100199e+02
1.101000000000000000e+03	1.101000000000000000e+06	1.429401579103306119e+02
1.102000000000000000e+03	1.102000000000000000e+06	1.431035402360393221e+02
1.103000000000000000e+03	1.103000000000000000e+06	1.434525517259637866e+02
1.104000000000000000e+03	1.104000000000000000e+06	1.435022249797505651e+02
1.105000000000000000e+03	1.105000000000000000e+06	1.437598613127414922e+02
1.106000000000000000e+03	1.106000000000000000e+06	1.438740872406042399e+02
1.107000000000000000e+03	1.107000000000000000e+06	1.439623307617875128e+02
1.108000000000000000e+03	1.108000000000000000e+06	1.440478442065579543e+02
1.109000000000000000e+03	1.109000000000000000e+06	1.440961871167143613e+02
1.110000000000000000e+03	1.110000000000000000e+06	1.442444219563424213e+02
1.111000000000000000e+03	1.111000000000000000e+06	1.441354251327465192e+02
1.112000000000000000e+03	1.112000000000000000e+06	1.440925231965046294e+02
1.113000000000000000e+03	1.113000000000000000e+06	1.443191081684026358e+02
1.114000000000000000e+03	1.114000000000000000e+06	1.443667611688588579e+02
1.115000000000000000e+03	1.115000000000000000e+06	1.445454389332958556e+02
