0.000000000000000000e+00	0.000000000000000000e+00	0.000000000000000000e+00
1.000000000000000000e+00	1.000000000000000000e+03	1.703353126610219759e+00
2.000000000000000000e+00	2.000000000000000000e+03	2.791725260915146389e+00
3.000000000000000000e+00	3.000000000000000000e+03	3.698952820698031108e+00
4.000000000000000000e+00	4.000000000000000000e+03	3.986878395504577011e+00
5.000000000000000000e+00	5.000000000000000000e+03	4.638872907586904404e+00
6.000000000000000000e+00	6.000000000000000000e+03	4.965899109657375909e+00
7.000000000000000000e+00	7.000000000000000000e+03	5.531761601981073362e+00
8.000000000000000000e+00	8.000000000000000000e+03	6.022938436594542644e+00
9.000000000000000000e+00	9.000000000000000000e+03	6.641971843085515026e+00
1.000000000000000000e+01	1.000000000000000000e+04	7.386690945464605029e+00
1.100000000000000000e+01	1.100000000000000000e+04	8.038095551426877705e+00
1.200000000000000000e+01	1.200000000000000000e+04	8.591015107509793580e+00
1.300000000000000000e+01	1.300000000000000000e+04	9.350921007206528301e+00
1.400000000000000000e+01	1.400000000000000000e+04	9.741144592171046668e+00
1.500000000000000000e+01	1.500000000000000000e+04	9.096604866081182905e+00
1.600000000000000000e+01	1.600000000000000000e+04	8.989217871100326107e+00
1.700000000000000000e+01	1.700000000000000000e+04	9.174782272434264030e+00
1.800000000000000000e+01	1.800000000000000000e+04	9.073904198154346901e+00
1.900000000000000000e+01	1.900000000000000000e+04	9.192902436197778471e+00
2.000000000000000000e+01	2.000000000000000000e+04	9.313677910295382389e+00
2.100000000000000000e+01	2.100000000000000000e+04	9.223975572250774135e+00
2.200000000000000000e+01	2.200000000000000000e+04	9.969384155959268412e+00
2.300000000000000000e+01	2.300000000000000000e+04	9.981768132076100031e+00
2.400000000000000000e+01	2.400000000000000000e+04	9.994690138129080026e+00
2.500000000000000000e+01	2.500000000000000000e+04	9.303067381894198462e+00
2.600000000000000000e+01	2.600000000000000000e+04	1.023726339688193931e+01
2.700000000000000000e+01	2.700000000000000000e+04	1.049387937819831151e+01
2.800000000000000000e+01	2.800000000000000000e+04	9.965674719604777465e+00
2.900000000000000000e+01	2.900000000000000000e+04	9.817765306883320164e+00
3.000000000000000000e+01	3.000000000000000000e+04	1.075029321721595998e+01
3.100000000000000000e+01	3.100000000000000000e+04	1.002553651100504162e+01
3.200000000000000000e+01	3.200000000000000000e+04	1.082356054369332732e+01
3.300000000000000000e+01	3.300000000000000000e+04	1.142862720723915082e+01
3.400000000000000000e+01	3.400000000000000000e+04	1.174460686916505558e+01
3.500000000000000000e+01	3.500000000000000000e+04	1.166217990086484946e+01
3.600000000000000000e+01	3.600000000000000000e+04	1.212445843850210458e+01
3.700000000000000000e+01	3.700000000000000000e+04	1.225518897515039107e+01
3.800000000000000000e+01	3.800000000000000000e+04	1.216080124150492736e+01
3.900000000000000000e+01	3.900000000000000000e+04	1.265841568030387343e+01
4.000000000000000000e+01	4.000000000000000000e+04	1.250873522712789132e+01
4.100000000000000000e+01	4.100000000000000000e+04	1.295430752452276835e+01
4.200000000000000000e+01	4.200000000000000000e+04	1.328851849447310585e+01
4.300000000000000000e+01	4.300000000000000000e+04	1.325174044274777074e+01
4.400000000000000000e+01	4.400000000000000000e+04	1.291618272456947203e+01
4.500000000000000000e+01	4.500000000000000000e+04	1.295353592285737854e+01
4.600000000000000000e+01	4.600000000000000000e+04	1.233917686600903352e+01
4.700000000000000000e+01	4.700000000000000000e+04	1.282164310981265132e+01
4.800000000000000000e+01	4.800000000000000000e+04	1.336597468531953936e+01
4.900000000000000000e+01	4.900000000000000000e+04	1.308806792242169692e+01
5.000000000000000000e+01	5.000000000000000000e+04	1.330347210071661301e+01
5.100000000000000000e+01	5.100000000000000000e+04	1.341741741305161995e+01
5.200000000000000000e+01	5.200000000000000000e+04	1.354487668327221428e+01
5.300000000000000000e+01	5.300000000000000000e+04	1.314076827555404847e+01
5.400000000000000000e+01	5.400000000000000000e+04	1.319033814009879535e+01
5.500000000000000000e+01	5.500000000000000000e+04	1.328975136381423461e+01
5.600000000000000000e+01	5.600000000000000000e+04	1.311756505531302963e+01
5.700000000000000000e+01	5.700000000000000000e+04	1.305627988843351162e+01
5.800000000000000000e+01	5.800000000000000000e+04	1.273478665751427208e+01
5.900000000000000000e+01	5.900000000000000000e+04	1.376109527256070031e+01
6.000000000000000000e+01	6.000000000000000000e+04	1.403952369219013718e+01
6.100000000000000000e+01	6.100000000000000000e+04	1.407037925643272303e+01
6.200000000000000000e+01	6.200000000000000000e+04	1.392341144960251675e+01
6.300000000000000000e+01	6.300000000000000000e+04	1.448855325686252371e+01
6.400000000000000000e+01	6.400000000000000000e+04	1.445475006425069964e+01
6.500000000000000000e+01	6.500000000000000000e+04	1.448274308544474387e+01
6.600000000000000000e+01	6.600000000000000000e+04	1.578517243445114637e+01
6.700000000000000000e+01	6.700000000000000000e+04	1.637823405897016471e+01
6.800000000000000000e+01	6.800000000000000000e+04	1.652041141900372878e+01
6.900000000000000000e+01	6.900000000000000000e+04	1.633262846981123317e+01
7.000000000000000000e+01	7.000000000000000000e+04	1.638106942606417249e+01
7.100000000000000000e+01	7.100000000000000000e+04	1.755486034277398133e+01
7.200000000000000000e+01	7.200000000000000000e+04	1.757338490020512722e+01
7.300000000000000000e+01	7.300000000000000000e+04	1.762113361467704920e+01
7.400000000000000000e+01	7.400000000000000000e+04	1.796852053602293964e+01
7.500000000000000000e+01	7.500000000000000000e+04	1.826895964063281497e+01
7.600000000000000000e+01	7.600000000000000000e+04	1.864647846072816151e+01
7.700000000000000000e+01	7.700000000000000000e+04	1.889832025166894880e+01
7.800000000000000000e+01	7.800000000000000000e+04	1.879112815352388921e+01
7.900000000000000000e+01	7.900000000000000000e+04	1.851754205444682100e+01
8.000000000000000000e+01	8.000000000000000000e+04	1.884223396817197838e+01
8.100000000000000000e+01	8.100000000000000000e+04	1.878221012905025944e+01
8.200000000000000000e+01	8.200000000000000000e+04	1.868275008635342260e+01
8.300000000000000000e+01	8.300000000000000000e+04	1.890905375521177589e+01
8.400000000000000000e+01	8.400000000000000000e+04	1.860563521696618139e+01
8.500000000000000000e+01	8.500000000000000000e+04	1.902393389250284628e+01
8.600000000000000000e+01	8.600000000000000000e+04	1.986602728037592769e+01
8.700000000000000000e+01	8.700000000000000000e+04	2.043681635532999152e+01
8.800000000000000000e+01	8.800000000000000000e+04	2.017761829276181373e+01
8.900000000000000000e+01	8.900000000000000000e+04	2.000539317781673176e+01
9.000000000000000000e+01	9.000000000000000000e+04	2.026337979025951341e+01
9.100000000000000000e+01	9.100000000000000000e+04	2.089460057656664205e+01
9.200000000000000000e+01	9.200000000000000000e+04	2.087405699520693503e+01
9.300000000000000000e+01	9.300000000000000000e+04	2.100785412862333956e+01
9.400000000000000000e+01	9.400000000000000000e+04	2.072928153320381739e+01
9.500000000000000000e+01	9.500000000000000000e+04	2.119097524841787461e+01
9.600000000000000000e+01	9.600000000000000000e+04	2.100756830731449298e+01
9.700000000000000000e+01	9.700000000000000000e+04	2.107548371475267501e+01
9.800000000000000000e+01	9.800000000000000000e+04	2.085154939291620124e+01
9.900000000000000000e+01	9.900000000000000000e+04	2.078274524277697921e+01
1.000000000000000000e+02	1.000000000000000000e+05	2.092381303313663921e+01
1.010000000000000000e+02	1.010000000000000000e+05	2.067534504428857645e+01
