0.000000000000000000e+00	0.000000000000000000e+00	1.400878267758814768e-05
1.000000000000000000e+00	1.000000000000000000e+03	1.688576075083611849e+00
2.000000000000000000e+00	2.000000000000000000e+03	2.363400519004211997e+00
3.000000000000000000e+00	3.000000000000000000e+03	2.976003609046354192e+00
4.000000000000000000e+00	4.000000000000000000e+03	3.659569056329628367e+00
5.000000000000000000e+00	5.000000000000000000e+03	4.197523373740580155e+00
6.000000000000000000e+00	6.000000000000000000e+03	4.643003486225208754e+00
7.000000000000000000e+00	7.000000000000000000e+03	5.122210424362132031e+00
8.000000000000000000e+00	8.000000000000000000e+03	5.933712331392515082e+00
9.000000000000000000e+00	9.000000000000000000e+03	6.457669480854879573e+00
1.000000000000000000e+01	1.000000000000000000e+04	6.840403378735817164e+00
1.100000000000000000e+01	1.100000000000000000e+04	7.321356120724209937e+00
1.200000000000000000e+01	1.200000000000000000e+04	7.737751425821081774e+00
1.300000000000000000e+01	1.300000000000000000e+04	8.069746370057767848e+00
1.400000000000000000e+01	1.400000000000000000e+04	8.391661337115785102e+00
1.500000000000000000e+01	1.500000000000000000e+04	8.751528956133839188e+00
1.600000000000000000e+01	1.600000000000000000e+04	9.274303249484653122e+00
1.700000000000000000e+01	1.700000000000000000e+04	9.644693023149077504e+00
1.800000000000000000e+01	1.800000000000000000e+04	1.017711847355009347e+01
1.900000000000000000e+01	1.900000000000000000e+04	1.033581065414656308e+01
2.000000000000000000e+01	2.000000000000000000e+04	1.065758340142311766e+01
2.100000000000000000e+01	2.100000000000000000e+04	1.090611671176188935e+01
2.200000000000000000e+01	2.200000000000000000e+04	1.119734361273886414e+01
2.300000000000000000e+01	2.300000000000000000e+04	1.154198047766942814e+01
2.400000000000000000e+01	2.400000000000000000e+04	1.184316349470893215e+01
2.500000000000000000e+01	2.500000000000000000e+04	1.239217302647366914e+01
2.600000000000000000e+01	2.600000000000000000e+04	1.292964333751216977e+01
2.700000000000000000e+01	2.700000000000000000e+04	1.316249949605087899e+01
2.800000000000000000e+01	2.800000000000000000e+04	1.332451169306003713e+01
2.900000000000000000e+01	2.900000000000000000e+04	1.352901467792205814e+01
3.000000000000000000e+01	3.000000000000000000e+04	1.370729084893609162e+01
3.100000000000000000e+01	3.100000000000000000e+04	1.385823892930468837e+01
3.200000000000000000e+01	3.200000000000000000e+04	1.434677224725611744e+01
3.300000000000000000e+01	3.300000000000000000e+04	1.482165822233548980e+01
3.400000000000000000e+01	3.400000000000000000e+04	1.503856819187657123e+01
3.500000000000000000e+01	3.500000000000000000e+04	1.519871503956681380e+01
3.600000000000000000e+01	3.600000000000000000e+04	1.536573784893186634e+01
3.700000000000000000e+01	3.700000000000000000e+04	1.546803321055752178e+01
3.800000000000000000e+01	3.800000000000000000e+04	1.558865990761336917e+01
3.900000000000000000e+01	3.900000000000000000e+04	1.596741438637639376e+01
4.000000000000000000e+01	4.000000000000000000e+04	1.630251640009782577e+01
4.100000000000000000e+01	4.100000000000000000e+04	1.649599436102524663e+01
4.200000000000000000e+01	4.200000000000000000e+04	1.663506723768077578e+01
4.300000000000000000e+01	4.300000000000000000e+04	1.688809900867240188e+01
4.400000000000000000e+01	4.400000000000000000e+04	1.731805863071439333e+01
4.500000000000000000e+01	4.500000000000000000e+04	1.742016410370863255e+01
4.600000000000000000e+01	4.600000000000000000e+04	1.766529969695816860e+01
4.700000000000000000e+01	4.700000000000000000e+04	1.791392735836081229e+01
4.800000000000000000e+01	4.800000000000000000e+04	1.817238109165397475e+01
4.900000000000000000e+01	4.900000000000000000e+04	1.836600651538832096e+01
5.000000000000000000e+01	5.000000000000000000e+04	1.866636442782184346e+01
5.100000000000000000e+01	5.100000000000000000e+04	1.898543093816792648e+01
5.200000000000000000e+01	5.200000000000000000e+04	1.931053885334239339e+01
5.300000000000000000e+01	5.300000000000000000e+04	1.962314573179082089e+01
5.400000000000000000e+01	5.400000000000000000e+04	1.997796370731573035e+01
5.500000000000000000e+01	5.500000000000000000e+04	2.026780557993856036e+01
5.600000000000000000e+01	5.600000000000000000e+04	2.041374473647887200e+01
5.700000000000000000e+01	5.700000000000000000e+04	2.065930506812870604e+01
5.800000000000000000e+01	5.800000000000000000e+04	2.109774567280291535e+01
5.900000000000000000e+01	5.900000000000000000e+04	2.131956684071829500e+01
6.000000000000000000e+01	6.000000000000000000e+04	2.135820982944227353e+01
6.100000000000000000e+01	6.100000000000000000e+04	2.139739580042682832e+01
6.200000000000000000e+01	6.200000000000000000e+04	2.171072950209264008e+01
6.300000000000000000e+01	6.300000000000000000e+04	2.178394112458572707e+01
6.400000000000000000e+01	6.400000000000000000e+04	2.205041431188503154e+01
6.500000000000000000e+01	6.500000000000000000e+04	2.225425038395544419e+01
6.600000000000000000e+01	6.600000000000000000e+04	2.262228261653367767e+01
6.700000000000000000e+01	6.700000000000000000e+04	2.279271759123836461e+01
6.800000000000000000e+01	6.800000000000000000e+04	2.294735363042173404e+01
6.900000000000000000e+01	6.900000000000000000e+04	2.322519178439646481e+01
7.000000000000000000e+01	7.000000000000000000e+04	2.351868649073435336e+01
7.100000000000000000e+01	7.100000000000000000e+04	2.383186887808026455e+01
7.200000000000000000e+01	7.200000000000000000e+04	2.406392958415356986e+01
7.300000000000000000e+01	7.300000000000000000e+04	2.442523404493750760e+01
7.400000000000000000e+01	7.400000000000000000e+04	2.457446453702753075e+01
7.500000000000000000e+01	7.500000000000000000e+04	2.467471207912930353e+01
7.600000000000000000e+01	7.600000000000000000e+04	2.507642019892184138e+01
7.700000000000000000e+01	7.700000000000000000e+04	2.528997965255658542e+01
7.800000000000000000e+01	7.800000000000000000e+04	2.515585120250741369e+01
7.900000000000000000e+01	7.900000000000000000e+04	2.546234440156793966e+01
8.000000000000000000e+01	8.000000000000000000e+04	2.567309578723176955e+01
8.100000000000000000e+01	8.100000000000000000e+04	2.586906891731532099e+01
8.200000000000000000e+01	8.200000000000000000e+04	2.597317595399649193e+01
8.300000000000000000e+01	8.300000000000000000e+04	2.626374095200640113e+01
8.400000000000000000e+01	8.400000000000000000e+04	2.657765119628773931e+01
8.500000000000000000e+01	8.500000000000000000e+04	2.664447854175932662e+01
8.600000000000000000e+01	8.600000000000000000e+04	2.682130180470876724e+01
8.700000000000000000e+01	8.700000000000000000e+04	2.719368708406449997e+01
8.800000000000000000e+01	8.800000000000000000e+04	2.720315470790939116e+01
8.900000000000000000e+01	8.900000000000000000e+04	2.715914512099004696e+01
9.000000000000000000e+01	9.000000000000000000e+04	2.723755045910494843e+01
9.100000000000000000e+01	9.100000000000000000e+04	2.733467694703724149e+01
9.200000000000000000e+01	9.200000000000000000e+04	2.722734903832959930e+01
9.300000000000000000e+01	9.300000000000000000e+04	2.753550375587063570e+01
9.400000000000000000e+01	9.400000000000000000e+04	2.771890883059339217e+01
9.500000000000000000e+01	9.500000000000000000e+04	2.803526503482938281e+01
9.600000000000000000e+01	9.600000000000000000e+04	2.776341784517551758e+01
9.700000000000000000e+01	9.700000000000000000e+04	2.791856228172509091e+01
9.800000000000000000e+01	9.800000000000000000e+04	2.825527205626995553e+01
9.900000000000000000e+01	9.900000000000000000e+04	2.826791173789423084e+01
1.000000000000000000e+02	1.000000000000000000e+05	2.833435875063731402e+01
1.010000000000000000e+02	1.010000000000000000e+05	2.841068496152627887e+01
1.020000000000000000e+02	1.020000000000000000e+05	2.858467776813585104e+01
1.030000000000000000e+02	1.030000000000000000e+05	2.867988738992204034e+01
1.040000000000000000e+02	1.040000000000000000e+05	2.886735665074481716e+01
1.050000000000000000e+02	1.050000000000000000e+05	2.907942267764571298e+01
1.060000000000000000e+02	1.060000000000000000e+05	2.922213771433102991e+01
1.070000000000000000e+02	1.070000000000000000e+05	2.952837928657718436e+01
1.080000000000000000e+02	1.080000000000000000e+05	2.968253901419101126e+01
1.090000000000000000e+02	1.090000000000000000e+05	2.989329618024405377e+01
1.100000000000000000e+02	1.100000000000000000e+05	3.009576823006438318e+01
1.110000000000000000e+02	1.110000000000000000e+05	3.037636756497864710e+01
1.120000000000000000e+02	1.120000000000000000e+05	3.076261687618886853e+01
1.130000000000000000e+02	1.130000000000000000e+05	3.110925909646166687e+01
1.140000000000000000e+02	1.140000000000000000e+05	3.132001155655161284e+01
1.150000000000000000e+02	1.150000000000000000e+05	3.143731797577838449e+01
1.160000000000000000e+02	1.160000000000000000e+05	3.166392861308599649e+01
1.170000000000000000e+02	1.170000000000000000e+05	3.199802658676985345e+01
1.180000000000000000e+02	1.180000000000000000e+05	3.214322991036140564e+01
1.190000000000000000e+02	1.190000000000000000e+05	3.215025313872482116e+01
1.200000000000000000e+02	1.200000000000000000e+05	3.240345963156291731e+01
1.210000000000000000e+02	1.210000000000000000e+05	3.278813902612063913e+01
1.220000000000000000e+02	1.220000000000000000e+05	3.279300477169595496e+01
1.230000000000000000e+02	1.230000000000000000e+05	3.308679358775078327e+01
1.240000000000000000e+02	1.240000000000000000e+05	3.331319648212275553e+01
1.250000000000000000e+02	1.250000000000000000e+05	3.345222977260180386e+01
1.260000000000000000e+02	1.260000000000000000e+05	3.357394789337249108e+01
1.270000000000000000e+02	1.270000000000000000e+05	3.382105933952880150e+01
1.280000000000000000e+02	1.280000000000000000e+05	3.423988561939787445e+01
1.290000000000000000e+02	1.290000000000000000e+05	3.429619376728076219e+01
1.300000000000000000e+02	1.300000000000000000e+05	3.458451536936382809e+01
1.310000000000000000e+02	1.310000000000000000e+05	3.504256555682569285e+01
1.320000000000000000e+02	1.320000000000000000e+05	3.508953272217197394e+01
1.330000000000000000e+02	1.330000000000000000e+05	3.522427652883011717e+01
1.340000000000000000e+02	1.340000000000000000e+05	3.532863223482512183e+01
1.350000000000000000e+02	1.350000000000000000e+05	3.572918932023890193e+01
1.360000000000000000e+02	1.360000000000000000e+05	3.607627799723142203e+01
1.370000000000000000e+02	1.370000000000000000e+05	3.624785846401988465e+01
1.380000000000000000e+02	1.380000000000000000e+05	3.650724204856096122e+01
1.390000000000000000e+02	1.390000000000000000e+05	3.666769223873731676e+01
1.400000000000000000e+02	1.400000000000000000e+05	3.678941185863074281e+01
1.410000000000000000e+02	1.410000000000000000e+05	3.698689886329250953e+01
1.420000000000000000e+02	1.420000000000000000e+05	3.713859066662328701e+01
1.430000000000000000e+02	1.430000000000000000e+05	3.740325459521920948e+01
1.440000000000000000e+02	1.440000000000000000e+05	3.751637088477969684e+01
1.450000000000000000e+02	1.450000000000000000e+05	3.787125247875431455e+01
1.460000000000000000e+02	1.460000000000000000e+05	3.777860098619410678e+01
1.470000000000000000e+02	1.470000000000000000e+05	3.782302804304143251e+01
1.480000000000000000e+02	1.480000000000000000e+05	3.794874801767368666e+01
1.490000000000000000e+02	1.490000000000000000e+05	3.811986258042269071e+01
1.500000000000000000e+02	1.500000000000000000e+05	3.829135834034098451e+01
1.510000000000000000e+02	1.510000000000000000e+05	3.849936778187142039e+01
1.520000000000000000e+02	1.520000000000000000e+05	3.862583320649187613e+01
1.530000000000000000e+02	1.530000000000000000e+05	3.900249532558516563e+01
1.540000000000000000e+02	1.540000000000000000e+05	3.931232584844171640e+01
1.550000000000000000e+02	1.550000000000000000e+05	3.955128327397772381e+01
1.560000000000000000e+02	1.560000000000000000e+05	3.983589517529625823e+01
1.570000000000000000e+02	1.570000000000000000e+05	4.007116782023189216e+01
1.580000000000000000e+02	1.580000000000000000e+05	4.030435510689883216e+01
1.590000000000000000e+02	1.590000000000000000e+05	4.065758272571436294e+01
1.600000000000000000e+02	1.600000000000000000e+05	4.078024089661498408e+01
1.610000000000000000e+02	1.610000000000000000e+05	4.106300187187610362e+01
1.620000000000000000e+02	1.620000000000000000e+05	4.120656595248546950e+01
1.630000000000000000e+02	1.630000000000000000e+05	4.139794971733959272e+01
1.640000000000000000e+02	1.640000000000000000e+05	4.149128263509226855e+01
1.650000000000000000e+02	1.650000000000000000e+05	4.163430212794511931e+01
1.660000000000000000e+02	1.660000000000000000e+05	4.183202587700390040e+01
1.670000000000000000e+02	1.670000000000000000e+05	4.210809303992429165e+01
1.680000000000000000e+02	1.680000000000000000e+05	4.253348695830325710e+01
1.690000000000000000e+02	1.690000000000000000e+05	4.276140339659082201e+01
1.700000000000000000e+02	1.700000000000000000e+05	4.313792902338290247e+01
1.710000000000000000e+02	1.710000000000000000e+05	4.341545504603417527e+01
1.720000000000000000e+02	1.720000000000000000e+05	4.361915778327776394e+01
1.730000000000000000e+02	1.730000000000000000e+05	4.398443348179644374e+01
1.740000000000000000e+02	1.740000000000000000e+05	4.402790522845754850e+01
1.750000000000000000e+02	1.750000000000000000e+05	4.405858800649713203e+01
1.760000000000000000e+02	1.760000000000000000e+05	4.411800596332052748e+01
1.770000000000000000e+02	1.770000000000000000e+05	4.447523323828366415e+01
1.780000000000000000e+02	1.780000000000000000e+05	4.472651631526616001e+01
1.790000000000000000e+02	1.790000000000000000e+05	4.495733579281941417e+01
1.800000000000000000e+02	1.800000000000000000e+05	4.533185723647643073e+01
1.810000000000000000e+02	1.810000000000000000e+05	4.555270454071818165e+01
1.820000000000000000e+02	1.820000000000000000e+05	4.569898350092062600e+01
1.830000000000000000e+02	1.830000000000000000e+05	4.590928705842014068e+01
1.840000000000000000e+02	1.840000000000000000e+05	4.595207325182080638e+01
1.850000000000000000e+02	1.850000000000000000e+05	4.621434178983574981e+01
1.860000000000000000e+02	1.860000000000000000e+05	4.647357172136035786e+01
1.870000000000000000e+02	1.870000000000000000e+05	4.662345173216444039e+01
1.880000000000000000e+02	1.880000000000000000e+05	4.668584324377710004e+01
1.890000000000000000e+02	1.890000000000000000e+05	4.709390336396383958e+01
1.900000000000000000e+02	1.900000000000000000e+05	4.721073918722485274e+01
1.910000000000000000e+02	1.910000000000000000e+05	4.737666308311413843e+01
1.920000000000000000e+02	1.920000000000000000e+05	4.769240397675797993e+01
1.930000000000000000e+02	1.930000000000000000e+05	4.791725410701864263e+01
1.940000000000000000e+02	1.940000000000000000e+05	4.836410425189628626e+01
1.950000000000000000e+02	1.950000000000000000e+05	4.838632784738252468e+01
1.960000000000000000e+02	1.960000000000000000e+05	4.856565023729550035e+01
1.970000000000000000e+02	1.970000000000000000e+05	4.863401558698688376e+01
1.980000000000000000e+02	1.980000000000000000e+05	4.861224138914132453e+01
1.990000000000000000e+02	1.990000000000000000e+05	4.890306466224105719e+01
2.000000000000000000e+02	2.000000000000000000e+05	4.894902260452501253e+01
2.010000000000000000e+02	2.010000000000000000e+05	4.901272577027580724e+01
2.020000000000000000e+02	2.020000000000000000e+05	4.920355122634229161e+01
2.030000000000000000e+02	2.030000000000000000e+05	4.937474440606960968e+01
2.040000000000000000e+02	2.040000000000000000e+05	4.949275082317262076e+01
2.050000000000000000e+02	2.050000000000000000e+05	4.969589795951765865e+01
2.060000000000000000e+02	2.060000000000000000e+05	4.992767761514249969e+01
2.070000000000000000e+02	2.070000000000000000e+05	5.024187894509646668e+01
2.080000000000000000e+02	2.080000000000000000e+05	5.038072176490123155e+01
2.090000000000000000e+02	2.090000000000000000e+05	5.068789929340063338e+01
2.100000000000000000e+02	2.100000000000000000e+05	5.091317598868670302e+01
2.110000000000000000e+02	2.110000000000000000e+05	5.104344594338913055e+01
2.120000000000000000e+02	2.120000000000000000e+05	5.120108998090782393e+01
2.130000000000000000e+02	2.130000000000000000e+05	5.143868187924050517e+01
2.140000000000000000e+02	2.140000000000000000e+05	5.164168049818301398e+01
2.150000000000000000e+02	2.150000000000000000e+05	5.192954925049285464e+01
2.160000000000000000e+02	2.160000000000000000e+05	5.219113701140820183e+01
2.170000000000000000e+02	2.170000000000000000e+05	5.258163706404034343e+01
2.180000000000000000e+02	2.180000000000000000e+05	5.286673655873937605e+01
2.190000000000000000e+02	2.190000000000000000e+05	5.302408435227930283e+01
2.200000000000000000e+02	2.200000000000000000e+05	5.315697617199227665e+01
2.210000000000000000e+02	2.210000000000000000e+05	5.350461380169063830e+01
2.220000000000000000e+02	2.220000000000000000e+05	5.388639036937890836e+01
2.230000000000000000e+02	2.230000000000000000e+05	5.405186591074067337e+01
2.240000000000000000e+02	2.240000000000000000e+05	5.400616706363414465e+01
2.250000000000000000e+02	2.250000000000000000e+05	5.433391172025223881e+01
2.260000000000000000e+02	2.260000000000000000e+05	5.446291977224607450e+01
2.270000000000000000e+02	2.270000000000000000e+05	5.476385361529437290e+01
2.280000000000000000e+02	2.280000000000000000e+05	5.483698881773018030e+01
2.290000000000000000e+02	2.290000000000000000e+05	5.527038278696760898e+01
2.300000000000000000e+02	2.300000000000000000e+05	5.550314989879423422e+01
2.310000000000000000e+02	2.310000000000000000e+05	5.571990606464920859e+01
2.320000000000000000e+02	2.320000000000000000e+05	5.585083368916360058e+01
2.330000000000000000e+02	2.330000000000000000e+05	5.587717594057333770e+01
2.340000000000000000e+02	2.340000000000000000e+05	5.592135216094528261e+01
2.350000000000000000e+02	2.350000000000000000e+05	5.604498108171794968e+01
2.360000000000000000e+02	2.360000000000000000e+05	5.617523747637766718e+01
2.370000000000000000e+02	2.370000000000000000e+05	5.636594370197366288e+01
2.380000000000000000e+02	2.380000000000000000e+05	5.653169613689610173e+01
2.390000000000000000e+02	2.390000000000000000e+05	5.663920006053732692e+01
2.400000000000000000e+02	2.400000000000000000e+05	5.720294816286864403e+01
2.410000000000000000e+02	2.410000000000000000e+05	5.751404449773506400e+01
2.420000000000000000e+02	2.420000000000000000e+05	5.788216993497677976e+01
2.430000000000000000e+02	2.430000000000000000e+05	5.811670834200972990e+01
2.440000000000000000e+02	2.440000000000000000e+05	5.835154563645110670e+01
2.450000000000000000e+02	2.450000000000000000e+05	5.864132429563564131e+01
2.460000000000000000e+02	2.460000000000000000e+05	5.892426718943080743e+01
2.470000000000000000e+02	2.470000000000000000e+05	5.893901883785312634e+01
2.480000000000000000e+02	2.480000000000000000e+05	5.884018216350819586e+01
2.490000000000000000e+02	2.490000000000000000e+05	5.907769426462528628e+01
2.500000000000000000e+02	2.500000000000000000e+05	5.908387967045368327e+01
2.510000000000000000e+02	2.510000000000000000e+05	5.938896502446487347e+01
2.520000000000000000e+02	2.520000000000000000e+05	5.954181981115213063e+01
2.530000000000000000e+02	2.530000000000000000e+05	6.000057017043734930e+01
2.540000000000000000e+02	2.540000000000000000e+05	6.005316618974102028e+01
2.550000000000000000e+02	2.550000000000000000e+05	6.002165240951390501e+01
2.560000000000000000e+02	2.560000000000000000e+05	6.004333579038100055e+01
2.570000000000000000e+02	2.570000000000000000e+05	6.009755863353393579e+01
2.580000000000000000e+02	2.580000000000000000e+05	6.009269110559570493e+01
2.590000000000000000e+02	2.590000000000000000e+05	6.002628916594105135e+01
2.600000000000000000e+02	2.600000000000000000e+05	6.027318792812000225e+01
2.610000000000000000e+02	2.610000000000000000e+05	6.045557773584794603e+01
2.620000000000000000e+02	2.620000000000000000e+05	6.065669886980204240e+01
2.630000000000000000e+02	2.630000000000000000e+05	6.072712608245677757e+01
2.640000000000000000e+02	2.640000000000000000e+05	6.098342398268326292e+01
2.650000000000000000e+02	2.650000000000000000e+05	6.101401170695994125e+01
2.660000000000000000e+02	2.660000000000000000e+05	6.113959735433982701e+01
2.670000000000000000e+02	2.670000000000000000e+05	6.111175949644150762e+01
2.680000000000000000e+02	2.680000000000000000e+05	6.129025690529680048e+01
2.690000000000000000e+02	2.690000000000000000e+05	6.138431080277008789e+01
2.700000000000000000e+02	2.700000000000000000e+05	6.160040072606966532e+01
2.710000000000000000e+02	2.710000000000000000e+05	6.182804630165282589e+01
2.720000000000000000e+02	2.720000000000000000e+05	6.203584780528780840e+01
2.730000000000000000e+02	2.730000000000000000e+05	6.230098054089619097e+01
2.740000000000000000e+02	2.740000000000000000e+05	6.232019502439561620e+01
2.750000000000000000e+02	2.750000000000000000e+05	6.224980579181932683e+01
2.760000000000000000e+02	2.760000000000000000e+05	6.235693690940730960e+01
2.770000000000000000e+02	2.770000000000000000e+05	6.244534264157286430e+01
2.780000000000000000e+02	2.780000000000000000e+05	6.245072047576955754e+01
2.790000000000000000e+02	2.790000000000000000e+05	6.262948694347563361e+01
2.800000000000000000e+02	2.800000000000000000e+05	6.296922835394732232e+01
2.810000000000000000e+02	2.810000000000000000e+05	6.289627152734973237e+01
2.820000000000000000e+02	2.820000000000000000e+05	6.311676675211217002e+01
2.830000000000000000e+02	2.830000000000000000e+05	6.329492811710499467e+01
2.840000000000000000e+02	2.840000000000000000e+05	6.365728927233319467e+01
2.850000000000000000e+02	2.850000000000000000e+05	6.396421179706742777e+01
2.860000000000000000e+02	2.860000000000000000e+05	6.420280747194584592e+01
2.870000000000000000e+02	2.870000000000000000e+05	6.426555971684619806e+01
2.880000000000000000e+02	2.880000000000000000e+05	6.451468372656432848e+01
2.890000000000000000e+02	2.890000000000000000e+05	6.458874880966855869e+01
2.900000000000000000e+02	2.900000000000000000e+05	6.470063565263085081e+01
2.910000000000000000e+02	2.910000000000000000e+05	6.479371284242236584e+01
2.920000000000000000e+02	2.920000000000000000e+05	6.473758618273873822e+01
2.930000000000000000e+02	2.930000000000000000e+05	6.487515680815917563e+01
2.940000000000000000e+02	2.940000000000000000e+05	6.527468468560972781e+01
2.950000000000000000e+02	2.950000000000000000e+05	6.569327878810850052e+01
2.960000000000000000e+02	2.960000000000000000e+05	6.579170397963892469e+01
2.970000000000000000e+02	2.970000000000000000e+05	6.595246730695185988e+01
2.980000000000000000e+02	2.980000000000000000e+05	6.614740556947297989e+01
2.990000000000000000e+02	2.990000000000000000e+05	6.643071576086656194e+01
3.000000000000000000e+02	3.000000000000000000e+05	6.655576294733300813e+01
3.010000000000000000e+02	3.010000000000000000e+05	6.665474996650344508e+01
3.020000000000000000e+02	3.020000000000000000e+05	6.674941481813313260e+01
3.030000000000000000e+02	3.030000000000000000e+05	6.675927323295731242e+01
3.040000000000000000e+02	3.040000000000000000e+05	6.687633073189098809e+01
3.050000000000000000e+02	3.050000000000000000e+05	6.693881826933302648e+01
3.060000000000000000e+02	3.060000000000000000e+05	6.669673181032047182e+01
3.070000000000000000e+02	3.070000000000000000e+05	6.683653651690595154e+01
3.080000000000000000e+02	3.080000000000000000e+05	6.688312907994792056e+01
3.090000000000000000e+02	3.090000000000000000e+05	6.704451664392752264e+01
3.100000000000000000e+02	3.100000000000000000e+05	6.713265143061961737e+01
3.110000000000000000e+02	3.110000000000000000e+05	6.737485991612882685e+01
3.120000000000000000e+02	3.120000000000000000e+05	6.760797251578030398e+01
3.130000000000000000e+02	3.130000000000000000e+05	6.785442804175578146e+01
3.140000000000000000e+02	3.140000000000000000e+05	6.800487686785156427e+01
3.150000000000000000e+02	3.150000000000000000e+05	6.823922094172058905e+01
3.160000000000000000e+02	3.160000000000000000e+05	6.827158361175567336e+01
3.170000000000000000e+02	3.170000000000000000e+05	6.844688484409027751e+01
3.180000000000000000e+02	3.180000000000000000e+05	6.863262320769548808e+01
3.190000000000000000e+02	3.190000000000000000e+05	6.876368894301313617e+01
3.200000000000000000e+02	3.200000000000000000e+05	6.896681443756610008e+01
3.210000000000000000e+02	3.210000000000000000e+05	6.890022928738596875e+01
3.220000000000000000e+02	3.220000000000000000e+05	6.896320155553175368e+01
3.230000000000000000e+02	3.230000000000000000e+05	6.887061919145109812e+01
3.240000000000000000e+02	3.240000000000000000e+05	6.898138775873825068e+01
3.250000000000000000e+02	3.250000000000000000e+05	6.902915562883106304e+01
3.260000000000000000e+02	3.260000000000000000e+05	6.923080211420561625e+01
3.270000000000000000e+02	3.270000000000000000e+05	6.952870304428398640e+01
3.280000000000000000e+02	3.280000000000000000e+05	6.957867576676649435e+01
3.290000000000000000e+02	3.290000000000000000e+05	6.940807673028052704e+01
3.300000000000000000e+02	3.300000000000000000e+05	6.945079317376134043e+01
3.310000000000000000e+02	3.310000000000000000e+05	6.972170146390301682e+01
3.320000000000000000e+02	3.320000000000000000e+05	6.979663630239399197e+01
3.330000000000000000e+02	3.330000000000000000e+05	6.996702087867147668e+01
3.340000000000000000e+02	3.340000000000000000e+05	7.014877263908849159e+01
3.350000000000000000e+02	3.350000000000000000e+05	7.015718726265635041e+01
3.360000000000000000e+02	3.360000000000000000e+05	7.037982591816057720e+01
3.370000000000000000e+02	3.370000000000000000e+05	7.063118741434209369e+01
3.380000000000000000e+02	3.380000000000000000e+05	7.099154160335973529e+01
3.390000000000000000e+02	3.390000000000000000e+05	7.114370501249899803e+01
3.400000000000000000e+02	3.400000000000000000e+05	7.141216002596621593e+01
3.410000000000000000e+02	3.410000000000000000e+05	7.159496052250044329e+01
3.420000000000000000e+02	3.420000000000000000e+05	7.180099438351483343e+01
3.430000000000000000e+02	3.430000000000000000e+05	7.207328692373903323e+01
3.440000000000000000e+02	3.440000000000000000e+05	7.237461045999833686e+01
3.450000000000000000e+02	3.450000000000000000e+05	7.254280120416612476e+01
3.460000000000000000e+02	3.460000000000000000e+05	7.267117167491855412e+01
3.470000000000000000e+02	3.470000000000000000e+05	7.302063056610042224e+01
3.480000000000000000e+02	3.480000000000000000e+05	7.331583058705530220e+01
3.490000000000000000e+02	3.490000000000000000e+05	7.353609461241910594e+01
3.500000000000000000e+02	3.500000000000000000e+05	7.367275114127518520e+01
3.510000000000000000e+02	3.510000000000000000e+05	7.388389240588325890e+01
3.520000000000000000e+02	3.520000000000000000e+05	7.404178590292067952e+01
3.530000000000000000e+02	3.530000000000000000e+05	7.421550425697907372e+01
3.540000000000000000e+02	3.540000000000000000e+05	7.434615388495355148e+01
3.550000000000000000e+02	3.550000000000000000e+05	7.445963389727010906e+01
3.560000000000000000e+02	3.560000000000000000e+05	7.468981829535097461e+01
3.570000000000000000e+02	3.570000000000000000e+05	7.496638398972591233e+01
3.580000000000000000e+02	3.580000000000000000e+05	7.507458839674363560e+01
3.590000000000000000e+02	3.590000000000000000e+05	7.512367070305737116e+01
3.600000000000000000e+02	3.600000000000000000e+05	7.509741933535067915e+01
3.610000000000000000e+02	3.610000000000000000e+05	7.517416565204996459e+01
3.620000000000000000e+02	3.620000000000000000e+05	7.537032145581595444e+01
3.630000000000000000e+02	3.630000000000000000e+05	7.544838841705289667e+01
3.640000000000000000e+02	3.640000000000000000e+05	7.561131659495821111e+01
3.650000000000000000e+02	3.650000000000000000e+05	7.590045903580399056e+01
3.660000000000000000e+02	3.660000000000000000e+05	7.606469673252939856e+01
3.670000000000000000e+02	3.670000000000000000e+05	7.610966024050330248e+01
3.680000000000000000e+02	3.680000000000000000e+05	7.617448699310229188e+01
3.690000000000000000e+02	3.690000000000000000e+05	7.618099426605994040e+01
3.700000000000000000e+02	3.700000000000000000e+05	7.618044176355985542e+01
3.710000000000000000e+02	3.710000000000000000e+05	7.632289291289006883e+01
3.720000000000000000e+02	3.720000000000000000e+05	7.639804653527930611e+01
3.730000000000000000e+02	3.730000000000000000e+05	7.643612835534032968e+01
3.740000000000000000e+02	3.740000000000000000e+05	7.629536069873471149e+01
3.750000000000000000e+02	3.750000000000000000e+05	7.638188232839704028e+01
3.760000000000000000e+02	3.760000000000000000e+05	7.653420499934793497e+01
3.770000000000000000e+02	3.770000000000000000e+05	7.672871151283253255e+01
3.780000000000000000e+02	3.780000000000000000e+05	7.676238043954846546e+01
3.790000000000000000e+02	3.790000000000000000e+05	7.686366763665130009e+01
3.800000000000000000e+02	3.800000000000000000e+05	7.703101305179028202e+01
3.810000000000000000e+02	3.810000000000000000e+05	7.725890712859253995e+01
3.820000000000000000e+02	3.820000000000000000e+05	7.728698344581157187e+01
3.830000000000000000e+02	3.830000000000000000e+05	7.712923609334066555e+01
3.840000000000000000e+02	3.840000000000000000e+05	7.731286835165900584e+01
3.850000000000000000e+02	3.850000000000000000e+05	7.729224852248047739e+01
3.860000000000000000e+02	3.860000000000000000e+05	7.731473469622604000e+01
3.870000000000000000e+02	3.870000000000000000e+05	7.736472659339949587e+01
3.880000000000000000e+02	3.880000000000000000e+05	7.758862840613437584e+01
3.890000000000000000e+02	3.890000000000000000e+05	7.773154620186977581e+01
3.900000000000000000e+02	3.900000000000000000e+05	7.793635448633753526e+01
3.910000000000000000e+02	3.910000000000000000e+05	7.820231947800640171e+01
3.920000000000000000e+02	3.920000000000000000e+05	7.840070996166025452e+01
3.930000000000000000e+02	3.930000000000000000e+05	7.865764814484455769e+01
3.940000000000000000e+02	3.940000000000000000e+05	7.883589443645418271e+01
3.950000000000000000e+02	3.950000000000000000e+05	7.914868937888221012e+01
3.960000000000000000e+02	3.960000000000000000e+05	7.914940059978552256e+01
3.970000000000000000e+02	3.970000000000000000e+05	7.923841565890994332e+01
3.980000000000000000e+02	3.980000000000000000e+05	7.922627702818080309e+01
3.990000000000000000e+02	3.990000000000000000e+05	7.946820819901758171e+01
4.000000000000000000e+02	4.000000000000000000e+05	7.940989492027182450e+01
4.010000000000000000e+02	4.010000000000000000e+05	7.947663662046431909e+01
4.020000000000000000e+02	4.020000000000000000e+05	7.971476140007290212e+01
4.030000000000000000e+02	4.030000000000000000e+05	7.959353541076121985e+01
4.040000000000000000e+02	4.040000000000000000e+05	7.981916618200916957e+01
4.050000000000000000e+02	4.050000000000000000e+05	8.005978565238967803e+01
4.060000000000000000e+02	4.060000000000000000e+05	8.027664393828865741e+01
4.070000000000000000e+02	4.070000000000000000e+05	8.049746518681472196e+01
4.080000000000000000e+02	4.080000000000000000e+05	8.055641239104744500e+01
4.090000000000000000e+02	4.090000000000000000e+05	8.061904470729363936e+01
4.100000000000000000e+02	4.100000000000000000e+05	8.071104388010208197e+01
4.110000000000000000e+02	4.110000000000000000e+05	8.089548770120067900e+01
4.120000000000000000e+02	4.120000000000000000e+05	8.111125436887455464e+01
4.130000000000000000e+02	4.130000000000000000e+05	8.130961132155940163e+01
4.140000000000000000e+02	4.140000000000000000e+05	8.147397059245601270e+01
4.150000000000000000e+02	4.150000000000000000e+05	8.141439430099336505e+01
4.160000000000000000e+02	4.160000000000000000e+05	8.155712199124182860e+01
4.170000000000000000e+02	4.170000000000000000e+05	8.188883664590741773e+01
4.180000000000000000e+02	4.180000000000000000e+05	8.204896737137421781e+01
4.190000000000000000e+02	4.190000000000000000e+05	8.191202179552006157e+01
4.200000000000000000e+02	4.200000000000000000e+05	8.198190266789268321e+01
4.210000000000000000e+02	4.210000000000000000e+05	8.210273241031921998e+01
4.220000000000000000e+02	4.220000000000000000e+05	8.233129483784531999e+01
4.230000000000000000e+02	4.230000000000000000e+05	8.250066280824296427e+01
4.240000000000000000e+02	4.240000000000000000e+05	8.259673901036740062e+01
4.250000000000000000e+02	4.250000000000000000e+05	8.279606582909491408e+01
4.260000000000000000e+02	4.260000000000000000e+05	8.302455312550814881e+01
4.270000000000000000e+02	4.270000000000000000e+05	8.303896992568051871e+01
4.280000000000000000e+02	4.280000000000000000e+05	8.308803396110751294e+01
4.290000000000000000e+02	4.290000000000000000e+05	8.333367083419389587e+01
4.300000000000000000e+02	4.300000000000000000e+05	8.371267717891173277e+01
4.310000000000000000e+02	4.310000000000000000e+05	8.386121141916611066e+01
4.320000000000000000e+02	4.320000000000000000e+05	8.385511271777869524e+01
4.330000000000000000e+02	4.330000000000000000e+05	8.401970241538546702e+01
4.340000000000000000e+02	4.340000000000000000e+05	8.418254501477125018e+01
4.350000000000000000e+02	4.350000000000000000e+05	8.405553330847702398e+01
4.360000000000000000e+02	4.360000000000000000e+05	8.412453037381703780e+01
4.370000000000000000e+02	4.370000000000000000e+05	8.422859604568168379e+01
4.380000000000000000e+02	4.380000000000000000e+05	8.434658345683992309e+01
4.390000000000000000e+02	4.390000000000000000e+05	8.451368508408505420e+01
4.400000000000000000e+02	4.400000000000000000e+05	8.453755271296628848e+01
4.410000000000000000e+02	4.410000000000000000e+05	8.476168496484277171e+01
4.420000000000000000e+02	4.420000000000000000e+05	8.489561142128938798e+01
4.430000000000000000e+02	4.430000000000000000e+05	8.494843119935150355e+01
4.440000000000000000e+02	4.440000000000000000e+05	8.511510236009712571e+01
4.450000000000000000e+02	4.450000000000000000e+05	8.534893595643919184e+01
4.460000000000000000e+02	4.460000000000000000e+05	8.556511923347524373e+01
4.470000000000000000e+02	4.470000000000000000e+05	8.604387622574034822e+01
4.480000000000000000e+02	4.480000000000000000e+05	8.622263361138497828e+01
4.490000000000000000e+02	4.490000000000000000e+05	8.644042276694536042e+01
4.500000000000000000e+02	4.500000000000000000e+05	8.648077991522627883e+01
4.510000000000000000e+02	4.510000000000000000e+05	8.651644373087630413e+01
4.520000000000000000e+02	4.520000000000000000e+05	8.653589882075094408e+01
4.530000000000000000e+02	4.530000000000000000e+05	8.664189895960412002e+01
4.540000000000000000e+02	4.540000000000000000e+05	8.658866340820473795e+01
4.550000000000000000e+02	4.550000000000000000e+05	8.674571396812793012e+01
4.560000000000000000e+02	4.560000000000000000e+05	8.689234961307394656e+01
4.570000000000000000e+02	4.570000000000000000e+05	8.719147632896968503e+01
4.580000000000000000e+02	4.580000000000000000e+05	8.727831513468593982e+01
4.590000000000000000e+02	4.590000000000000000e+05	8.727373523163517177e+01
4.600000000000000000e+02	4.600000000000000000e+05	8.754042700016995582e+01
4.610000000000000000e+02	4.610000000000000000e+05	8.769409646586566964e+01
4.620000000000000000e+02	4.620000000000000000e+05	8.785440918626662210e+01
4.630000000000000000e+02	4.630000000000000000e+05	8.816544022339449782e+01
4.640000000000000000e+02	4.640000000000000000e+05	8.831503496664819863e+01
4.650000000000000000e+02	4.650000000000000000e+05	8.842734466771977964e+01
4.660000000000000000e+02	4.660000000000000000e+05	8.854278757142243705e+01
4.670000000000000000e+02	4.670000000000000000e+05	8.854760822598260006e+01
4.680000000000000000e+02	4.680000000000000000e+05	8.876972443148457614e+01
4.690000000000000000e+02	4.690000000000000000e+05	8.900804348745775485e+01
4.700000000000000000e+02	4.700000000000000000e+05	8.908185429039490089e+01
4.710000000000000000e+02	4.710000000000000000e+05	8.928002679393924268e+01
4.720000000000000000e+02	4.720000000000000000e+05	8.940601514399574512e+01
4.730000000000000000e+02	4.730000000000000000e+05	8.941870624611799201e+01
4.740000000000000000e+02	4.740000000000000000e+05	8.939982580155314906e+01
4.750000000000000000e+02	4.750000000000000000e+05	8.945992470007867325e+01
4.760000000000000000e+02	4.760000000000000000e+05	8.951317796488039846e+01
4.770000000000000000e+02	4.770000000000000000e+05	8.989773642518410668e+01
4.780000000000000000e+02	4.780000000000000000e+05	8.991129736427976127e+01
4.790000000000000000e+02	4.790000000000000000e+05	8.993987223429184041e+01
4.800000000000000000e+02	4.800000000000000000e+05	8.993782651294634434e+01
4.810000000000000000e+02	4.810000000000000000e+05	9.003731966200413694e+01
4.820000000000000000e+02	4.820000000000000000e+05	9.025442700721782785e+01
4.830000000000000000e+02	4.830000000000000000e+05	9.031975955519028787e+01
4.840000000000000000e+02	4.840000000000000000e+05	9.044661512145448512e+01
4.850000000000000000e+02	4.850000000000000000e+05	9.040619394114277441e+01
4.860000000000000000e+02	4.860000000000000000e+05	9.058486817688458359e+01
4.870000000000000000e+02	4.870000000000000000e+05	9.066479632154330659e+01
4.880000000000000000e+02	4.880000000000000000e+05	9.105130282875302328e+01
4.890000000000000000e+02	4.890000000000000000e+05	9.118832500486298898e+01
4.900000000000000000e+02	4.900000000000000000e+05	9.130797521235419367e+01
4.910000000000000000e+02	4.910000000000000000e+05	9.160343904089450007e+01
4.920000000000000000e+02	4.920000000000000000e+05	9.172606348485649619e+01
4.930000000000000000e+02	4.930000000000000000e+05	9.200592752619451176e+01
4.940000000000000000e+02	4.940000000000000000e+05	9.218008149206688984e+01
4.950000000000000000e+02	4.950000000000000000e+05	9.236307780981800875e+01
4.960000000000000000e+02	4.960000000000000000e+05	9.248429255022359996e+01
4.970000000000000000e+02	4.970000000000000000e+05	9.266608824832569269e+01
4.980000000000000000e+02	4.980000000000000000e+05	9.290212458039188448e+01
4.990000000000000000e+02	4.990000000000000000e+05	9.301367553304339708e+01
5.000000000000000000e+02	5.000000000000000000e+05	9.319887598497764714e+01
5.010000000000000000e+02	5.010000000000000000e+05	9.345202126764441175e+01
5.020000000000000000e+02	5.020000000000000000e+05	9.364176387368411270e+01
5.030000000000000000e+02	5.030000000000000000e+05	9.397417408184682586e+01
5.040000000000000000e+02	5.040000000000000000e+05	9.391485479464769526e+01
5.050000000000000000e+02	5.050000000000000000e+05	9.386083177282264955e+01
5.060000000000000000e+02	5.060000000000000000e+05	9.397929052489726587e+01
5.070000000000000000e+02	5.070000000000000000e+05	9.412165395876149887e+01
5.080000000000000000e+02	5.080000000000000000e+05	9.432340334455913933e+01
5.090000000000000000e+02	5.090000000000000000e+05	9.443588542109984019e+01
5.100000000000000000e+02	5.100000000000000000e+05	9.465045383045128347e+01
5.110000000000000000e+02	5.110000000000000000e+05	9.480385390290159364e+01
5.120000000000000000e+02	5.120000000000000000e+05	9.487700417221928717e+01
5.130000000000000000e+02	5.130000000000000000e+05	9.500250539344645517e+01
5.140000000000000000e+02	5.140000000000000000e+05	9.514603532000171526e+01
5.150000000000000000e+02	5.150000000000000000e+05	9.524881903494588187e+01
5.160000000000000000e+02	5.160000000000000000e+05	9.522965005715062148e+01
5.170000000000000000e+02	5.170000000000000000e+05	9.534938047710608089e+01
5.180000000000000000e+02	5.180000000000000000e+05	9.572947430500167343e+01
5.190000000000000000e+02	5.190000000000000000e+05	9.571127437332405918e+01
5.200000000000000000e+02	5.200000000000000000e+05	9.584748809258785229e+01
5.210000000000000000e+02	5.210000000000000000e+05	9.581593991210044692e+01
5.220000000000000000e+02	5.220000000000000000e+05	9.601045836457709015e+01
5.230000000000000000e+02	5.230000000000000000e+05	9.605715643287105365e+01
5.240000000000000000e+02	5.240000000000000000e+05	9.625065866947721815e+01
5.250000000000000000e+02	5.250000000000000000e+05	9.628210710386530025e+01
5.260000000000000000e+02	5.260000000000000000e+05	9.643460233587799735e+01
5.270000000000000000e+02	5.270000000000000000e+05	9.631653564695822922e+01
5.280000000000000000e+02	5.280000000000000000e+05	9.638378764314033731e+01
5.290000000000000000e+02	5.290000000000000000e+05	9.672769717706064796e+01
5.300000000000000000e+02	5.300000000000000000e+05	9.680612861837934702e+01
5.310000000000000000e+02	5.310000000000000000e+05	9.699503920698346349e+01
5.320000000000000000e+02	5.320000000000000000e+05	9.709575769325942929e+01
5.330000000000000000e+02	5.330000000000000000e+05	9.732662415971057612e+01
5.340000000000000000e+02	5.340000000000000000e+05	9.740403916422697250e+01
5.350000000000000000e+02	5.350000000000000000e+05	9.750528939729184685e+01
5.360000000000000000e+02	5.360000000000000000e+05	9.770775276615458438e+01
5.370000000000000000e+02	5.370000000000000000e+05	9.768732274812336414e+01
5.380000000000000000e+02	5.380000000000000000e+05	9.758868239857332583e+01
5.390000000000000000e+02	5.390000000000000000e+05	9.780012245899970935e+01
5.400000000000000000e+02	5.400000000000000000e+05	9.784748005049098651e+01
5.410000000000000000e+02	5.410000000000000000e+05	9.796832312419989819e+01
5.420000000000000000e+02	5.420000000000000000e+05	9.779556670318361000e+01
5.430000000000000000e+02	5.430000000000000000e+05	9.785523727596127230e+01
5.440000000000000000e+02	5.440000000000000000e+05	9.798531994692208968e+01
5.450000000000000000e+02	5.450000000000000000e+05	9.807159089148257181e+01
5.460000000000000000e+02	5.460000000000000000e+05	9.809004751023987012e+01
5.470000000000000000e+02	5.470000000000000000e+05	9.818801322850461588e+01
5.480000000000000000e+02	5.480000000000000000e+05	9.860510431562410361e+01
5.490000000000000000e+02	5.490000000000000000e+05	9.884970035307181035e+01
5.500000000000000000e+02	5.500000000000000000e+05	9.897900710940055546e+01
5.510000000000000000e+02	5.510000000000000000e+05	9.931625067773694582e+01
5.520000000000000000e+02	5.520000000000000000e+05	9.945279585967060143e+01
5.530000000000000000e+02	5.530000000000000000e+05	9.967548470161131036e+01
5.540000000000000000e+02	5.540000000000000000e+05	9.951686772418149474e+01
5.550000000000000000e+02	5.550000000000000000e+05	9.968713732586412846e+01
5.560000000000000000e+02	5.560000000000000000e+05	9.975242220373769442e+01
5.570000000000000000e+02	5.570000000000000000e+05	1.000450643890248159e+02
5.580000000000000000e+02	5.580000000000000000e+05	1.002029209775650429e+02
5.590000000000000000e+02	5.590000000000000000e+05	1.004032384469084889e+02
5.600000000000000000e+02	5.600000000000000000e+05	1.006877771334872875e+02
5.610000000000000000e+02	5.610000000000000000e+05	1.008211490240831552e+02
5.620000000000000000e+02	5.620000000000000000e+05	1.009443598278801204e+02
5.630000000000000000e+02	5.630000000000000000e+05	1.012037470737073619e+02
5.640000000000000000e+02	5.640000000000000000e+05	1.013854110210205590e+02
5.650000000000000000e+02	5.650000000000000000e+05	1.015251531044716415e+02
5.660000000000000000e+02	5.660000000000000000e+05	1.018079428458125051e+02
5.670000000000000000e+02	5.670000000000000000e+05	1.017517989801451677e+02
5.680000000000000000e+02	5.680000000000000000e+05	1.021764225073242898e+02
5.690000000000000000e+02	5.690000000000000000e+05	1.022442151881479759e+02
5.700000000000000000e+02	5.700000000000000000e+05	1.025650162209272480e+02
5.710000000000000000e+02	5.710000000000000000e+05	1.028147649463487170e+02
5.720000000000000000e+02	5.720000000000000000e+05	1.027378082443338485e+02
5.730000000000000000e+02	5.730000000000000000e+05	1.027737210596750685e+02
5.740000000000000000e+02	5.740000000000000000e+05	1.028281774744209685e+02
5.750000000000000000e+02	5.750000000000000000e+05	1.029659236190542089e+02
5.760000000000000000e+02	5.760000000000000000e+05	1.029185292171498247e+02
5.770000000000000000e+02	5.770000000000000000e+05	1.030215801978004464e+02
5.780000000000000000e+02	5.780000000000000000e+05	1.032427813794262477e+02
5.790000000000000000e+02	5.790000000000000000e+05	1.033465674124671523e+02
5.800000000000000000e+02	5.800000000000000000e+05	1.034865043419671480e+02
5.810000000000000000e+02	5.810000000000000000e+05	1.037474136944352097e+02
5.820000000000000000e+02	5.820000000000000000e+05	1.037630563069563010e+02
5.830000000000000000e+02	5.830000000000000000e+05	1.039659068270324411e+02
5.840000000000000000e+02	5.840000000000000000e+05	1.041003957875963408e+02
5.850000000000000000e+02	5.850000000000000000e+05	1.043787499834525221e+02
5.860000000000000000e+02	5.860000000000000000e+05	1.045063206806457856e+02
5.870000000000000000e+02	5.870000000000000000e+05	1.049481995669696062e+02
5.880000000000000000e+02	5.880000000000000000e+05	1.047711860488172277e+02
5.890000000000000000e+02	5.890000000000000000e+05	1.049617407598612573e+02
5.900000000000000000e+02	5.900000000000000000e+05	1.050732264030366991e+02
5.910000000000000000e+02	5.910000000000000000e+05	1.049240300607983727e+02
5.920000000000000000e+02	5.920000000000000000e+05	1.051233006240652941e+02
5.930000000000000000e+02	5.930000000000000000e+05	1.053803195584651320e+02
5.940000000000000000e+02	5.940000000000000000e+05	1.053082961386616461e+02
5.950000000000000000e+02	5.950000000000000000e+05	1.054839952739914537e+02
5.960000000000000000e+02	5.960000000000000000e+05	1.057220031582410513e+02
5.970000000000000000e+02	5.970000000000000000e+05	1.060663269055832529e+02
5.980000000000000000e+02	5.980000000000000000e+05	1.061300988622278396e+02
5.990000000000000000e+02	5.990000000000000000e+05	1.063119121298069558e+02
6.000000000000000000e+02	6.000000000000000000e+05	1.064231040567630941e+02
6.010000000000000000e+02	6.010000000000000000e+05	1.066337348834820205e+02
6.020000000000000000e+02	6.020000000000000000e+05	1.068427879178605480e+02
6.030000000000000000e+02	6.030000000000000000e+05	1.069688143779957130e+02
6.040000000000000000e+02	6.040000000000000000e+05	1.073382614416998280e+02
6.050000000000000000e+02	6.050000000000000000e+05	1.075937058004450506e+02
6.060000000000000000e+02	6.060000000000000000e+05	1.076992895958496916e+02
6.070000000000000000e+02	6.070000000000000000e+05	1.078072895089086529e+02
6.080000000000000000e+02	6.080000000000000000e+05	1.080257601224855932e+02
6.090000000000000000e+02	6.090000000000000000e+05	1.082082548426357818e+02
6.100000000000000000e+02	6.100000000000000000e+05	1.084438295906096670e+02
6.110000000000000000e+02	6.110000000000000000e+05	1.085657451947723757e+02
6.120000000000000000e+02	6.120000000000000000e+05	1.087389911406442451e+02
6.130000000000000000e+02	6.130000000000000000e+05	1.086891195015383715e+02
6.140000000000000000e+02	6.140000000000000000e+05	1.087869181481947436e+02
6.150000000000000000e+02	6.150000000000000000e+05	1.088533694153436073e+02
6.160000000000000000e+02	6.160000000000000000e+05	1.089308188353460167e+02
6.170000000000000000e+02	6.170000000000000000e+05	1.089034491682792805e+02
6.180000000000000000e+02	6.180000000000000000e+05	1.089432289223246073e+02
6.190000000000000000e+02	6.190000000000000000e+05	1.088313503172205117e+02
6.200000000000000000e+02	6.200000000000000000e+05	1.090462278115492580e+02
6.210000000000000000e+02	6.210000000000000000e+05	1.091814218434432462e+02
6.220000000000000000e+02	6.220000000000000000e+05	1.094144967679165745e+02
6.230000000000000000e+02	6.230000000000000000e+05	1.094520894957007613e+02
6.240000000000000000e+02	6.240000000000000000e+05	1.095140912271291853e+02
6.250000000000000000e+02	6.250000000000000000e+05	1.095333861919182823e+02
6.260000000000000000e+02	6.260000000000000000e+05	1.096892028565629857e+02
6.270000000000000000e+02	6.270000000000000000e+05	1.097797697814978335e+02
6.280000000000000000e+02	6.280000000000000000e+05	1.098560054310713809e+02
6.290000000000000000e+02	6.290000000000000000e+05	1.099371795886078473e+02
6.300000000000000000e+02	6.300000000000000000e+05	1.100223948484822500e+02
6.310000000000000000e+02	6.310000000000000000e+05	1.102124861974259318e+02
6.320000000000000000e+02	6.320000000000000000e+05	1.102226088828183208e+02
6.330000000000000000e+02	6.330000000000000000e+05	1.104854816338287407e+02
6.340000000000000000e+02	6.340000000000000000e+05	1.107624970313909358e+02
6.350000000000000000e+02	6.350000000000000000e+05	1.108965768878532430e+02
6.360000000000000000e+02	6.360000000000000000e+05	1.111966215528188684e+02
6.370000000000000000e+02	6.370000000000000000e+05	1.112043461223762506e+02
6.380000000000000000e+02	6.380000000000000000e+05	1.114346126599160840e+02
6.390000000000000000e+02	6.390000000000000000e+05	1.114375933824278491e+02
6.400000000000000000e+02	6.400000000000000000e+05	1.116319022262983225e+02
