0.000000000000000000e+00	0.000000000000000000e+00	0.000000000000000000e+00
1.000000000000000000e+00	1.000000000000000000e+03	2.899867093535985596e+00
2.000000000000000000e+00	2.000000000000000000e+03	3.222758857515509945e+00
3.000000000000000000e+00	3.000000000000000000e+03	3.861837191284365201e+00
4.000000000000000000e+00	4.000000000000000000e+03	5.084360121783654485e+00
5.000000000000000000e+00	5.000000000000000000e+03	5.469237162822558673e+00
6.000000000000000000e+00	6.000000000000000000e+03	5.910890527831426766e+00
7.000000000000000000e+00	7.000000000000000000e+03	6.207642089020559695e+00
8.000000000000000000e+00	8.000000000000000000e+03	6.706701229174408141e+00
9.000000000000000000e+00	9.000000000000000000e+03	7.095776901504389222e+00
1.000000000000000000e+01	1.000000000000000000e+04	7.234111955062384247e+00
1.100000000000000000e+01	1.100000000000000000e+04	6.613702324327828563e+00
1.200000000000000000e+01	1.200000000000000000e+04	6.869112386378715129e+00
1.300000000000000000e+01	1.300000000000000000e+04	6.504034229211916873e+00
1.400000000000000000e+01	1.400000000000000000e+04	7.282845044410296786e+00
1.500000000000000000e+01	1.500000000000000000e+04	7.954288267328936790e+00
1.600000000000000000e+01	1.600000000000000000e+04	8.162669601474364711e+00
1.700000000000000000e+01	1.700000000000000000e+04	8.230802471069225135e+00
1.800000000000000000e+01	1.800000000000000000e+04	7.672991988495768467e+00
1.900000000000000000e+01	1.900000000000000000e+04	8.123439739261312909e+00
2.000000000000000000e+01	2.000000000000000000e+04	8.410685175514352352e+00
2.100000000000000000e+01	2.100000000000000000e+04	9.277720234183400194e+00
2.200000000000000000e+01	2.200000000000000000e+04	9.692292157080677484e+00
2.300000000000000000e+01	2.300000000000000000e+04	8.931172594292643652e+00
2.400000000000000000e+01	2.400000000000000000e+04	8.890009124588623024e+00
2.500000000000000000e+01	2.500000000000000000e+04	9.762404476427327893e+00
2.600000000000000000e+01	2.600000000000000000e+04	1.011845449799864305e+01
2.700000000000000000e+01	2.700000000000000000e+04	1.034963440467082663e+01
2.800000000000000000e+01	2.800000000000000000e+04	1.024702926263306857e+01
2.900000000000000000e+01	2.900000000000000000e+04	9.698572893572199760e+00
3.000000000000000000e+01	3.000000000000000000e+04	9.864591087620011578e+00
3.100000000000000000e+01	3.100000000000000000e+04	9.494964119858542162e+00
3.200000000000000000e+01	3.200000000000000000e+04	9.961235219214270131e+00
3.300000000000000000e+01	3.300000000000000000e+04	9.593971929386912123e+00
3.400000000000000000e+01	3.400000000000000000e+04	9.274563556050548385e+00
3.500000000000000000e+01	3.500000000000000000e+04	9.412282692678928697e+00
3.600000000000000000e+01	3.600000000000000000e+04	9.093952732636795488e+00
3.700000000000000000e+01	3.700000000000000000e+04	8.892402862040887257e+00
3.800000000000000000e+01	3.800000000000000000e+04	8.861528239637522120e+00
3.900000000000000000e+01	3.900000000000000000e+04	9.235465056782594218e+00
4.000000000000000000e+01	4.000000000000000000e+04	8.955115940028314014e+00
4.100000000000000000e+01	4.100000000000000000e+04	8.729592988553138255e+00
4.200000000000000000e+01	4.200000000000000000e+04	9.132345391195501705e+00
4.300000000000000000e+01	4.300000000000000000e+04	8.996240774241641702e+00
4.400000000000000000e+01	4.400000000000000000e+04	9.290738208519242036e+00
4.500000000000000000e+01	4.500000000000000000e+04	9.632538356536871405e+00
4.600000000000000000e+01	4.600000000000000000e+04	9.159142504717635802e+00
4.700000000000000000e+01	4.700000000000000000e+04	9.437118621652482275e+00
4.800000000000000000e+01	4.800000000000000000e+04	9.599428190431636310e+00
4.900000000000000000e+01	4.900000000000000000e+04	9.640973970608543553e+00
5.000000000000000000e+01	5.000000000000000000e+04	9.365896179760465401e+00
5.100000000000000000e+01	5.100000000000000000e+04	9.401912153294048835e+00
5.200000000000000000e+01	5.200000000000000000e+04	9.142802886465092982e+00
5.300000000000000000e+01	5.300000000000000000e+04	8.876814902630963289e+00
5.400000000000000000e+01	5.400000000000000000e+04	9.012473297151641916e+00
5.500000000000000000e+01	5.500000000000000000e+04	9.389038552770710311e+00
5.600000000000000000e+01	5.600000000000000000e+04	8.866884804035667145e+00
5.700000000000000000e+01	5.700000000000000000e+04	9.162853647810752733e+00
5.800000000000000000e+01	5.800000000000000000e+04	9.044589870707270052e+00
5.900000000000000000e+01	5.900000000000000000e+04	9.505843570795134312e+00
6.000000000000000000e+01	6.000000000000000000e+04	9.093612783594979376e+00
6.100000000000000000e+01	6.100000000000000000e+04	9.421186131996622137e+00
6.200000000000000000e+01	6.200000000000000000e+04	9.005034269328415775e+00
6.300000000000000000e+01	6.300000000000000000e+04	8.681175709688744746e+00
6.400000000000000000e+01	6.400000000000000000e+04	8.547726981621920572e+00
6.500000000000000000e+01	6.500000000000000000e+04	8.400576302806447515e+00
6.600000000000000000e+01	6.600000000000000000e+04	8.208004517206950013e+00
6.700000000000000000e+01	6.700000000000000000e+04	8.439851824004254155e+00
6.800000000000000000e+01	6.800000000000000000e+04	8.393844041591609795e+00
6.900000000000000000e+01	6.900000000000000000e+04	7.973535505845384286e+00
7.000000000000000000e+01	7.000000000000000000e+04	8.092102424810645900e+00
7.100000000000000000e+01	7.100000000000000000e+04	8.262097885165895050e+00
7.200000000000000000e+01	7.200000000000000000e+04	8.147112723452426764e+00
7.300000000000000000e+01	7.300000000000000000e+04	7.575159932230095983e+00
7.400000000000000000e+01	7.400000000000000000e+04	6.824011236845993977e+00
7.500000000000000000e+01	7.500000000000000000e+04	6.862829046150458190e+00
7.600000000000000000e+01	7.600000000000000000e+04	6.936004414299787868e+00
7.700000000000000000e+01	7.700000000000000000e+04	6.917906721186669827e+00
7.800000000000000000e+01	7.800000000000000000e+04	7.737368848341922956e+00
7.900000000000000000e+01	7.900000000000000000e+04	8.653313065201871268e+00
8.000000000000000000e+01	8.000000000000000000e+04	8.197732416132099686e+00
8.100000000000000000e+01	8.100000000000000000e+04	8.460056625718358703e+00
8.200000000000000000e+01	8.200000000000000000e+04	9.358463012015004523e+00
8.300000000000000000e+01	8.300000000000000000e+04	9.496921619379421031e+00
8.400000000000000000e+01	8.400000000000000000e+04	9.370503399858868931e+00
8.500000000000000000e+01	8.500000000000000000e+04	9.771804181352734986e+00
8.600000000000000000e+01	8.600000000000000000e+04	1.019244886556844953e+01
8.700000000000000000e+01	8.700000000000000000e+04	9.747584864616694489e+00
8.800000000000000000e+01	8.800000000000000000e+04	9.685037278568964680e+00
8.900000000000000000e+01	8.900000000000000000e+04	9.783772664109545047e+00
9.000000000000000000e+01	9.000000000000000000e+04	8.902412847887195113e+00
9.100000000000000000e+01	9.100000000000000000e+04	8.830167923522402873e+00
9.200000000000000000e+01	9.200000000000000000e+04	9.213159248375330179e+00
9.300000000000000000e+01	9.300000000000000000e+04	9.934591289585689822e+00
9.400000000000000000e+01	9.400000000000000000e+04	9.761875146111057333e+00
9.500000000000000000e+01	9.500000000000000000e+04	9.564209691408441572e+00
9.600000000000000000e+01	9.600000000000000000e+04	9.671696448217717901e+00
9.700000000000000000e+01	9.700000000000000000e+04	8.977926273506053434e+00
9.800000000000000000e+01	9.800000000000000000e+04	8.762796496030642146e+00
9.900000000000000000e+01	9.900000000000000000e+04	9.173394657736187341e+00
1.000000000000000000e+02	1.000000000000000000e+05	9.300704720060123165e+00
1.010000000000000000e+02	1.010000000000000000e+05	8.778797559115096405e+00
