0.000000000000000000e+00	0.000000000000000000e+00	0.000000000000000000e+00
1.000000000000000000e+00	1.000000000000000000e+03	1.650807973286179342e+00
2.000000000000000000e+00	2.000000000000000000e+03	2.267126030506303458e+00
3.000000000000000000e+00	3.000000000000000000e+03	3.079206940657311709e+00
4.000000000000000000e+00	4.000000000000000000e+03	3.750126440624806268e+00
5.000000000000000000e+00	5.000000000000000000e+03	4.450892186945999640e+00
6.000000000000000000e+00	6.000000000000000000e+03	5.129789848157751742e+00
7.000000000000000000e+00	7.000000000000000000e+03	5.876462839308176811e+00
8.000000000000000000e+00	8.000000000000000000e+03	6.362994666153919177e+00
9.000000000000000000e+00	9.000000000000000000e+03	6.823405984581301986e+00
1.000000000000000000e+01	1.000000000000000000e+04	7.239228428300936713e+00
1.100000000000000000e+01	1.100000000000000000e+04	7.737506931629420492e+00
1.200000000000000000e+01	1.200000000000000000e+04	7.930785687652893046e+00
1.300000000000000000e+01	1.300000000000000000e+04	8.612540582497702601e+00
1.400000000000000000e+01	1.400000000000000000e+04	8.951848604900559891e+00
1.500000000000000000e+01	1.500000000000000000e+04	9.189953308514420272e+00
1.600000000000000000e+01	1.600000000000000000e+04	9.527623455373461780e+00
1.700000000000000000e+01	1.700000000000000000e+04	9.902929552834434546e+00
1.800000000000000000e+01	1.800000000000000000e+04	1.034111192362777665e+01
1.900000000000000000e+01	1.900000000000000000e+04	1.087011970088235024e+01
2.000000000000000000e+01	2.000000000000000000e+04	1.129019199136397233e+01
2.100000000000000000e+01	2.100000000000000000e+04	1.146375625449586977e+01
2.200000000000000000e+01	2.200000000000000000e+04	1.195414847374457779e+01
2.300000000000000000e+01	2.300000000000000000e+04	1.231468275235544141e+01
2.400000000000000000e+01	2.400000000000000000e+04	1.278043623163118170e+01
2.500000000000000000e+01	2.500000000000000000e+04	1.319685015568666486e+01
2.600000000000000000e+01	2.600000000000000000e+04	1.316233273073811283e+01
2.700000000000000000e+01	2.700000000000000000e+04	1.324285769752059316e+01
2.800000000000000000e+01	2.800000000000000000e+04	1.388271310199393049e+01
2.900000000000000000e+01	2.900000000000000000e+04	1.440858506038821396e+01
3.000000000000000000e+01	3.000000000000000000e+04	1.462422430330804524e+01
3.100000000000000000e+01	3.100000000000000000e+04	1.490827069829155427e+01
3.200000000000000000e+01	3.200000000000000000e+04	1.508115897272564077e+01
3.300000000000000000e+01	3.300000000000000000e+04	1.544459104624617396e+01
3.400000000000000000e+01	3.400000000000000000e+04	1.577565047176385882e+01
3.500000000000000000e+01	3.500000000000000000e+04	1.607143642227108060e+01
3.600000000000000000e+01	3.600000000000000000e+04	1.656328835609631867e+01
3.700000000000000000e+01	3.700000000000000000e+04	1.670251329306586996e+01
3.800000000000000000e+01	3.800000000000000000e+04	1.671582346992602908e+01
3.900000000000000000e+01	3.900000000000000000e+04	1.700732622519583970e+01
4.000000000000000000e+01	4.000000000000000000e+04	1.709308820741241064e+01
4.100000000000000000e+01	4.100000000000000000e+04	1.727011636928926208e+01
4.200000000000000000e+01	4.200000000000000000e+04	1.745538144906909395e+01
4.300000000000000000e+01	4.300000000000000000e+04	1.753401058289827219e+01
4.400000000000000000e+01	4.400000000000000000e+04	1.784311756227760171e+01
4.500000000000000000e+01	4.500000000000000000e+04	1.841723059065873613e+01
4.600000000000000000e+01	4.600000000000000000e+04	1.881285628002853016e+01
4.700000000000000000e+01	4.700000000000000000e+04	1.949673933326574016e+01
4.800000000000000000e+01	4.800000000000000000e+04	1.980736479185260990e+01
4.900000000000000000e+01	4.900000000000000000e+04	2.006483134829816350e+01
5.000000000000000000e+01	5.000000000000000000e+04	2.051027760241182563e+01
5.100000000000000000e+01	5.100000000000000000e+04	2.051550494927786872e+01
5.200000000000000000e+01	5.200000000000000000e+04	2.082603563248052936e+01
5.300000000000000000e+01	5.300000000000000000e+04	2.096304804847802927e+01
5.400000000000000000e+01	5.400000000000000000e+04	2.099624917784692713e+01
5.500000000000000000e+01	5.500000000000000000e+04	2.102592594326849706e+01
5.600000000000000000e+01	5.600000000000000000e+04	2.124236277769798420e+01
5.700000000000000000e+01	5.700000000000000000e+04	2.166328719974080386e+01
5.800000000000000000e+01	5.800000000000000000e+04	2.198711881593024842e+01
5.900000000000000000e+01	5.900000000000000000e+04	2.208919083919660054e+01
6.000000000000000000e+01	6.000000000000000000e+04	2.231269004853884752e+01
6.100000000000000000e+01	6.100000000000000000e+04	2.248426528900326105e+01
6.200000000000000000e+01	6.200000000000000000e+04	2.269641526676045373e+01
6.300000000000000000e+01	6.300000000000000000e+04	2.294325002154418058e+01
6.400000000000000000e+01	6.400000000000000000e+04	2.315682894993322449e+01
6.500000000000000000e+01	6.500000000000000000e+04	2.327513081494209501e+01
6.600000000000000000e+01	6.600000000000000000e+04	2.354527169164136424e+01
6.700000000000000000e+01	6.700000000000000000e+04	2.374340348389672783e+01
6.800000000000000000e+01	6.800000000000000000e+04	2.401181039114312910e+01
6.900000000000000000e+01	6.900000000000000000e+04	2.411069853601902935e+01
7.000000000000000000e+01	7.000000000000000000e+04	2.417159853856365004e+01
7.100000000000000000e+01	7.100000000000000000e+04	2.443392460279300948e+01
7.200000000000000000e+01	7.200000000000000000e+04	2.459771155060273884e+01
7.300000000000000000e+01	7.300000000000000000e+04	2.463643034213036742e+01
7.400000000000000000e+01	7.400000000000000000e+04	2.466984723927172496e+01
7.500000000000000000e+01	7.500000000000000000e+04	2.474984358116235938e+01
7.600000000000000000e+01	7.600000000000000000e+04	2.497623941983606244e+01
7.700000000000000000e+01	7.700000000000000000e+04	2.539565074880463058e+01
7.800000000000000000e+01	7.800000000000000000e+04	2.544735675173275880e+01
7.900000000000000000e+01	7.900000000000000000e+04	2.578093472200486147e+01
8.000000000000000000e+01	8.000000000000000000e+04	2.613665848929714386e+01
8.100000000000000000e+01	8.100000000000000000e+04	2.625846064515569722e+01
8.200000000000000000e+01	8.200000000000000000e+04	2.624986650411134192e+01
8.300000000000000000e+01	8.300000000000000000e+04	2.654769697354497993e+01
8.400000000000000000e+01	8.400000000000000000e+04	2.671661052335338837e+01
8.500000000000000000e+01	8.500000000000000000e+04	2.693592264734682118e+01
8.600000000000000000e+01	8.600000000000000000e+04	2.711140826025172856e+01
8.700000000000000000e+01	8.700000000000000000e+04	2.744677414828848327e+01
8.800000000000000000e+01	8.800000000000000000e+04	2.760935957781797967e+01
8.900000000000000000e+01	8.900000000000000000e+04	2.769753784429606824e+01
9.000000000000000000e+01	9.000000000000000000e+04	2.779862541503254647e+01
9.100000000000000000e+01	9.100000000000000000e+04	2.798431961005112001e+01
9.200000000000000000e+01	9.200000000000000000e+04	2.811986798832598211e+01
9.300000000000000000e+01	9.300000000000000000e+04	2.832193397587058570e+01
9.400000000000000000e+01	9.400000000000000000e+04	2.855445909773316515e+01
9.500000000000000000e+01	9.500000000000000000e+04	2.879334873627903590e+01
9.600000000000000000e+01	9.600000000000000000e+04	2.908768940053257523e+01
9.700000000000000000e+01	9.700000000000000000e+04	2.898080473969779547e+01
9.800000000000000000e+01	9.800000000000000000e+04	2.915993047438427865e+01
9.900000000000000000e+01	9.900000000000000000e+04	2.927417812971158284e+01
1.000000000000000000e+02	1.000000000000000000e+05	2.971766155673246246e+01
1.010000000000000000e+02	1.010000000000000000e+05	2.982979171644675276e+01
1.020000000000000000e+02	1.020000000000000000e+05	2.995101454163195953e+01
1.030000000000000000e+02	1.030000000000000000e+05	3.008485096977258522e+01
1.040000000000000000e+02	1.040000000000000000e+05	3.037891413166765631e+01
1.050000000000000000e+02	1.050000000000000000e+05	3.051043834866986160e+01
1.060000000000000000e+02	1.060000000000000000e+05	3.078217338791891322e+01
1.070000000000000000e+02	1.070000000000000000e+05	3.108514820272904089e+01
1.080000000000000000e+02	1.080000000000000000e+05	3.147562630876771195e+01
1.090000000000000000e+02	1.090000000000000000e+05	3.184072161712366622e+01
1.100000000000000000e+02	1.100000000000000000e+05	3.211900561496704398e+01
1.110000000000000000e+02	1.110000000000000000e+05	3.239644412939502871e+01
1.120000000000000000e+02	1.120000000000000000e+05	3.251726523893824350e+01
1.130000000000000000e+02	1.130000000000000000e+05	3.275777597128688967e+01
1.140000000000000000e+02	1.140000000000000000e+05	3.319434459741177790e+01
1.150000000000000000e+02	1.150000000000000000e+05	3.335218224013345178e+01
1.160000000000000000e+02	1.160000000000000000e+05	3.357191430064667514e+01
1.170000000000000000e+02	1.170000000000000000e+05	3.385506928217970568e+01
1.180000000000000000e+02	1.180000000000000000e+05	3.416786538633379422e+01
1.190000000000000000e+02	1.190000000000000000e+05	3.408642884545356821e+01
1.200000000000000000e+02	1.200000000000000000e+05	3.431218360650298393e+01
1.210000000000000000e+02	1.210000000000000000e+05	3.445961226397128740e+01
1.220000000000000000e+02	1.220000000000000000e+05	3.463784531447319637e+01
1.230000000000000000e+02	1.230000000000000000e+05	3.473749486407573528e+01
1.240000000000000000e+02	1.240000000000000000e+05	3.505836534461919740e+01
1.250000000000000000e+02	1.250000000000000000e+05	3.520894639578767027e+01
1.260000000000000000e+02	1.260000000000000000e+05	3.564921863533304247e+01
1.270000000000000000e+02	1.270000000000000000e+05	3.582519352784820654e+01
1.280000000000000000e+02	1.280000000000000000e+05	3.588598733536279894e+01
1.290000000000000000e+02	1.290000000000000000e+05	3.594272123159265675e+01
1.300000000000000000e+02	1.300000000000000000e+05	3.604514912561646867e+01
1.310000000000000000e+02	1.310000000000000000e+05	3.626550535465037939e+01
1.320000000000000000e+02	1.320000000000000000e+05	3.658103690996754409e+01
1.330000000000000000e+02	1.330000000000000000e+05	3.684975114049114353e+01
1.340000000000000000e+02	1.340000000000000000e+05	3.699953003977383048e+01
1.350000000000000000e+02	1.350000000000000000e+05	3.711979657439726310e+01
1.360000000000000000e+02	1.360000000000000000e+05	3.745760276203262151e+01
1.370000000000000000e+02	1.370000000000000000e+05	3.756381012776669337e+01
1.380000000000000000e+02	1.380000000000000000e+05	3.803926239332209747e+01
1.390000000000000000e+02	1.390000000000000000e+05	3.815600208637950885e+01
1.400000000000000000e+02	1.400000000000000000e+05	3.851005032978790865e+01
1.410000000000000000e+02	1.410000000000000000e+05	3.872768186204326923e+01
1.420000000000000000e+02	1.420000000000000000e+05	3.896359789752050062e+01
1.430000000000000000e+02	1.430000000000000000e+05	3.910690107237066826e+01
1.440000000000000000e+02	1.440000000000000000e+05	3.922666464760592930e+01
1.450000000000000000e+02	1.450000000000000000e+05	3.951194159880687096e+01
1.460000000000000000e+02	1.460000000000000000e+05	3.987646676690256697e+01
1.470000000000000000e+02	1.470000000000000000e+05	3.976966255730776822e+01
1.480000000000000000e+02	1.480000000000000000e+05	3.981472173840470674e+01
1.490000000000000000e+02	1.490000000000000000e+05	3.976569372203989872e+01
1.500000000000000000e+02	1.500000000000000000e+05	3.996966556728494169e+01
1.510000000000000000e+02	1.510000000000000000e+05	3.988147455293231047e+01
1.520000000000000000e+02	1.520000000000000000e+05	4.025460311685023385e+01
1.530000000000000000e+02	1.530000000000000000e+05	4.069198467891877868e+01
1.540000000000000000e+02	1.540000000000000000e+05	4.081223224797297178e+01
1.550000000000000000e+02	1.550000000000000000e+05	4.077072071245648743e+01
1.560000000000000000e+02	1.560000000000000000e+05	4.092565322974537168e+01
1.570000000000000000e+02	1.570000000000000000e+05	4.095249280289920080e+01
1.580000000000000000e+02	1.580000000000000000e+05	4.091788940403540664e+01
1.590000000000000000e+02	1.590000000000000000e+05	4.119500421993387818e+01
1.600000000000000000e+02	1.600000000000000000e+05	4.132715370311209568e+01
1.610000000000000000e+02	1.610000000000000000e+05	4.156972527805571360e+01
1.620000000000000000e+02	1.620000000000000000e+05	4.181524240655894431e+01
1.630000000000000000e+02	1.630000000000000000e+05	4.197392744990261804e+01
1.640000000000000000e+02	1.640000000000000000e+05	4.188958199826631557e+01
1.650000000000000000e+02	1.650000000000000000e+05	4.206726385776511279e+01
1.660000000000000000e+02	1.660000000000000000e+05	4.219834312204617532e+01
1.670000000000000000e+02	1.670000000000000000e+05	4.230002081235024747e+01
1.680000000000000000e+02	1.680000000000000000e+05	4.254823752164822537e+01
1.690000000000000000e+02	1.690000000000000000e+05	4.276406286463485884e+01
1.700000000000000000e+02	1.700000000000000000e+05	4.303481905286345466e+01
1.710000000000000000e+02	1.710000000000000000e+05	4.319807429164752932e+01
1.720000000000000000e+02	1.720000000000000000e+05	4.360171117645208483e+01
1.730000000000000000e+02	1.730000000000000000e+05	4.392859898200898527e+01
1.740000000000000000e+02	1.740000000000000000e+05	4.412138359667805787e+01
1.750000000000000000e+02	1.750000000000000000e+05	4.431421491730517204e+01
1.760000000000000000e+02	1.760000000000000000e+05	4.459608869612959126e+01
1.770000000000000000e+02	1.770000000000000000e+05	4.491634487636832773e+01
1.780000000000000000e+02	1.780000000000000000e+05	4.536124734565987637e+01
1.790000000000000000e+02	1.790000000000000000e+05	4.559798111245822128e+01
1.800000000000000000e+02	1.800000000000000000e+05	4.574463999789186630e+01
1.810000000000000000e+02	1.810000000000000000e+05	4.601220687510108576e+01
1.820000000000000000e+02	1.820000000000000000e+05	4.598447645086645963e+01
1.830000000000000000e+02	1.830000000000000000e+05	4.591732754268196715e+01
1.840000000000000000e+02	1.840000000000000000e+05	4.596241775681777142e+01
1.850000000000000000e+02	1.850000000000000000e+05	4.584998673528338031e+01
1.860000000000000000e+02	1.860000000000000000e+05	4.591279222783200709e+01
1.870000000000000000e+02	1.870000000000000000e+05	4.631432496496586992e+01
1.880000000000000000e+02	1.880000000000000000e+05	4.644689681440990370e+01
1.890000000000000000e+02	1.890000000000000000e+05	4.634400748958982064e+01
1.900000000000000000e+02	1.900000000000000000e+05	4.642837375269673572e+01
1.910000000000000000e+02	1.910000000000000000e+05	4.663060971107390884e+01
1.920000000000000000e+02	1.920000000000000000e+05	4.695099223098421248e+01
1.930000000000000000e+02	1.930000000000000000e+05	4.709134236358070780e+01
1.940000000000000000e+02	1.940000000000000000e+05	4.726430371621652426e+01
1.950000000000000000e+02	1.950000000000000000e+05	4.767213522853630536e+01
1.960000000000000000e+02	1.960000000000000000e+05	4.782492520681751103e+01
1.970000000000000000e+02	1.970000000000000000e+05	4.798491649496022404e+01
1.980000000000000000e+02	1.980000000000000000e+05	4.823176971773114730e+01
1.990000000000000000e+02	1.990000000000000000e+05	4.851813030491710066e+01
2.000000000000000000e+02	2.000000000000000000e+05	4.886593862480497563e+01
2.010000000000000000e+02	2.010000000000000000e+05	4.918141434478444296e+01
2.020000000000000000e+02	2.020000000000000000e+05	4.942757626194164544e+01
2.030000000000000000e+02	2.030000000000000000e+05	4.927376903417947318e+01
2.040000000000000000e+02	2.040000000000000000e+05	4.962736701835459741e+01
2.050000000000000000e+02	2.050000000000000000e+05	4.970982325964811821e+01
2.060000000000000000e+02	2.060000000000000000e+05	4.993761831605403501e+01
2.070000000000000000e+02	2.070000000000000000e+05	4.998743300430871273e+01
2.080000000000000000e+02	2.080000000000000000e+05	5.023334220719376475e+01
2.090000000000000000e+02	2.090000000000000000e+05	5.028056168191796615e+01
2.100000000000000000e+02	2.100000000000000000e+05	5.050394903193158314e+01
2.110000000000000000e+02	2.110000000000000000e+05	5.083061095440452704e+01
2.120000000000000000e+02	2.120000000000000000e+05	5.103109155052862889e+01
2.130000000000000000e+02	2.130000000000000000e+05	5.127431873566274589e+01
2.140000000000000000e+02	2.140000000000000000e+05	5.133125682231165854e+01
2.150000000000000000e+02	2.150000000000000000e+05	5.162715477458375801e+01
2.160000000000000000e+02	2.160000000000000000e+05	5.219193476052512892e+01
2.170000000000000000e+02	2.170000000000000000e+05	5.249511292832380605e+01
2.180000000000000000e+02	2.180000000000000000e+05	5.255921795390335660e+01
2.190000000000000000e+02	2.190000000000000000e+05	5.272278705830304091e+01
2.200000000000000000e+02	2.200000000000000000e+05	5.277844492312846114e+01
2.210000000000000000e+02	2.210000000000000000e+05	5.276176375012313002e+01
2.220000000000000000e+02	2.220000000000000000e+05	5.264203024378378615e+01
2.230000000000000000e+02	2.230000000000000000e+05	5.288917343096665746e+01
2.240000000000000000e+02	2.240000000000000000e+05	5.299305351581086398e+01
2.250000000000000000e+02	2.250000000000000000e+05	5.341381969931970985e+01
2.260000000000000000e+02	2.260000000000000000e+05	5.356935973658590200e+01
2.270000000000000000e+02	2.270000000000000000e+05	5.367033962299835537e+01
2.280000000000000000e+02	2.280000000000000000e+05	5.377789120997994843e+01
2.290000000000000000e+02	2.290000000000000000e+05	5.395292452945174233e+01
2.300000000000000000e+02	2.300000000000000000e+05	5.423701044574621477e+01
2.310000000000000000e+02	2.310000000000000000e+05	5.411015878324130313e+01
2.320000000000000000e+02	2.320000000000000000e+05	5.426512491406598571e+01
2.330000000000000000e+02	2.330000000000000000e+05	5.441491233165621111e+01
2.340000000000000000e+02	2.340000000000000000e+05	5.432940477077097796e+01
2.350000000000000000e+02	2.350000000000000000e+05	5.462883621716171234e+01
2.360000000000000000e+02	2.360000000000000000e+05	5.489966592818051083e+01
2.370000000000000000e+02	2.370000000000000000e+05	5.500116913246945671e+01
2.380000000000000000e+02	2.380000000000000000e+05	5.504238705521988351e+01
2.390000000000000000e+02	2.390000000000000000e+05	5.534575511619903665e+01
2.400000000000000000e+02	2.400000000000000000e+05	5.541875928505587012e+01
2.410000000000000000e+02	2.410000000000000000e+05	5.543707333865456377e+01
2.420000000000000000e+02	2.420000000000000000e+05	5.559210885164293359e+01
2.430000000000000000e+02	2.430000000000000000e+05	5.562488610901674946e+01
2.440000000000000000e+02	2.440000000000000000e+05	5.588965066114839431e+01
2.450000000000000000e+02	2.450000000000000000e+05	5.631122420348077640e+01
2.460000000000000000e+02	2.460000000000000000e+05	5.654308094321340405e+01
2.470000000000000000e+02	2.470000000000000000e+05	5.674759390813044746e+01
2.480000000000000000e+02	2.480000000000000000e+05	5.685270924702978590e+01
2.490000000000000000e+02	2.490000000000000000e+05	5.680978442875301937e+01
2.500000000000000000e+02	2.500000000000000000e+05	5.697874396329610391e+01
2.510000000000000000e+02	2.510000000000000000e+05	5.716706304185621690e+01
2.520000000000000000e+02	2.520000000000000000e+05	5.726154594281247512e+01
2.530000000000000000e+02	2.530000000000000000e+05	5.731419309142587082e+01
2.540000000000000000e+02	2.540000000000000000e+05	5.738057476882664787e+01
2.550000000000000000e+02	2.550000000000000000e+05	5.762744185119881735e+01
2.560000000000000000e+02	2.560000000000000000e+05	5.769184248100543044e+01
2.570000000000000000e+02	2.570000000000000000e+05	5.772730562192140269e+01
2.580000000000000000e+02	2.580000000000000000e+05	5.785535686211607498e+01
2.590000000000000000e+02	2.590000000000000000e+05	5.808081007161638354e+01
2.600000000000000000e+02	2.600000000000000000e+05	5.812742063692050465e+01
2.610000000000000000e+02	2.610000000000000000e+05	5.823341033861771621e+01
2.620000000000000000e+02	2.620000000000000000e+05	5.835078835190083879e+01
2.630000000000000000e+02	2.630000000000000000e+05	5.869240129187640065e+01
2.640000000000000000e+02	2.640000000000000000e+05	5.897825092580075079e+01
2.650000000000000000e+02	2.650000000000000000e+05	5.925799570758138657e+01
2.660000000000000000e+02	2.660000000000000000e+05	5.929599207832210794e+01
2.670000000000000000e+02	2.670000000000000000e+05	5.939707877746621989e+01
2.680000000000000000e+02	2.680000000000000000e+05	5.970466937609949554e+01
2.690000000000000000e+02	2.690000000000000000e+05	5.967317030598231753e+01
2.700000000000000000e+02	2.700000000000000000e+05	5.956884277587876397e+01
2.710000000000000000e+02	2.710000000000000000e+05	5.985740810136107370e+01
2.720000000000000000e+02	2.720000000000000000e+05	6.012524231585656764e+01
2.730000000000000000e+02	2.730000000000000000e+05	6.033850750462617185e+01
2.740000000000000000e+02	2.740000000000000000e+05	6.068947718716678708e+01
2.750000000000000000e+02	2.750000000000000000e+05	6.100096416885838124e+01
2.760000000000000000e+02	2.760000000000000000e+05	6.110518835212582189e+01
2.770000000000000000e+02	2.770000000000000000e+05	6.111695270493288490e+01
2.780000000000000000e+02	2.780000000000000000e+05	6.113632620896910197e+01
2.790000000000000000e+02	2.790000000000000000e+05	6.131719594466358103e+01
2.800000000000000000e+02	2.800000000000000000e+05	6.165589142318209781e+01
2.810000000000000000e+02	2.810000000000000000e+05	6.202226955730744606e+01
2.820000000000000000e+02	2.820000000000000000e+05	6.197756564477687391e+01
2.830000000000000000e+02	2.830000000000000000e+05	6.212570807838134357e+01
2.840000000000000000e+02	2.840000000000000000e+05	6.231032991305658442e+01
2.850000000000000000e+02	2.850000000000000000e+05	6.259071746065686170e+01
2.860000000000000000e+02	2.860000000000000000e+05	6.273735806295176332e+01
2.870000000000000000e+02	2.870000000000000000e+05	6.268744481889531528e+01
2.880000000000000000e+02	2.880000000000000000e+05	6.271803073406889695e+01
2.890000000000000000e+02	2.890000000000000000e+05	6.302092179148839790e+01
2.900000000000000000e+02	2.900000000000000000e+05	6.320024582334677632e+01
2.910000000000000000e+02	2.910000000000000000e+05	6.301101122304455515e+01
2.920000000000000000e+02	2.920000000000000000e+05	6.298583925104214387e+01
2.930000000000000000e+02	2.930000000000000000e+05	6.319039390086611974e+01
2.940000000000000000e+02	2.940000000000000000e+05	6.329495936956102753e+01
2.950000000000000000e+02	2.950000000000000000e+05	6.360418527299216152e+01
2.960000000000000000e+02	2.960000000000000000e+05	6.374777440550102625e+01
2.970000000000000000e+02	2.970000000000000000e+05	6.412656486754319474e+01
2.980000000000000000e+02	2.980000000000000000e+05	6.432145522860203357e+01
2.990000000000000000e+02	2.990000000000000000e+05	6.425539913344611875e+01
3.000000000000000000e+02	3.000000000000000000e+05	6.450791389723484315e+01
3.010000000000000000e+02	3.010000000000000000e+05	6.468391473203801922e+01
3.020000000000000000e+02	3.020000000000000000e+05	6.472860814214044467e+01
3.030000000000000000e+02	3.030000000000000000e+05	6.499525398172336565e+01
3.040000000000000000e+02	3.040000000000000000e+05	6.503463614544369875e+01
3.050000000000000000e+02	3.050000000000000000e+05	6.516356548504272439e+01
3.060000000000000000e+02	3.060000000000000000e+05	6.522000071035677138e+01
3.070000000000000000e+02	3.070000000000000000e+05	6.568422401994813242e+01
3.080000000000000000e+02	3.080000000000000000e+05	6.598241842658158873e+01
3.090000000000000000e+02	3.090000000000000000e+05	6.597369510373611945e+01
3.100000000000000000e+02	3.100000000000000000e+05	6.598766644177102592e+01
3.110000000000000000e+02	3.110000000000000000e+05	6.632756255822944524e+01
3.120000000000000000e+02	3.120000000000000000e+05	6.625693809532252487e+01
3.130000000000000000e+02	3.130000000000000000e+05	6.633445861502714536e+01
3.140000000000000000e+02	3.140000000000000000e+05	6.625684342755164380e+01
3.150000000000000000e+02	3.150000000000000000e+05	6.625739390482364399e+01
3.160000000000000000e+02	3.160000000000000000e+05	6.656186308981220634e+01
3.170000000000000000e+02	3.170000000000000000e+05	6.655886914357829198e+01
3.180000000000000000e+02	3.180000000000000000e+05	6.644984416708005881e+01
3.190000000000000000e+02	3.190000000000000000e+05	6.640603915644823019e+01
3.200000000000000000e+02	3.200000000000000000e+05	6.653745549024577599e+01
3.210000000000000000e+02	3.210000000000000000e+05	6.676279035924773098e+01
3.220000000000000000e+02	3.220000000000000000e+05	6.716698368871141156e+01
3.230000000000000000e+02	3.230000000000000000e+05	6.708113883884874440e+01
3.240000000000000000e+02	3.240000000000000000e+05	6.717434036904245431e+01
3.250000000000000000e+02	3.250000000000000000e+05	6.728036578462427997e+01
3.260000000000000000e+02	3.260000000000000000e+05	6.737207492068681347e+01
3.270000000000000000e+02	3.270000000000000000e+05	6.751818571285080850e+01
3.280000000000000000e+02	3.280000000000000000e+05	6.767777171960005944e+01
3.290000000000000000e+02	3.290000000000000000e+05	6.786783109493933352e+01
3.300000000000000000e+02	3.300000000000000000e+05	6.799802689922910304e+01
3.310000000000000000e+02	3.310000000000000000e+05	6.815639180083186943e+01
3.320000000000000000e+02	3.320000000000000000e+05	6.830367302258189000e+01
3.330000000000000000e+02	3.330000000000000000e+05	6.851064013381508744e+01
3.340000000000000000e+02	3.340000000000000000e+05	6.867250906129208943e+01
3.350000000000000000e+02	3.350000000000000000e+05	6.908932351959558105e+01
3.360000000000000000e+02	3.360000000000000000e+05	6.918745398033907179e+01
3.370000000000000000e+02	3.370000000000000000e+05	6.910366847589929762e+01
3.380000000000000000e+02	3.380000000000000000e+05	6.916848995593952054e+01
3.390000000000000000e+02	3.390000000000000000e+05	6.920104019997266676e+01
3.400000000000000000e+02	3.400000000000000000e+05	6.939344665448501814e+01
3.410000000000000000e+02	3.410000000000000000e+05	6.966409553138134925e+01
3.420000000000000000e+02	3.420000000000000000e+05	6.995809316945241108e+01
3.430000000000000000e+02	3.430000000000000000e+05	6.987972199193723100e+01
3.440000000000000000e+02	3.440000000000000000e+05	7.004956310897610194e+01
3.450000000000000000e+02	3.450000000000000000e+05	7.015674248555708914e+01
3.460000000000000000e+02	3.460000000000000000e+05	7.032134463772260347e+01
3.470000000000000000e+02	3.470000000000000000e+05	7.053531324345486553e+01
3.480000000000000000e+02	3.480000000000000000e+05	7.083971827913551067e+01
3.490000000000000000e+02	3.490000000000000000e+05	7.100547495519440133e+01
3.500000000000000000e+02	3.500000000000000000e+05	7.138731723471818214e+01
3.510000000000000000e+02	3.510000000000000000e+05	7.167235173029777684e+01
3.520000000000000000e+02	3.520000000000000000e+05	7.198108960919709887e+01
3.530000000000000000e+02	3.530000000000000000e+05	7.233886574452485263e+01
3.540000000000000000e+02	3.540000000000000000e+05	7.253275969862676220e+01
3.550000000000000000e+02	3.550000000000000000e+05	7.282003365510230708e+01
3.560000000000000000e+02	3.560000000000000000e+05	7.291936805753057627e+01
3.570000000000000000e+02	3.570000000000000000e+05	7.323633385109845051e+01
3.580000000000000000e+02	3.580000000000000000e+05	7.349399911908396632e+01
3.590000000000000000e+02	3.590000000000000000e+05	7.364457569385679392e+01
3.600000000000000000e+02	3.600000000000000000e+05	7.397725005560205602e+01
3.610000000000000000e+02	3.610000000000000000e+05	7.399656478032713380e+01
3.620000000000000000e+02	3.620000000000000000e+05	7.400775552216333608e+01
3.630000000000000000e+02	3.630000000000000000e+05	7.383633733955755929e+01
3.640000000000000000e+02	3.640000000000000000e+05	7.412292282754204109e+01
3.650000000000000000e+02	3.650000000000000000e+05	7.439500332143649075e+01
3.660000000000000000e+02	3.660000000000000000e+05	7.450491218204452082e+01
3.670000000000000000e+02	3.670000000000000000e+05	7.469231603952627552e+01
3.680000000000000000e+02	3.680000000000000000e+05	7.479914860652554864e+01
3.690000000000000000e+02	3.690000000000000000e+05	7.486634216674622166e+01
3.700000000000000000e+02	3.700000000000000000e+05	7.512737664280963656e+01
3.710000000000000000e+02	3.710000000000000000e+05	7.516712371409687421e+01
3.720000000000000000e+02	3.720000000000000000e+05	7.511839517672250111e+01
3.730000000000000000e+02	3.730000000000000000e+05	7.529085348545279999e+01
3.740000000000000000e+02	3.740000000000000000e+05	7.520921987933246555e+01
3.750000000000000000e+02	3.750000000000000000e+05	7.531702228642828345e+01
3.760000000000000000e+02	3.760000000000000000e+05	7.554140671936856677e+01
3.770000000000000000e+02	3.770000000000000000e+05	7.566869946367914679e+01
3.780000000000000000e+02	3.780000000000000000e+05	7.561277792511668849e+01
3.790000000000000000e+02	3.790000000000000000e+05	7.537581057711058463e+01
3.800000000000000000e+02	3.800000000000000000e+05	7.587707743221800172e+01
3.810000000000000000e+02	3.810000000000000000e+05	7.613823819558334094e+01
3.820000000000000000e+02	3.820000000000000000e+05	7.614791266192797536e+01
3.830000000000000000e+02	3.830000000000000000e+05	7.617128770251160574e+01
3.840000000000000000e+02	3.840000000000000000e+05	7.661098821658391955e+01
3.850000000000000000e+02	3.850000000000000000e+05	7.677100979076155340e+01
3.860000000000000000e+02	3.860000000000000000e+05	7.685467392877615112e+01
3.870000000000000000e+02	3.870000000000000000e+05	7.688707805670796347e+01
3.880000000000000000e+02	3.880000000000000000e+05	7.700384699011097211e+01
3.890000000000000000e+02	3.890000000000000000e+05	7.701489862424658384e+01
3.900000000000000000e+02	3.900000000000000000e+05	7.699215067838463256e+01
3.910000000000000000e+02	3.910000000000000000e+05	7.701784823733433427e+01
3.920000000000000000e+02	3.920000000000000000e+05	7.693787150701092514e+01
3.930000000000000000e+02	3.930000000000000000e+05	7.726188630339444785e+01
3.940000000000000000e+02	3.940000000000000000e+05	7.743462844967297087e+01
3.950000000000000000e+02	3.950000000000000000e+05	7.756025934779621878e+01
3.960000000000000000e+02	3.960000000000000000e+05	7.748295487263446546e+01
3.970000000000000000e+02	3.970000000000000000e+05	7.751264776196829587e+01
3.980000000000000000e+02	3.980000000000000000e+05	7.756411546205202967e+01
3.990000000000000000e+02	3.990000000000000000e+05	7.792422064562053663e+01
4.000000000000000000e+02	4.000000000000000000e+05	7.805365585381703397e+01
4.010000000000000000e+02	4.010000000000000000e+05	7.812414849738640044e+01
4.020000000000000000e+02	4.020000000000000000e+05	7.838576235063112563e+01
4.030000000000000000e+02	4.030000000000000000e+05	7.845401096982182310e+01
4.040000000000000000e+02	4.040000000000000000e+05	7.869116461520245309e+01
4.050000000000000000e+02	4.050000000000000000e+05	7.889324628036585807e+01
4.060000000000000000e+02	4.060000000000000000e+05	7.899961590861806826e+01
4.070000000000000000e+02	4.070000000000000000e+05	7.918611693450584710e+01
4.080000000000000000e+02	4.080000000000000000e+05	7.962326517452221708e+01
4.090000000000000000e+02	4.090000000000000000e+05	7.966063324701802628e+01
4.100000000000000000e+02	4.100000000000000000e+05	7.970119369486771177e+01
4.110000000000000000e+02	4.110000000000000000e+05	8.000210811229234764e+01
4.120000000000000000e+02	4.120000000000000000e+05	7.997406994085228860e+01
4.130000000000000000e+02	4.130000000000000000e+05	8.000173903948419252e+01
4.140000000000000000e+02	4.140000000000000000e+05	7.998728959610704692e+01
4.150000000000000000e+02	4.150000000000000000e+05	8.021839107968342830e+01
4.160000000000000000e+02	4.160000000000000000e+05	8.013679766666177784e+01
4.170000000000000000e+02	4.170000000000000000e+05	8.012846157175331996e+01
4.180000000000000000e+02	4.180000000000000000e+05	8.028696753241858630e+01
4.190000000000000000e+02	4.190000000000000000e+05	8.048164015661927806e+01
4.200000000000000000e+02	4.200000000000000000e+05	8.052158730448803681e+01
4.210000000000000000e+02	4.210000000000000000e+05	8.060690311033174282e+01
4.220000000000000000e+02	4.220000000000000000e+05	8.039319597060971034e+01
4.230000000000000000e+02	4.230000000000000000e+05	8.039750512551917438e+01
4.240000000000000000e+02	4.240000000000000000e+05	8.064988929478316493e+01
4.250000000000000000e+02	4.250000000000000000e+05	8.066192168390611528e+01
4.260000000000000000e+02	4.260000000000000000e+05	8.081383153902083905e+01
4.270000000000000000e+02	4.270000000000000000e+05	8.094330402127104662e+01
4.280000000000000000e+02	4.280000000000000000e+05	8.118197943210485334e+01
4.290000000000000000e+02	4.290000000000000000e+05	8.135720276766946313e+01
4.300000000000000000e+02	4.300000000000000000e+05	8.160623062454452281e+01
4.310000000000000000e+02	4.310000000000000000e+05	8.169572586432498440e+01
4.320000000000000000e+02	4.320000000000000000e+05	8.183243662162112741e+01
4.330000000000000000e+02	4.330000000000000000e+05	8.189118982068795560e+01
4.340000000000000000e+02	4.340000000000000000e+05	8.205463598153779969e+01
4.350000000000000000e+02	4.350000000000000000e+05	8.213508457718359068e+01
4.360000000000000000e+02	4.360000000000000000e+05	8.242793470988075910e+01
4.370000000000000000e+02	4.370000000000000000e+05	8.256943247464516844e+01
4.380000000000000000e+02	4.380000000000000000e+05	8.269565129487484967e+01
4.390000000000000000e+02	4.390000000000000000e+05	8.272417801610210120e+01
4.400000000000000000e+02	4.400000000000000000e+05	8.288956436667061212e+01
4.410000000000000000e+02	4.410000000000000000e+05	8.304948519874085378e+01
4.420000000000000000e+02	4.420000000000000000e+05	8.299038255114543006e+01
4.430000000000000000e+02	4.430000000000000000e+05	8.316969113114717516e+01
4.440000000000000000e+02	4.440000000000000000e+05	8.356647105683070720e+01
4.450000000000000000e+02	4.450000000000000000e+05	8.370446803388675505e+01
4.460000000000000000e+02	4.460000000000000000e+05	8.380197697625423814e+01
4.470000000000000000e+02	4.470000000000000000e+05	8.397891572012184724e+01
4.480000000000000000e+02	4.480000000000000000e+05	8.380797584653622323e+01
4.490000000000000000e+02	4.490000000000000000e+05	8.400931264606990112e+01
4.500000000000000000e+02	4.500000000000000000e+05	8.417017794915999218e+01
4.510000000000000000e+02	4.510000000000000000e+05	8.436793524375305253e+01
4.520000000000000000e+02	4.520000000000000000e+05	8.440934589933321774e+01
4.530000000000000000e+02	4.530000000000000000e+05	8.461016667876782549e+01
4.540000000000000000e+02	4.540000000000000000e+05	8.476502081110339759e+01
4.550000000000000000e+02	4.550000000000000000e+05	8.494083330621838002e+01
4.560000000000000000e+02	4.560000000000000000e+05	8.498420890572076303e+01
4.570000000000000000e+02	4.570000000000000000e+05	8.497330674231305636e+01
4.580000000000000000e+02	4.580000000000000000e+05	8.499013358453341027e+01
4.590000000000000000e+02	4.590000000000000000e+05	8.525360572495311828e+01
4.600000000000000000e+02	4.600000000000000000e+05	8.535815545229208112e+01
4.610000000000000000e+02	4.610000000000000000e+05	8.544029353143744743e+01
4.620000000000000000e+02	4.620000000000000000e+05	8.570645483976736045e+01
4.630000000000000000e+02	4.630000000000000000e+05	8.603651109191847013e+01
4.640000000000000000e+02	4.640000000000000000e+05	8.615082006142263538e+01
4.650000000000000000e+02	4.650000000000000000e+05	8.630525621322905749e+01
4.660000000000000000e+02	4.660000000000000000e+05	8.634826129500586944e+01
4.670000000000000000e+02	4.670000000000000000e+05	8.627853419294486059e+01
4.680000000000000000e+02	4.680000000000000000e+05	8.637746817506024399e+01
4.690000000000000000e+02	4.690000000000000000e+05	8.643004099435745502e+01
4.700000000000000000e+02	4.700000000000000000e+05	8.657239956413452830e+01
4.710000000000000000e+02	4.710000000000000000e+05	8.677180354927251926e+01
4.720000000000000000e+02	4.720000000000000000e+05	8.681434667737055122e+01
4.730000000000000000e+02	4.730000000000000000e+05	8.700023224268373667e+01
4.740000000000000000e+02	4.740000000000000000e+05	8.697974827275575649e+01
4.750000000000000000e+02	4.750000000000000000e+05	8.727325582354632161e+01
4.760000000000000000e+02	4.760000000000000000e+05	8.731998642860071413e+01
4.770000000000000000e+02	4.770000000000000000e+05	8.750256305179257765e+01
4.780000000000000000e+02	4.780000000000000000e+05	8.763009415751633924e+01
4.790000000000000000e+02	4.790000000000000000e+05	8.774231775000748712e+01
4.800000000000000000e+02	4.800000000000000000e+05	8.775893610546748391e+01
4.810000000000000000e+02	4.810000000000000000e+05	8.804472348120982872e+01
4.820000000000000000e+02	4.820000000000000000e+05	8.814837323652611190e+01
4.830000000000000000e+02	4.830000000000000000e+05	8.832873777342142319e+01
4.840000000000000000e+02	4.840000000000000000e+05	8.847834260342389712e+01
4.850000000000000000e+02	4.850000000000000000e+05	8.882485423410336978e+01
4.860000000000000000e+02	4.860000000000000000e+05	8.904228557460268689e+01
4.870000000000000000e+02	4.870000000000000000e+05	8.925154255205295328e+01
4.880000000000000000e+02	4.880000000000000000e+05	8.942707105799773615e+01
4.890000000000000000e+02	4.890000000000000000e+05	8.961342128513436478e+01
4.900000000000000000e+02	4.900000000000000000e+05	8.992395191663993614e+01
4.910000000000000000e+02	4.910000000000000000e+05	9.018072883703848674e+01
4.920000000000000000e+02	4.920000000000000000e+05	9.054604914991197973e+01
4.930000000000000000e+02	4.930000000000000000e+05	9.069107654823022813e+01
4.940000000000000000e+02	4.940000000000000000e+05	9.092374737340412594e+01
4.950000000000000000e+02	4.950000000000000000e+05	9.093665902182399918e+01
4.960000000000000000e+02	4.960000000000000000e+05	9.100379246355697660e+01
4.970000000000000000e+02	4.970000000000000000e+05	9.103453654578358112e+01
4.980000000000000000e+02	4.980000000000000000e+05	9.093998400205342136e+01
4.990000000000000000e+02	4.990000000000000000e+05	9.106562124962606219e+01
5.000000000000000000e+02	5.000000000000000000e+05	9.113321363565103184e+01
5.010000000000000000e+02	5.010000000000000000e+05	9.114128941458578481e+01
5.020000000000000000e+02	5.020000000000000000e+05	9.137252281127098286e+01
5.030000000000000000e+02	5.030000000000000000e+05	9.143422605070225018e+01
5.040000000000000000e+02	5.040000000000000000e+05	9.150150096448182069e+01
5.050000000000000000e+02	5.050000000000000000e+05	9.147128831946740490e+01
5.060000000000000000e+02	5.060000000000000000e+05	9.157638095406547052e+01
5.070000000000000000e+02	5.070000000000000000e+05	9.196926192837159419e+01
5.080000000000000000e+02	5.080000000000000000e+05	9.210783038692271418e+01
5.090000000000000000e+02	5.090000000000000000e+05	9.233601951351066361e+01
5.100000000000000000e+02	5.100000000000000000e+05	9.236813874709095273e+01
5.110000000000000000e+02	5.110000000000000000e+05	9.248122065490417754e+01
5.120000000000000000e+02	5.120000000000000000e+05	9.302141993064994097e+01
5.130000000000000000e+02	5.130000000000000000e+05	9.324685472829264654e+01
5.140000000000000000e+02	5.140000000000000000e+05	9.334754318168283760e+01
5.150000000000000000e+02	5.150000000000000000e+05	9.349332820769870978e+01
5.160000000000000000e+02	5.160000000000000000e+05	9.371209499776624341e+01
5.170000000000000000e+02	5.170000000000000000e+05	9.381357208341756859e+01
5.180000000000000000e+02	5.180000000000000000e+05	9.401512501742250549e+01
5.190000000000000000e+02	5.190000000000000000e+05	9.416873204124205188e+01
5.200000000000000000e+02	5.200000000000000000e+05	9.421307016970995107e+01
5.210000000000000000e+02	5.210000000000000000e+05	9.412424850919254027e+01
5.220000000000000000e+02	5.220000000000000000e+05	9.407963993262517022e+01
5.230000000000000000e+02	5.230000000000000000e+05	9.430310809088396695e+01
5.240000000000000000e+02	5.240000000000000000e+05	9.434230500408594366e+01
5.250000000000000000e+02	5.250000000000000000e+05	9.431021653609229816e+01
5.260000000000000000e+02	5.260000000000000000e+05	9.448275270415174987e+01
5.270000000000000000e+02	5.270000000000000000e+05	9.471807930742619419e+01
5.280000000000000000e+02	5.280000000000000000e+05	9.482525734496050518e+01
5.290000000000000000e+02	5.290000000000000000e+05	9.511884894923693423e+01
5.300000000000000000e+02	5.300000000000000000e+05	9.516443694336305725e+01
5.310000000000000000e+02	5.310000000000000000e+05	9.520230853529871240e+01
5.320000000000000000e+02	5.320000000000000000e+05	9.523095151424983840e+01
5.330000000000000000e+02	5.330000000000000000e+05	9.541617512294973835e+01
5.340000000000000000e+02	5.340000000000000000e+05	9.534538680872783800e+01
5.350000000000000000e+02	5.350000000000000000e+05	9.558981805467549009e+01
5.360000000000000000e+02	5.360000000000000000e+05	9.573074048262486713e+01
5.370000000000000000e+02	5.370000000000000000e+05	9.591920571609661295e+01
5.380000000000000000e+02	5.380000000000000000e+05	9.600727598427090470e+01
5.390000000000000000e+02	5.390000000000000000e+05	9.621389176824469303e+01
5.400000000000000000e+02	5.400000000000000000e+05	9.631443466337618986e+01
5.410000000000000000e+02	5.410000000000000000e+05	9.632308898848148715e+01
5.420000000000000000e+02	5.420000000000000000e+05	9.625783643949000634e+01
5.430000000000000000e+02	5.430000000000000000e+05	9.637435298736646416e+01
5.440000000000000000e+02	5.440000000000000000e+05	9.639099184825575151e+01
5.450000000000000000e+02	5.450000000000000000e+05	9.639998408505242367e+01
5.460000000000000000e+02	5.460000000000000000e+05	9.629615971612174974e+01
5.470000000000000000e+02	5.470000000000000000e+05	9.642849533117953342e+01
5.480000000000000000e+02	5.480000000000000000e+05	9.652027905416672127e+01
5.490000000000000000e+02	5.490000000000000000e+05	9.649240568639365279e+01
5.500000000000000000e+02	5.500000000000000000e+05	9.668679609084080084e+01
5.510000000000000000e+02	5.510000000000000000e+05	9.669666430169968407e+01
5.520000000000000000e+02	5.520000000000000000e+05	9.670444363691278511e+01
5.530000000000000000e+02	5.530000000000000000e+05	9.681127310971602640e+01
5.540000000000000000e+02	5.540000000000000000e+05	9.682277435190179915e+01
5.550000000000000000e+02	5.550000000000000000e+05	9.697309246170775054e+01
5.560000000000000000e+02	5.560000000000000000e+05	9.718390260256809654e+01
5.570000000000000000e+02	5.570000000000000000e+05	9.761172578418550927e+01
5.580000000000000000e+02	5.580000000000000000e+05	9.750125119877151292e+01
5.590000000000000000e+02	5.590000000000000000e+05	9.776579481079791378e+01
5.600000000000000000e+02	5.600000000000000000e+05	9.798779079028268768e+01
5.610000000000000000e+02	5.610000000000000000e+05	9.800161499789069808e+01
5.620000000000000000e+02	5.620000000000000000e+05	9.792466693015532542e+01
5.630000000000000000e+02	5.630000000000000000e+05	9.799862637436548596e+01
5.640000000000000000e+02	5.640000000000000000e+05	9.786062373428299566e+01
5.650000000000000000e+02	5.650000000000000000e+05	9.801910128693930346e+01
5.660000000000000000e+02	5.660000000000000000e+05	9.798406222307421842e+01
5.670000000000000000e+02	5.670000000000000000e+05	9.814090776125890159e+01
5.680000000000000000e+02	5.680000000000000000e+05	9.818306846409103628e+01
5.690000000000000000e+02	5.690000000000000000e+05	9.820786142029112398e+01
5.700000000000000000e+02	5.700000000000000000e+05	9.831707872981579044e+01
5.710000000000000000e+02	5.710000000000000000e+05	9.837717681113541346e+01
5.720000000000000000e+02	5.720000000000000000e+05	9.863211619441860023e+01
5.730000000000000000e+02	5.730000000000000000e+05	9.869260551484563848e+01
5.740000000000000000e+02	5.740000000000000000e+05	9.902996978172652121e+01
5.750000000000000000e+02	5.750000000000000000e+05	9.911502497137661294e+01
5.760000000000000000e+02	5.760000000000000000e+05	9.934439030426580075e+01
5.770000000000000000e+02	5.770000000000000000e+05	9.980338378795106280e+01
5.780000000000000000e+02	5.780000000000000000e+05	1.001519498600618334e+02
5.790000000000000000e+02	5.790000000000000000e+05	1.003785518267714281e+02
5.800000000000000000e+02	5.800000000000000000e+05	1.006035591608614794e+02
5.810000000000000000e+02	5.810000000000000000e+05	1.006049624866604546e+02
5.820000000000000000e+02	5.820000000000000000e+05	1.007738381805267380e+02
5.830000000000000000e+02	5.830000000000000000e+05	1.010524347904577809e+02
5.840000000000000000e+02	5.840000000000000000e+05	1.013234179360542555e+02
5.850000000000000000e+02	5.850000000000000000e+05	1.013141747432599828e+02
5.860000000000000000e+02	5.860000000000000000e+05	1.013828567015589215e+02
5.870000000000000000e+02	5.870000000000000000e+05	1.012588240449633759e+02
5.880000000000000000e+02	5.880000000000000000e+05	1.013628083398334070e+02
5.890000000000000000e+02	5.890000000000000000e+05	1.015149252626499390e+02
5.900000000000000000e+02	5.900000000000000000e+05	1.016060529482151793e+02
5.910000000000000000e+02	5.910000000000000000e+05	1.015806658328161802e+02
5.920000000000000000e+02	5.920000000000000000e+05	1.016944761592294100e+02
5.930000000000000000e+02	5.930000000000000000e+05	1.017487033824216525e+02
5.940000000000000000e+02	5.940000000000000000e+05	1.019965376961804964e+02
5.950000000000000000e+02	5.950000000000000000e+05	1.023697094481984209e+02
5.960000000000000000e+02	5.960000000000000000e+05	1.024050325006341637e+02
5.970000000000000000e+02	5.970000000000000000e+05	1.024356060016696404e+02
5.980000000000000000e+02	5.980000000000000000e+05	1.024343863480734456e+02
5.990000000000000000e+02	5.990000000000000000e+05	1.028083844583403561e+02
6.000000000000000000e+02	6.000000000000000000e+05	1.029259979893377022e+02
6.010000000000000000e+02	6.010000000000000000e+05	1.032109099227640456e+02
6.020000000000000000e+02	6.020000000000000000e+05	1.033358338531238587e+02
6.030000000000000000e+02	6.030000000000000000e+05	1.035466453881535642e+02
6.040000000000000000e+02	6.040000000000000000e+05	1.036496404553270594e+02
6.050000000000000000e+02	6.050000000000000000e+05	1.037340210101216229e+02
6.060000000000000000e+02	6.060000000000000000e+05	1.037130091319678229e+02
6.070000000000000000e+02	6.070000000000000000e+05	1.038916677206434969e+02
6.080000000000000000e+02	6.080000000000000000e+05	1.043042694027537891e+02
6.090000000000000000e+02	6.090000000000000000e+05	1.044045560082268622e+02
6.100000000000000000e+02	6.100000000000000000e+05	1.043055758757055571e+02
6.110000000000000000e+02	6.110000000000000000e+05	1.044190951178039199e+02
6.120000000000000000e+02	6.120000000000000000e+05	1.045597859019924698e+02
6.130000000000000000e+02	6.130000000000000000e+05	1.047211440992388276e+02
6.140000000000000000e+02	6.140000000000000000e+05	1.048434028705950709e+02
6.150000000000000000e+02	6.150000000000000000e+05	1.051640591923272012e+02
6.160000000000000000e+02	6.160000000000000000e+05	1.052368723974511653e+02
6.170000000000000000e+02	6.170000000000000000e+05	1.054176730512034794e+02
6.180000000000000000e+02	6.180000000000000000e+05	1.056206181588433708e+02
6.190000000000000000e+02	6.190000000000000000e+05	1.059877293302177037e+02
6.200000000000000000e+02	6.200000000000000000e+05	1.057795616440897675e+02
6.210000000000000000e+02	6.210000000000000000e+05	1.061363036449249506e+02
6.220000000000000000e+02	6.220000000000000000e+05	1.061002927594327474e+02
6.230000000000000000e+02	6.230000000000000000e+05	1.063427327802757247e+02
6.240000000000000000e+02	6.240000000000000000e+05	1.064323102799120022e+02
6.250000000000000000e+02	6.250000000000000000e+05	1.064597953915922375e+02
6.260000000000000000e+02	6.260000000000000000e+05	1.065985931270977147e+02
6.270000000000000000e+02	6.270000000000000000e+05	1.066982764070149869e+02
6.280000000000000000e+02	6.280000000000000000e+05	1.068154424612520614e+02
6.290000000000000000e+02	6.290000000000000000e+05	1.069193572388394813e+02
6.300000000000000000e+02	6.300000000000000000e+05	1.070092145323492474e+02
6.310000000000000000e+02	6.310000000000000000e+05	1.072110380546108814e+02
6.320000000000000000e+02	6.320000000000000000e+05	1.073111673575440363e+02
6.330000000000000000e+02	6.330000000000000000e+05	1.073168956117190476e+02
6.340000000000000000e+02	6.340000000000000000e+05	1.076810430224780930e+02
6.350000000000000000e+02	6.350000000000000000e+05	1.076274827476091787e+02
6.360000000000000000e+02	6.360000000000000000e+05	1.076791808541021140e+02
6.370000000000000000e+02	6.370000000000000000e+05	1.079386776664648551e+02
6.380000000000000000e+02	6.380000000000000000e+05	1.082030797915806346e+02
6.390000000000000000e+02	6.390000000000000000e+05	1.081882182999327568e+02
6.400000000000000000e+02	6.400000000000000000e+05	1.083625179066757767e+02
6.410000000000000000e+02	6.410000000000000000e+05	1.083222968012907472e+02
6.420000000000000000e+02	6.420000000000000000e+05	1.082855397024506914e+02
6.430000000000000000e+02	6.430000000000000000e+05	1.084346904986281999e+02
6.440000000000000000e+02	6.440000000000000000e+05	1.084387856152463741e+02
6.450000000000000000e+02	6.450000000000000000e+05	1.086900513741169902e+02
6.460000000000000000e+02	6.460000000000000000e+05	1.088772448484177318e+02
6.470000000000000000e+02	6.470000000000000000e+05	1.090315959922287163e+02
6.480000000000000000e+02	6.480000000000000000e+05	1.090850175680734822e+02
6.490000000000000000e+02	6.490000000000000000e+05	1.092988196053369165e+02
6.500000000000000000e+02	6.500000000000000000e+05	1.093802365881948901e+02
6.510000000000000000e+02	6.510000000000000000e+05	1.094763573341402463e+02
6.520000000000000000e+02	6.520000000000000000e+05	1.095306582467975289e+02
6.530000000000000000e+02	6.530000000000000000e+05	1.098063920616480971e+02
6.540000000000000000e+02	6.540000000000000000e+05	1.099406616939766508e+02
6.550000000000000000e+02	6.550000000000000000e+05	1.098824134841314759e+02
6.560000000000000000e+02	6.560000000000000000e+05	1.097550051952322008e+02
6.570000000000000000e+02	6.570000000000000000e+05	1.098390488221559735e+02
6.580000000000000000e+02	6.580000000000000000e+05	1.097611759973866015e+02
6.590000000000000000e+02	6.590000000000000000e+05	1.097808302476876889e+02
6.600000000000000000e+02	6.600000000000000000e+05	1.099905107780420508e+02
6.610000000000000000e+02	6.610000000000000000e+05	1.101312516099993672e+02
6.620000000000000000e+02	6.620000000000000000e+05	1.102954551768926308e+02
6.630000000000000000e+02	6.630000000000000000e+05	1.102429590881719292e+02
6.640000000000000000e+02	6.640000000000000000e+05	1.101394332804700156e+02
6.650000000000000000e+02	6.650000000000000000e+05	1.102481883482743541e+02
6.660000000000000000e+02	6.660000000000000000e+05	1.103810231379286932e+02
6.670000000000000000e+02	6.670000000000000000e+05	1.108752266301662246e+02
6.680000000000000000e+02	6.680000000000000000e+05	1.108489357601271337e+02
6.690000000000000000e+02	6.690000000000000000e+05	1.109396059544245503e+02
6.700000000000000000e+02	6.700000000000000000e+05	1.110618483801026173e+02
6.710000000000000000e+02	6.710000000000000000e+05	1.111327123875207548e+02
6.720000000000000000e+02	6.720000000000000000e+05	1.113541345312624173e+02
6.730000000000000000e+02	6.730000000000000000e+05	1.112346080390808680e+02
6.740000000000000000e+02	6.740000000000000000e+05	1.111826855002540526e+02
6.750000000000000000e+02	6.750000000000000000e+05	1.113130234946305421e+02
6.760000000000000000e+02	6.760000000000000000e+05	1.116054739405014686e+02
6.770000000000000000e+02	6.770000000000000000e+05	1.116877003124877490e+02
6.780000000000000000e+02	6.780000000000000000e+05	1.118575985724548332e+02
6.790000000000000000e+02	6.790000000000000000e+05	1.120364013067679139e+02
6.800000000000000000e+02	6.800000000000000000e+05	1.120405257895619684e+02
6.810000000000000000e+02	6.810000000000000000e+05	1.120531132687419813e+02
6.820000000000000000e+02	6.820000000000000000e+05	1.122578068868054260e+02
6.830000000000000000e+02	6.830000000000000000e+05	1.122954463270058199e+02
6.840000000000000000e+02	6.840000000000000000e+05	1.123808459815167140e+02
6.850000000000000000e+02	6.850000000000000000e+05	1.124578317569317818e+02
6.860000000000000000e+02	6.860000000000000000e+05	1.127613487598278397e+02
6.870000000000000000e+02	6.870000000000000000e+05	1.131434778441528124e+02
6.880000000000000000e+02	6.880000000000000000e+05	1.134908694080511395e+02
6.890000000000000000e+02	6.890000000000000000e+05	1.134558247543522782e+02
6.900000000000000000e+02	6.900000000000000000e+05	1.134458049098243464e+02
6.910000000000000000e+02	6.910000000000000000e+05	1.137062406109955504e+02
6.920000000000000000e+02	6.920000000000000000e+05	1.138097348330584992e+02
6.930000000000000000e+02	6.930000000000000000e+05	1.139573500565524569e+02
6.940000000000000000e+02	6.940000000000000000e+05	1.139651095277042998e+02
6.950000000000000000e+02	6.950000000000000000e+05	1.139033126409890286e+02
6.960000000000000000e+02	6.960000000000000000e+05	1.138387433242709221e+02
6.970000000000000000e+02	6.970000000000000000e+05	1.139108707269424912e+02
6.980000000000000000e+02	6.980000000000000000e+05	1.142373407602753730e+02
6.990000000000000000e+02	6.990000000000000000e+05	1.142564813873256782e+02
7.000000000000000000e+02	7.000000000000000000e+05	1.144004730750005763e+02
7.010000000000000000e+02	7.010000000000000000e+05	1.145286924654490548e+02
7.020000000000000000e+02	7.020000000000000000e+05	1.145342554712236023e+02
7.030000000000000000e+02	7.030000000000000000e+05	1.145618487472497122e+02
7.040000000000000000e+02	7.040000000000000000e+05	1.146095373737292249e+02
7.050000000000000000e+02	7.050000000000000000e+05	1.149763286040375192e+02
7.060000000000000000e+02	7.060000000000000000e+05	1.149099511933612519e+02
7.070000000000000000e+02	7.070000000000000000e+05	1.148148573912811088e+02
7.080000000000000000e+02	7.080000000000000000e+05	1.148933156418196546e+02
7.090000000000000000e+02	7.090000000000000000e+05	1.149794942481698001e+02
7.100000000000000000e+02	7.100000000000000000e+05	1.150468315897930864e+02
7.110000000000000000e+02	7.110000000000000000e+05	1.151595644798673561e+02
7.120000000000000000e+02	7.120000000000000000e+05	1.154430119228368028e+02
7.130000000000000000e+02	7.130000000000000000e+05	1.156047855616902069e+02
7.140000000000000000e+02	7.140000000000000000e+05	1.157789012883811353e+02
7.150000000000000000e+02	7.150000000000000000e+05	1.159184309667362811e+02
7.160000000000000000e+02	7.160000000000000000e+05	1.160030263994880642e+02
7.170000000000000000e+02	7.170000000000000000e+05	1.160913857803084710e+02
7.180000000000000000e+02	7.180000000000000000e+05	1.162073037118219929e+02
7.190000000000000000e+02	7.190000000000000000e+05	1.163735793567537229e+02
7.200000000000000000e+02	7.200000000000000000e+05	1.164057163127284582e+02
7.210000000000000000e+02	7.210000000000000000e+05	1.163486159089199106e+02
7.220000000000000000e+02	7.220000000000000000e+05	1.163629566117988219e+02
7.230000000000000000e+02	7.230000000000000000e+05	1.162892428590872242e+02
7.240000000000000000e+02	7.240000000000000000e+05	1.166988152548763225e+02
7.250000000000000000e+02	7.250000000000000000e+05	1.169595827134808843e+02
7.260000000000000000e+02	7.260000000000000000e+05	1.171354049641505952e+02
7.270000000000000000e+02	7.270000000000000000e+05	1.171199594651981783e+02
7.280000000000000000e+02	7.280000000000000000e+05	1.173385203822293477e+02
7.290000000000000000e+02	7.290000000000000000e+05	1.174280387852188170e+02
7.300000000000000000e+02	7.300000000000000000e+05	1.175031930742327688e+02
7.310000000000000000e+02	7.310000000000000000e+05	1.173734061439206044e+02
7.320000000000000000e+02	7.320000000000000000e+05	1.175846910304600499e+02
7.330000000000000000e+02	7.330000000000000000e+05	1.177260927587779946e+02
7.340000000000000000e+02	7.340000000000000000e+05	1.179928489255004536e+02
7.350000000000000000e+02	7.350000000000000000e+05	1.179623157121194197e+02
7.360000000000000000e+02	7.360000000000000000e+05	1.179901697480881069e+02
7.370000000000000000e+02	7.370000000000000000e+05	1.180517796948288520e+02
7.380000000000000000e+02	7.380000000000000000e+05	1.180143275616240288e+02
7.390000000000000000e+02	7.390000000000000000e+05	1.181162331867314634e+02
7.400000000000000000e+02	7.400000000000000000e+05	1.180736574310081153e+02
7.410000000000000000e+02	7.410000000000000000e+05	1.182660037118590424e+02
7.420000000000000000e+02	7.420000000000000000e+05	1.182562502968186209e+02
7.430000000000000000e+02	7.430000000000000000e+05	1.183897018046498744e+02
7.440000000000000000e+02	7.440000000000000000e+05	1.184044420318776787e+02
7.450000000000000000e+02	7.450000000000000000e+05	1.183640735924186913e+02
7.460000000000000000e+02	7.460000000000000000e+05	1.183339428279756902e+02
7.470000000000000000e+02	7.470000000000000000e+05	1.184939360285076617e+02
7.480000000000000000e+02	7.480000000000000000e+05	1.189043035364335594e+02
7.490000000000000000e+02	7.490000000000000000e+05	1.191002271381306912e+02
7.500000000000000000e+02	7.500000000000000000e+05	1.191830778193162104e+02
7.510000000000000000e+02	7.510000000000000000e+05	1.194109105014124026e+02
7.520000000000000000e+02	7.520000000000000000e+05	1.194030036850756318e+02
7.530000000000000000e+02	7.530000000000000000e+05	1.193935011210816981e+02
7.540000000000000000e+02	7.540000000000000000e+05	1.194087834474706113e+02
7.550000000000000000e+02	7.550000000000000000e+05	1.194516980893831430e+02
7.560000000000000000e+02	7.560000000000000000e+05	1.196274375387771585e+02
7.570000000000000000e+02	7.570000000000000000e+05	1.196083929325785675e+02
7.580000000000000000e+02	7.580000000000000000e+05	1.198086232018361699e+02
7.590000000000000000e+02	7.590000000000000000e+05	1.197617831928556740e+02
7.600000000000000000e+02	7.600000000000000000e+05	1.197739580497466960e+02
7.610000000000000000e+02	7.610000000000000000e+05	1.198854055509057730e+02
7.620000000000000000e+02	7.620000000000000000e+05	1.200102391356176668e+02
7.630000000000000000e+02	7.630000000000000000e+05	1.197282776567435292e+02
7.640000000000000000e+02	7.640000000000000000e+05	1.198833417637355012e+02
7.650000000000000000e+02	7.650000000000000000e+05	1.200392266799033507e+02
7.660000000000000000e+02	7.660000000000000000e+05	1.203563273175071373e+02
7.670000000000000000e+02	7.670000000000000000e+05	1.205499562470145918e+02
7.680000000000000000e+02	7.680000000000000000e+05	1.208845329047183697e+02
7.690000000000000000e+02	7.690000000000000000e+05	1.209514389627196067e+02
7.700000000000000000e+02	7.700000000000000000e+05	1.212819504188342563e+02
7.710000000000000000e+02	7.710000000000000000e+05	1.213021061369540519e+02
7.720000000000000000e+02	7.720000000000000000e+05	1.213303845532622489e+02
7.730000000000000000e+02	7.730000000000000000e+05	1.213688373443124249e+02
7.740000000000000000e+02	7.740000000000000000e+05	1.215200700701592069e+02
7.750000000000000000e+02	7.750000000000000000e+05	1.215333821291706187e+02
7.760000000000000000e+02	7.760000000000000000e+05	1.217770564037947594e+02
7.770000000000000000e+02	7.770000000000000000e+05	1.219291622925226335e+02
7.780000000000000000e+02	7.780000000000000000e+05	1.220431549979106336e+02
7.790000000000000000e+02	7.790000000000000000e+05	1.222612232609704961e+02
7.800000000000000000e+02	7.800000000000000000e+05	1.222877051991249289e+02
7.810000000000000000e+02	7.810000000000000000e+05	1.225047308715864744e+02
7.820000000000000000e+02	7.820000000000000000e+05	1.226645156808134374e+02
7.830000000000000000e+02	7.830000000000000000e+05	1.226287608946785213e+02
7.840000000000000000e+02	7.840000000000000000e+05	1.229059104869719903e+02
7.850000000000000000e+02	7.850000000000000000e+05	1.227665828665449368e+02
7.860000000000000000e+02	7.860000000000000000e+05	1.227932134735104910e+02
7.870000000000000000e+02	7.870000000000000000e+05	1.230170134061284699e+02
7.880000000000000000e+02	7.880000000000000000e+05	1.231235265883502592e+02
7.890000000000000000e+02	7.890000000000000000e+05	1.233716529159567585e+02
7.900000000000000000e+02	7.900000000000000000e+05	1.236151210259580040e+02
7.910000000000000000e+02	7.910000000000000000e+05	1.237991374300544578e+02
7.920000000000000000e+02	7.920000000000000000e+05	1.238335509588890204e+02
7.930000000000000000e+02	7.930000000000000000e+05	1.241629731924094671e+02
7.940000000000000000e+02	7.940000000000000000e+05	1.242399412615496033e+02
7.950000000000000000e+02	7.950000000000000000e+05	1.245997138472022101e+02
7.960000000000000000e+02	7.960000000000000000e+05	1.247394631340759759e+02
7.970000000000000000e+02	7.970000000000000000e+05	1.248535013797589102e+02
7.980000000000000000e+02	7.980000000000000000e+05	1.247812814507125694e+02
7.990000000000000000e+02	7.990000000000000000e+05	1.248973991187776846e+02
8.000000000000000000e+02	8.000000000000000000e+05	1.249176148013632002e+02
8.010000000000000000e+02	8.010000000000000000e+05	1.250129673648783637e+02
8.020000000000000000e+02	8.020000000000000000e+05	1.251717252940541556e+02
8.030000000000000000e+02	8.030000000000000000e+05	1.250729174336585601e+02
8.040000000000000000e+02	8.040000000000000000e+05	1.250981970357501041e+02
8.050000000000000000e+02	8.050000000000000000e+05	1.253089057793509085e+02
8.060000000000000000e+02	8.060000000000000000e+05	1.252788944481984430e+02
8.070000000000000000e+02	8.070000000000000000e+05	1.252275585966632008e+02
8.080000000000000000e+02	8.080000000000000000e+05	1.253044549168045023e+02
8.090000000000000000e+02	8.090000000000000000e+05	1.252189438320793755e+02
8.100000000000000000e+02	8.100000000000000000e+05	1.252903873538061958e+02
8.110000000000000000e+02	8.110000000000000000e+05	1.255200662875217290e+02
8.120000000000000000e+02	8.120000000000000000e+05	1.255676265220322847e+02
8.130000000000000000e+02	8.130000000000000000e+05	1.256217385213552404e+02
8.140000000000000000e+02	8.140000000000000000e+05	1.255864281936780031e+02
8.150000000000000000e+02	8.150000000000000000e+05	1.256573892798558205e+02
8.160000000000000000e+02	8.160000000000000000e+05	1.258908694142904068e+02
8.170000000000000000e+02	8.170000000000000000e+05	1.259021567906822980e+02
8.180000000000000000e+02	8.180000000000000000e+05	1.259161096864020521e+02
8.190000000000000000e+02	8.190000000000000000e+05	1.260333539533763627e+02
8.200000000000000000e+02	8.200000000000000000e+05	1.261679695238004228e+02
8.210000000000000000e+02	8.210000000000000000e+05	1.263329256860418894e+02
8.220000000000000000e+02	8.220000000000000000e+05	1.266187940356292359e+02
8.230000000000000000e+02	8.230000000000000000e+05	1.269318097800829577e+02
8.240000000000000000e+02	8.240000000000000000e+05	1.269703558080362171e+02
8.250000000000000000e+02	8.250000000000000000e+05	1.269483590632709422e+02
8.260000000000000000e+02	8.260000000000000000e+05	1.268610549575843578e+02
8.270000000000000000e+02	8.270000000000000000e+05	1.268991360078355513e+02
8.280000000000000000e+02	8.280000000000000000e+05	1.271134086638743810e+02
8.290000000000000000e+02	8.290000000000000000e+05	1.270498512635026884e+02
8.300000000000000000e+02	8.300000000000000000e+05	1.273120838974133022e+02
8.310000000000000000e+02	8.310000000000000000e+05	1.274522898187025959e+02
8.320000000000000000e+02	8.320000000000000000e+05	1.273527410200445473e+02
8.330000000000000000e+02	8.330000000000000000e+05	1.275739620396527414e+02
8.340000000000000000e+02	8.340000000000000000e+05	1.276457029995219585e+02
8.350000000000000000e+02	8.350000000000000000e+05	1.276249273238389463e+02
8.360000000000000000e+02	8.360000000000000000e+05	1.277668776171266671e+02
8.370000000000000000e+02	8.370000000000000000e+05	1.279318104361717019e+02
8.380000000000000000e+02	8.380000000000000000e+05	1.278965177229877526e+02
8.390000000000000000e+02	8.390000000000000000e+05	1.279317223548998044e+02
8.400000000000000000e+02	8.400000000000000000e+05	1.278884808689455639e+02
8.410000000000000000e+02	8.410000000000000000e+05	1.281264339376819237e+02
8.420000000000000000e+02	8.420000000000000000e+05	1.286088087947238705e+02
8.430000000000000000e+02	8.430000000000000000e+05	1.287394972420899251e+02
8.440000000000000000e+02	8.440000000000000000e+05	1.289472740607564560e+02
8.450000000000000000e+02	8.450000000000000000e+05	1.290285728281359070e+02
8.460000000000000000e+02	8.460000000000000000e+05	1.292657485662271597e+02
8.470000000000000000e+02	8.470000000000000000e+05	1.294376862454500952e+02
8.480000000000000000e+02	8.480000000000000000e+05	1.296350664168278684e+02
8.490000000000000000e+02	8.490000000000000000e+05	1.295737536191204811e+02
8.500000000000000000e+02	8.500000000000000000e+05	1.296205712526438845e+02
8.510000000000000000e+02	8.510000000000000000e+05	1.296428327189797756e+02
8.520000000000000000e+02	8.520000000000000000e+05	1.299004685553193497e+02
8.530000000000000000e+02	8.530000000000000000e+05	1.297944162487850974e+02
8.540000000000000000e+02	8.540000000000000000e+05	1.299036941039663020e+02
8.550000000000000000e+02	8.550000000000000000e+05	1.300636422508279395e+02
8.560000000000000000e+02	8.560000000000000000e+05	1.299862815699816281e+02
8.570000000000000000e+02	8.570000000000000000e+05	1.302092012141089867e+02
8.580000000000000000e+02	8.580000000000000000e+05	1.300950003666498844e+02
8.590000000000000000e+02	8.590000000000000000e+05	1.302878596143678465e+02
8.600000000000000000e+02	8.600000000000000000e+05	1.304644931456978441e+02
8.610000000000000000e+02	8.610000000000000000e+05	1.305145617658640163e+02
8.620000000000000000e+02	8.620000000000000000e+05	1.307332454918670237e+02
8.630000000000000000e+02	8.630000000000000000e+05	1.307236819400497438e+02
8.640000000000000000e+02	8.640000000000000000e+05	1.305690535110961719e+02
8.650000000000000000e+02	8.650000000000000000e+05	1.307643144872920402e+02
8.660000000000000000e+02	8.660000000000000000e+05	1.308206446076258658e+02
8.670000000000000000e+02	8.670000000000000000e+05	1.307805448152645056e+02
8.680000000000000000e+02	8.680000000000000000e+05	1.306217059278635872e+02
8.690000000000000000e+02	8.690000000000000000e+05	1.308265029451276007e+02
8.700000000000000000e+02	8.700000000000000000e+05	1.309508522986589583e+02
8.710000000000000000e+02	8.710000000000000000e+05	1.313082211837572117e+02
8.720000000000000000e+02	8.720000000000000000e+05	1.316479416368923125e+02
8.730000000000000000e+02	8.730000000000000000e+05	1.319004344642043520e+02
8.740000000000000000e+02	8.740000000000000000e+05	1.321462581830897705e+02
8.750000000000000000e+02	8.750000000000000000e+05	1.324948371877918021e+02
8.760000000000000000e+02	8.760000000000000000e+05	1.327025899902185984e+02
8.770000000000000000e+02	8.770000000000000000e+05	1.328606744632864149e+02
8.780000000000000000e+02	8.780000000000000000e+05	1.332137676915541533e+02
8.790000000000000000e+02	8.790000000000000000e+05	1.333807036595607656e+02
8.800000000000000000e+02	8.800000000000000000e+05	1.335869529132959599e+02
8.810000000000000000e+02	8.810000000000000000e+05	1.338656664575121340e+02
8.820000000000000000e+02	8.820000000000000000e+05	1.340193168286614309e+02
8.830000000000000000e+02	8.830000000000000000e+05	1.341126862491545921e+02
8.840000000000000000e+02	8.840000000000000000e+05	1.341987790254405013e+02
8.850000000000000000e+02	8.850000000000000000e+05	1.343334991944938679e+02
8.860000000000000000e+02	8.860000000000000000e+05	1.345449228990818540e+02
8.870000000000000000e+02	8.870000000000000000e+05	1.345817085575540659e+02
8.880000000000000000e+02	8.880000000000000000e+05	1.348307832173464647e+02
8.890000000000000000e+02	8.890000000000000000e+05	1.350657274209335412e+02
8.900000000000000000e+02	8.900000000000000000e+05	1.351221276497443284e+02
8.910000000000000000e+02	8.910000000000000000e+05	1.351973438996489278e+02
8.920000000000000000e+02	8.920000000000000000e+05	1.351404796725084623e+02
8.930000000000000000e+02	8.930000000000000000e+05	1.351105770696792661e+02
8.940000000000000000e+02	8.940000000000000000e+05	1.350879944105577124e+02
8.950000000000000000e+02	8.950000000000000000e+05	1.352242528032430471e+02
8.960000000000000000e+02	8.960000000000000000e+05	1.352153553646636226e+02
8.970000000000000000e+02	8.970000000000000000e+05	1.352740416261511029e+02
8.980000000000000000e+02	8.980000000000000000e+05	1.351923774800724232e+02
8.990000000000000000e+02	8.990000000000000000e+05	1.353503049811205017e+02
9.000000000000000000e+02	9.000000000000000000e+05	1.353364309915834269e+02
9.010000000000000000e+02	9.010000000000000000e+05	1.353109241322653133e+02
9.020000000000000000e+02	9.020000000000000000e+05	1.354135988842452889e+02
9.030000000000000000e+02	9.030000000000000000e+05	1.352878132213616311e+02
9.040000000000000000e+02	9.040000000000000000e+05	1.352049795818558096e+02
9.050000000000000000e+02	9.050000000000000000e+05	1.351470158071499839e+02
9.060000000000000000e+02	9.060000000000000000e+05	1.350694423642677009e+02
9.070000000000000000e+02	9.070000000000000000e+05	1.352151118485303414e+02
9.080000000000000000e+02	9.080000000000000000e+05	1.353488562774390402e+02
9.090000000000000000e+02	9.090000000000000000e+05	1.353754878685992935e+02
9.100000000000000000e+02	9.100000000000000000e+05	1.355454993335813469e+02
9.110000000000000000e+02	9.110000000000000000e+05	1.356316827072909348e+02
9.120000000000000000e+02	9.120000000000000000e+05	1.357041805184869645e+02
9.130000000000000000e+02	9.130000000000000000e+05	1.357994987937067322e+02
9.140000000000000000e+02	9.140000000000000000e+05	1.358628626122423100e+02
9.150000000000000000e+02	9.150000000000000000e+05	1.360341658918919734e+02
9.160000000000000000e+02	9.160000000000000000e+05	1.362341468509204958e+02
9.170000000000000000e+02	9.170000000000000000e+05	1.364674340396843490e+02
9.180000000000000000e+02	9.180000000000000000e+05	1.366627528412587651e+02
9.190000000000000000e+02	9.190000000000000000e+05	1.368850412119237205e+02
9.200000000000000000e+02	9.200000000000000000e+05	1.368281659931164711e+02
9.210000000000000000e+02	9.210000000000000000e+05	1.370371173722037668e+02
9.220000000000000000e+02	9.220000000000000000e+05	1.371238670530513843e+02
9.230000000000000000e+02	9.230000000000000000e+05	1.370187192345888434e+02
9.240000000000000000e+02	9.240000000000000000e+05	1.370736207463649521e+02
9.250000000000000000e+02	9.250000000000000000e+05	1.371108032441273394e+02
9.260000000000000000e+02	9.260000000000000000e+05	1.371728172972445350e+02
9.270000000000000000e+02	9.270000000000000000e+05	1.372480504006869069e+02
9.280000000000000000e+02	9.280000000000000000e+05	1.373985260403799487e+02
9.290000000000000000e+02	9.290000000000000000e+05	1.376159361033493838e+02
9.300000000000000000e+02	9.300000000000000000e+05	1.377958422709126864e+02
9.310000000000000000e+02	9.310000000000000000e+05	1.379013247958661168e+02
9.320000000000000000e+02	9.320000000000000000e+05	1.379947054514615559e+02
