0.000000000000000000e+00	0.000000000000000000e+00	1.441016127471574795e-06
1.000000000000000000e+00	1.000000000000000000e+03	2.260538279090687386e+00
2.000000000000000000e+00	2.000000000000000000e+03	3.470294253677079777e+00
3.000000000000000000e+00	3.000000000000000000e+03	4.379769286828762986e+00
4.000000000000000000e+00	4.000000000000000000e+03	5.012221892142400215e+00
5.000000000000000000e+00	5.000000000000000000e+03	5.869249116425529600e+00
6.000000000000000000e+00	6.000000000000000000e+03	6.545483939531475670e+00
7.000000000000000000e+00	7.000000000000000000e+03	7.148293669824706598e+00
8.000000000000000000e+00	8.000000000000000000e+03	7.673449805448830041e+00
9.000000000000000000e+00	9.000000000000000000e+03	8.369658865115777502e+00
1.000000000000000000e+01	1.000000000000000000e+04	8.724319564029935137e+00
1.100000000000000000e+01	1.100000000000000000e+04	9.014092661442720811e+00
1.200000000000000000e+01	1.200000000000000000e+04	9.240287299596896986e+00
1.300000000000000000e+01	1.300000000000000000e+04	9.605092078072340556e+00
1.400000000000000000e+01	1.400000000000000000e+04	9.924243481950435708e+00
1.500000000000000000e+01	1.500000000000000000e+04	1.021350806742993456e+01
1.600000000000000000e+01	1.600000000000000000e+04	1.055736586604236749e+01
1.700000000000000000e+01	1.700000000000000000e+04	1.074731666690966669e+01
1.800000000000000000e+01	1.800000000000000000e+04	1.118049684959449586e+01
1.900000000000000000e+01	1.900000000000000000e+04	1.156764455329169650e+01
2.000000000000000000e+01	2.000000000000000000e+04	1.164095380045195682e+01
2.100000000000000000e+01	2.100000000000000000e+04	1.214203752529093450e+01
2.200000000000000000e+01	2.200000000000000000e+04	1.236277351974400496e+01
2.300000000000000000e+01	2.300000000000000000e+04	1.285711031448634145e+01
2.400000000000000000e+01	2.400000000000000000e+04	1.311363835671698297e+01
2.500000000000000000e+01	2.500000000000000000e+04	1.318909478522416379e+01
2.600000000000000000e+01	2.600000000000000000e+04	1.341727959431593575e+01
2.700000000000000000e+01	2.700000000000000000e+04	1.368065091776335329e+01
2.800000000000000000e+01	2.800000000000000000e+04	1.387849282007083573e+01
2.900000000000000000e+01	2.900000000000000000e+04	1.394024390125235158e+01
3.000000000000000000e+01	3.000000000000000000e+04	1.431992099262679652e+01
3.100000000000000000e+01	3.100000000000000000e+04	1.466448102121988839e+01
3.200000000000000000e+01	3.200000000000000000e+04	1.481407789344538983e+01
3.300000000000000000e+01	3.300000000000000000e+04	1.531676970450309305e+01
3.400000000000000000e+01	3.400000000000000000e+04	1.567133232229581985e+01
3.500000000000000000e+01	3.500000000000000000e+04	1.573386939648495897e+01
3.600000000000000000e+01	3.600000000000000000e+04	1.588869113569327318e+01
3.700000000000000000e+01	3.700000000000000000e+04	1.593345721676445770e+01
3.800000000000000000e+01	3.800000000000000000e+04	1.612102766599538839e+01
3.900000000000000000e+01	3.900000000000000000e+04	1.610668433471746042e+01
4.000000000000000000e+01	4.000000000000000000e+04	1.653044553412860651e+01
4.100000000000000000e+01	4.100000000000000000e+04	1.657014079529283279e+01
4.200000000000000000e+01	4.200000000000000000e+04	1.679326265199862434e+01
4.300000000000000000e+01	4.300000000000000000e+04	1.689016037418252836e+01
4.400000000000000000e+01	4.400000000000000000e+04	1.718358915978418366e+01
4.500000000000000000e+01	4.500000000000000000e+04	1.732284754167849883e+01
4.600000000000000000e+01	4.600000000000000000e+04	1.764955527465576424e+01
4.700000000000000000e+01	4.700000000000000000e+04	1.754760432599888986e+01
4.800000000000000000e+01	4.800000000000000000e+04	1.779819246871634419e+01
4.900000000000000000e+01	4.900000000000000000e+04	1.789429562351378422e+01
5.000000000000000000e+01	5.000000000000000000e+04	1.814727067469531363e+01
5.100000000000000000e+01	5.100000000000000000e+04	1.826128349350673830e+01
5.200000000000000000e+01	5.200000000000000000e+04	1.837790720268728606e+01
5.300000000000000000e+01	5.300000000000000000e+04	1.858404701829026351e+01
5.400000000000000000e+01	5.400000000000000000e+04	1.878520172063672433e+01
5.500000000000000000e+01	5.500000000000000000e+04	1.892295178435309211e+01
5.600000000000000000e+01	5.600000000000000000e+04	1.923281302692991446e+01
5.700000000000000000e+01	5.700000000000000000e+04	1.935776618440596053e+01
5.800000000000000000e+01	5.800000000000000000e+04	1.957330066639882560e+01
5.900000000000000000e+01	5.900000000000000000e+04	1.993865768328317145e+01
6.000000000000000000e+01	6.000000000000000000e+04	2.007359755334351803e+01
6.100000000000000000e+01	6.100000000000000000e+04	2.014700413782419020e+01
6.200000000000000000e+01	6.200000000000000000e+04	2.047023039879231021e+01
6.300000000000000000e+01	6.300000000000000000e+04	2.082241936744473065e+01
6.400000000000000000e+01	6.400000000000000000e+04	2.094353236206258018e+01
6.500000000000000000e+01	6.500000000000000000e+04	2.109185351528873298e+01
6.600000000000000000e+01	6.600000000000000000e+04	2.133539215999467586e+01
6.700000000000000000e+01	6.700000000000000000e+04	2.144295849178146085e+01
6.800000000000000000e+01	6.800000000000000000e+04	2.173357393812442595e+01
6.900000000000000000e+01	6.900000000000000000e+04	2.194625449741963052e+01
7.000000000000000000e+01	7.000000000000000000e+04	2.185567442394202686e+01
7.100000000000000000e+01	7.100000000000000000e+04	2.185335964672742648e+01
7.200000000000000000e+01	7.200000000000000000e+04	2.188505301461109553e+01
7.300000000000000000e+01	7.300000000000000000e+04	2.164443083086788633e+01
7.400000000000000000e+01	7.400000000000000000e+04	2.167246391027403263e+01
7.500000000000000000e+01	7.500000000000000000e+04	2.179597541471401811e+01
7.600000000000000000e+01	7.600000000000000000e+04	2.191763511688058941e+01
7.700000000000000000e+01	7.700000000000000000e+04	2.208866530176442211e+01
7.800000000000000000e+01	7.800000000000000000e+04	2.220188325017635123e+01
7.900000000000000000e+01	7.900000000000000000e+04	2.203849168051015184e+01
8.000000000000000000e+01	8.000000000000000000e+04	2.221804708785195004e+01
8.100000000000000000e+01	8.100000000000000000e+04	2.235833409603683108e+01
8.200000000000000000e+01	8.200000000000000000e+04	2.248959672114253650e+01
8.300000000000000000e+01	8.300000000000000000e+04	2.250423405736399118e+01
8.400000000000000000e+01	8.400000000000000000e+04	2.262895484321303741e+01
8.500000000000000000e+01	8.500000000000000000e+04	2.249578091725582141e+01
8.600000000000000000e+01	8.600000000000000000e+04	2.261828874246305077e+01
8.700000000000000000e+01	8.700000000000000000e+04	2.274894784021733685e+01
8.800000000000000000e+01	8.800000000000000000e+04	2.255095344501160781e+01
8.900000000000000000e+01	8.900000000000000000e+04	2.255590140911593267e+01
9.000000000000000000e+01	9.000000000000000000e+04	2.277668930333414821e+01
9.100000000000000000e+01	9.100000000000000000e+04	2.297264922807417520e+01
9.200000000000000000e+01	9.200000000000000000e+04	2.314153907668025667e+01
9.300000000000000000e+01	9.300000000000000000e+04	2.339949892805406506e+01
9.400000000000000000e+01	9.400000000000000000e+04	2.348438080399614591e+01
9.500000000000000000e+01	9.500000000000000000e+04	2.354168492322340001e+01
9.600000000000000000e+01	9.600000000000000000e+04	2.367854376361072966e+01
9.700000000000000000e+01	9.700000000000000000e+04	2.390230514972207843e+01
9.800000000000000000e+01	9.800000000000000000e+04	2.407268074853984885e+01
9.900000000000000000e+01	9.900000000000000000e+04	2.416405961879899778e+01
1.000000000000000000e+02	1.000000000000000000e+05	2.432628146065173169e+01
1.010000000000000000e+02	1.010000000000000000e+05	2.424046186067467090e+01
1.020000000000000000e+02	1.020000000000000000e+05	2.459665611157204523e+01
1.030000000000000000e+02	1.030000000000000000e+05	2.491878662380870679e+01
1.040000000000000000e+02	1.040000000000000000e+05	2.515739434225296023e+01
1.050000000000000000e+02	1.050000000000000000e+05	2.531214930437424115e+01
1.060000000000000000e+02	1.060000000000000000e+05	2.582131202929099345e+01
1.070000000000000000e+02	1.070000000000000000e+05	2.615706866555256127e+01
1.080000000000000000e+02	1.080000000000000000e+05	2.635922441098599478e+01
1.090000000000000000e+02	1.090000000000000000e+05	2.655707737126795820e+01
1.100000000000000000e+02	1.100000000000000000e+05	2.676125804580618350e+01
1.110000000000000000e+02	1.110000000000000000e+05	2.710818640497302212e+01
1.120000000000000000e+02	1.120000000000000000e+05	2.765833084353851490e+01
1.130000000000000000e+02	1.130000000000000000e+05	2.781566205821998494e+01
1.140000000000000000e+02	1.140000000000000000e+05	2.814485005703553711e+01
1.150000000000000000e+02	1.150000000000000000e+05	2.832896239331786248e+01
1.160000000000000000e+02	1.160000000000000000e+05	2.853801902680502067e+01
1.170000000000000000e+02	1.170000000000000000e+05	2.885890348032998887e+01
1.180000000000000000e+02	1.180000000000000000e+05	2.907715854523868160e+01
1.190000000000000000e+02	1.190000000000000000e+05	2.923112059062266255e+01
1.200000000000000000e+02	1.200000000000000000e+05	2.941137707096497422e+01
1.210000000000000000e+02	1.210000000000000000e+05	2.971206488783893462e+01
1.220000000000000000e+02	1.220000000000000000e+05	2.979887157878244608e+01
1.230000000000000000e+02	1.230000000000000000e+05	3.002609653165227854e+01
1.240000000000000000e+02	1.240000000000000000e+05	3.012623461896732735e+01
1.250000000000000000e+02	1.250000000000000000e+05	3.056797156487102285e+01
1.260000000000000000e+02	1.260000000000000000e+05	3.076871073464326045e+01
1.270000000000000000e+02	1.270000000000000000e+05	3.082572711184042902e+01
1.280000000000000000e+02	1.280000000000000000e+05	3.108342827030419286e+01
1.290000000000000000e+02	1.290000000000000000e+05	3.136219452723675616e+01
1.300000000000000000e+02	1.300000000000000000e+05	3.145255054278269924e+01
1.310000000000000000e+02	1.310000000000000000e+05	3.162792503807380839e+01
1.320000000000000000e+02	1.320000000000000000e+05	3.169793289087585464e+01
1.330000000000000000e+02	1.330000000000000000e+05	3.192566694546360395e+01
1.340000000000000000e+02	1.340000000000000000e+05	3.213378656250851151e+01
1.350000000000000000e+02	1.350000000000000000e+05	3.203136966232472815e+01
1.360000000000000000e+02	1.360000000000000000e+05	3.198995026248782381e+01
1.370000000000000000e+02	1.370000000000000000e+05	3.215368954601871820e+01
1.380000000000000000e+02	1.380000000000000000e+05	3.235345411298276730e+01
1.390000000000000000e+02	1.390000000000000000e+05	3.259246862658438459e+01
1.400000000000000000e+02	1.400000000000000000e+05	3.256450569426731789e+01
1.410000000000000000e+02	1.410000000000000000e+05	3.263661707197558570e+01
1.420000000000000000e+02	1.420000000000000000e+05	3.276701714592894632e+01
1.430000000000000000e+02	1.430000000000000000e+05	3.284318135818695339e+01
1.440000000000000000e+02	1.440000000000000000e+05	3.306216749095935370e+01
1.450000000000000000e+02	1.450000000000000000e+05	3.328491520170037887e+01
1.460000000000000000e+02	1.460000000000000000e+05	3.332242948494489809e+01
1.470000000000000000e+02	1.470000000000000000e+05	3.341510632010776760e+01
1.480000000000000000e+02	1.480000000000000000e+05	3.345930821063661398e+01
1.490000000000000000e+02	1.490000000000000000e+05	3.358088135065936086e+01
1.500000000000000000e+02	1.500000000000000000e+05	3.340889125419092665e+01
1.510000000000000000e+02	1.510000000000000000e+05	3.345222312727300817e+01
1.520000000000000000e+02	1.520000000000000000e+05	3.349004264651213703e+01
1.530000000000000000e+02	1.530000000000000000e+05	3.371323023338440095e+01
1.540000000000000000e+02	1.540000000000000000e+05	3.390438795029295704e+01
1.550000000000000000e+02	1.550000000000000000e+05	3.394218096949133212e+01
1.560000000000000000e+02	1.560000000000000000e+05	3.409496967768222930e+01
1.570000000000000000e+02	1.570000000000000000e+05	3.411539513220623832e+01
1.580000000000000000e+02	1.580000000000000000e+05	3.421796988385448657e+01
1.590000000000000000e+02	1.590000000000000000e+05	3.435818472609947349e+01
1.600000000000000000e+02	1.600000000000000000e+05	3.450217652731184614e+01
1.610000000000000000e+02	1.610000000000000000e+05	3.467924952975688058e+01
1.620000000000000000e+02	1.620000000000000000e+05	3.489112542563799479e+01
1.630000000000000000e+02	1.630000000000000000e+05	3.498422415472812474e+01
1.640000000000000000e+02	1.640000000000000000e+05	3.519620871083527192e+01
1.650000000000000000e+02	1.650000000000000000e+05	3.534426100567072382e+01
1.660000000000000000e+02	1.660000000000000000e+05	3.553792442567784349e+01
1.670000000000000000e+02	1.670000000000000000e+05	3.548463614522714238e+01
1.680000000000000000e+02	1.680000000000000000e+05	3.573588227347192259e+01
1.690000000000000000e+02	1.690000000000000000e+05	3.597070364475344917e+01
1.700000000000000000e+02	1.700000000000000000e+05	3.610609446979209025e+01
1.710000000000000000e+02	1.710000000000000000e+05	3.644751111500585949e+01
1.720000000000000000e+02	1.720000000000000000e+05	3.623202914478825676e+01
1.730000000000000000e+02	1.730000000000000000e+05	3.632073344102292367e+01
1.740000000000000000e+02	1.740000000000000000e+05	3.639371935428153648e+01
1.750000000000000000e+02	1.750000000000000000e+05	3.641852403455815335e+01
1.760000000000000000e+02	1.760000000000000000e+05	3.648591138874402162e+01
1.770000000000000000e+02	1.770000000000000000e+05	3.652468974169051563e+01
1.780000000000000000e+02	1.780000000000000000e+05	3.645853758780221909e+01
1.790000000000000000e+02	1.790000000000000000e+05	3.646733040095292466e+01
1.800000000000000000e+02	1.800000000000000000e+05	3.650433450174691075e+01
1.810000000000000000e+02	1.810000000000000000e+05	3.652812957147407502e+01
1.820000000000000000e+02	1.820000000000000000e+05	3.667882147776889212e+01
1.830000000000000000e+02	1.830000000000000000e+05	3.671306919204717190e+01
1.840000000000000000e+02	1.840000000000000000e+05	3.681954337444297920e+01
1.850000000000000000e+02	1.850000000000000000e+05	3.686921517293942685e+01
1.860000000000000000e+02	1.860000000000000000e+05	3.698720429290890621e+01
1.870000000000000000e+02	1.870000000000000000e+05	3.690926447641128760e+01
1.880000000000000000e+02	1.880000000000000000e+05	3.696693257228339036e+01
1.890000000000000000e+02	1.890000000000000000e+05	3.689039974629410068e+01
1.900000000000000000e+02	1.900000000000000000e+05	3.673709979928311498e+01
1.910000000000000000e+02	1.910000000000000000e+05	3.660424229208066293e+01
1.920000000000000000e+02	1.920000000000000000e+05	3.688538088786066282e+01
1.930000000000000000e+02	1.930000000000000000e+05	3.706560023142141347e+01
1.940000000000000000e+02	1.940000000000000000e+05	3.719748906820535694e+01
1.950000000000000000e+02	1.950000000000000000e+05	3.742406152878169223e+01
1.960000000000000000e+02	1.960000000000000000e+05	3.738746698445175554e+01
1.970000000000000000e+02	1.970000000000000000e+05	3.740537285769764964e+01
1.980000000000000000e+02	1.980000000000000000e+05	3.759556326033988682e+01
1.990000000000000000e+02	1.990000000000000000e+05	3.766137691475215377e+01
2.000000000000000000e+02	2.000000000000000000e+05	3.768981712592442790e+01
2.010000000000000000e+02	2.010000000000000000e+05	3.777070818300227018e+01
2.020000000000000000e+02	2.020000000000000000e+05	3.785563871525834401e+01
2.030000000000000000e+02	2.030000000000000000e+05	3.806791504015431116e+01
2.040000000000000000e+02	2.040000000000000000e+05	3.819584316955004510e+01
2.050000000000000000e+02	2.050000000000000000e+05	3.829399425462925421e+01
2.060000000000000000e+02	2.060000000000000000e+05	3.827433583610373802e+01
2.070000000000000000e+02	2.070000000000000000e+05	3.828496484535938293e+01
2.080000000000000000e+02	2.080000000000000000e+05	3.824105082531782784e+01
2.090000000000000000e+02	2.090000000000000000e+05	3.831830926273806170e+01
2.100000000000000000e+02	2.100000000000000000e+05	3.854091947892742098e+01
2.110000000000000000e+02	2.110000000000000000e+05	3.868919232177731971e+01
2.120000000000000000e+02	2.120000000000000000e+05	3.889242753369380523e+01
2.130000000000000000e+02	2.130000000000000000e+05	3.916363479383431212e+01
2.140000000000000000e+02	2.140000000000000000e+05	3.952886892765861404e+01
2.150000000000000000e+02	2.150000000000000000e+05	3.971464574594945418e+01
2.160000000000000000e+02	2.160000000000000000e+05	3.976909754169891187e+01
2.170000000000000000e+02	2.170000000000000000e+05	3.961000194502307892e+01
2.180000000000000000e+02	2.180000000000000000e+05	3.954086246889081480e+01
2.190000000000000000e+02	2.190000000000000000e+05	3.964777582293492486e+01
2.200000000000000000e+02	2.200000000000000000e+05	3.967070248215895134e+01
2.210000000000000000e+02	2.210000000000000000e+05	3.970213497496838784e+01
2.220000000000000000e+02	2.220000000000000000e+05	3.978335917982974479e+01
2.230000000000000000e+02	2.230000000000000000e+05	3.989169541235784067e+01
2.240000000000000000e+02	2.240000000000000000e+05	3.998776029909316776e+01
2.250000000000000000e+02	2.250000000000000000e+05	4.019430147021142119e+01
2.260000000000000000e+02	2.260000000000000000e+05	4.031924847099474363e+01
2.270000000000000000e+02	2.270000000000000000e+05	4.043341352150522994e+01
2.280000000000000000e+02	2.280000000000000000e+05	4.045157772276714070e+01
2.290000000000000000e+02	2.290000000000000000e+05	4.058972028030149914e+01
2.300000000000000000e+02	2.300000000000000000e+05	4.047943117061132767e+01
2.310000000000000000e+02	2.310000000000000000e+05	4.045378322543309224e+01
2.320000000000000000e+02	2.320000000000000000e+05	4.043752239301262108e+01
2.330000000000000000e+02	2.330000000000000000e+05	4.084431325435988214e+01
2.340000000000000000e+02	2.340000000000000000e+05	4.097548852693169863e+01
2.350000000000000000e+02	2.350000000000000000e+05	4.098377251703717405e+01
2.360000000000000000e+02	2.360000000000000000e+05	4.101357094260182379e+01
2.370000000000000000e+02	2.370000000000000000e+05	4.087141235006036055e+01
2.380000000000000000e+02	2.380000000000000000e+05	4.097012188652013975e+01
2.390000000000000000e+02	2.390000000000000000e+05	4.108302452853998687e+01
2.400000000000000000e+02	2.400000000000000000e+05	4.127124468066570984e+01
2.410000000000000000e+02	2.410000000000000000e+05	4.118561807230261707e+01
2.420000000000000000e+02	2.420000000000000000e+05	4.112090821122395567e+01
2.430000000000000000e+02	2.430000000000000000e+05	4.120799569848877297e+01
2.440000000000000000e+02	2.440000000000000000e+05	4.126855251182716700e+01
2.450000000000000000e+02	2.450000000000000000e+05	4.137059723115098109e+01
2.460000000000000000e+02	2.460000000000000000e+05	4.136040155359098236e+01
2.470000000000000000e+02	2.470000000000000000e+05	4.143524112593280506e+01
2.480000000000000000e+02	2.480000000000000000e+05	4.156685377177299046e+01
2.490000000000000000e+02	2.490000000000000000e+05	4.155474703210457932e+01
2.500000000000000000e+02	2.500000000000000000e+05	4.148357986357133598e+01
2.510000000000000000e+02	2.510000000000000000e+05	4.146985902517939593e+01
2.520000000000000000e+02	2.520000000000000000e+05	4.153713364293599142e+01
2.530000000000000000e+02	2.530000000000000000e+05	4.146615831491064341e+01
2.540000000000000000e+02	2.540000000000000000e+05	4.165240876650533153e+01
2.550000000000000000e+02	2.550000000000000000e+05	4.178044223245535704e+01
2.560000000000000000e+02	2.560000000000000000e+05	4.154200801538467402e+01
2.570000000000000000e+02	2.570000000000000000e+05	4.151606655992476647e+01
2.580000000000000000e+02	2.580000000000000000e+05	4.148274642578152793e+01
2.590000000000000000e+02	2.590000000000000000e+05	4.146577308878863732e+01
2.600000000000000000e+02	2.600000000000000000e+05	4.152201927545213067e+01
2.610000000000000000e+02	2.610000000000000000e+05	4.163506772864364791e+01
2.620000000000000000e+02	2.620000000000000000e+05	4.159184906090201395e+01
2.630000000000000000e+02	2.630000000000000000e+05	4.166556057261865931e+01
2.640000000000000000e+02	2.640000000000000000e+05	4.178757306117296366e+01
2.650000000000000000e+02	2.650000000000000000e+05	4.181557430935287556e+01
2.660000000000000000e+02	2.660000000000000000e+05	4.185919149253816585e+01
2.670000000000000000e+02	2.670000000000000000e+05	4.193572264143035255e+01
2.680000000000000000e+02	2.680000000000000000e+05	4.227411406922685444e+01
2.690000000000000000e+02	2.690000000000000000e+05	4.250855951325536353e+01
2.700000000000000000e+02	2.700000000000000000e+05	4.271881036939879550e+01
2.710000000000000000e+02	2.710000000000000000e+05	4.269713022963047422e+01
2.720000000000000000e+02	2.720000000000000000e+05	4.281250330598580689e+01
2.730000000000000000e+02	2.730000000000000000e+05	4.274017452433846387e+01
2.740000000000000000e+02	2.740000000000000000e+05	4.282299945659804763e+01
2.750000000000000000e+02	2.750000000000000000e+05	4.296447099496493394e+01
2.760000000000000000e+02	2.760000000000000000e+05	4.304580394055529524e+01
2.770000000000000000e+02	2.770000000000000000e+05	4.300157120454376525e+01
2.780000000000000000e+02	2.780000000000000000e+05	4.320986274654924131e+01
2.790000000000000000e+02	2.790000000000000000e+05	4.337823838916870045e+01
2.800000000000000000e+02	2.800000000000000000e+05	4.341890372093956074e+01
2.810000000000000000e+02	2.810000000000000000e+05	4.345558989669154215e+01
2.820000000000000000e+02	2.820000000000000000e+05	4.351743105386733390e+01
2.830000000000000000e+02	2.830000000000000000e+05	4.364970013346752609e+01
2.840000000000000000e+02	2.840000000000000000e+05	4.390622529596559076e+01
2.850000000000000000e+02	2.850000000000000000e+05	4.421033508687544611e+01
2.860000000000000000e+02	2.860000000000000000e+05	4.427115795016856481e+01
2.870000000000000000e+02	2.870000000000000000e+05	4.457573466885816060e+01
2.880000000000000000e+02	2.880000000000000000e+05	4.453739681891138247e+01
2.890000000000000000e+02	2.890000000000000000e+05	4.441755427102970089e+01
2.900000000000000000e+02	2.900000000000000000e+05	4.477366849737448007e+01
2.910000000000000000e+02	2.910000000000000000e+05	4.468640849821498051e+01
2.920000000000000000e+02	2.920000000000000000e+05	4.490097018604222967e+01
2.930000000000000000e+02	2.930000000000000000e+05	4.500141011094421373e+01
2.940000000000000000e+02	2.940000000000000000e+05	4.505795056430310552e+01
2.950000000000000000e+02	2.950000000000000000e+05	4.510281542100144492e+01
2.960000000000000000e+02	2.960000000000000000e+05	4.522100739026120664e+01
2.970000000000000000e+02	2.970000000000000000e+05	4.521407725758155749e+01
2.980000000000000000e+02	2.980000000000000000e+05	4.538590836418450181e+01
2.990000000000000000e+02	2.990000000000000000e+05	4.551992850465300222e+01
3.000000000000000000e+02	3.000000000000000000e+05	4.545475538875008681e+01
3.010000000000000000e+02	3.010000000000000000e+05	4.555892312397058674e+01
3.020000000000000000e+02	3.020000000000000000e+05	4.557436430959013762e+01
3.030000000000000000e+02	3.030000000000000000e+05	4.569191670255676030e+01
3.040000000000000000e+02	3.040000000000000000e+05	4.578685864982323750e+01
3.050000000000000000e+02	3.050000000000000000e+05	4.592371849927536687e+01
3.060000000000000000e+02	3.060000000000000000e+05	4.614587088737194875e+01
3.070000000000000000e+02	3.070000000000000000e+05	4.632486285075348320e+01
3.080000000000000000e+02	3.080000000000000000e+05	4.640548541262885607e+01
3.090000000000000000e+02	3.090000000000000000e+05	4.630951043257596922e+01
3.100000000000000000e+02	3.100000000000000000e+05	4.620951587708594133e+01
3.110000000000000000e+02	3.110000000000000000e+05	4.622824620230989012e+01
3.120000000000000000e+02	3.120000000000000000e+05	4.630718430494052029e+01
3.130000000000000000e+02	3.130000000000000000e+05	4.612652934583448427e+01
3.140000000000000000e+02	3.140000000000000000e+05	4.612074120530738952e+01
3.150000000000000000e+02	3.150000000000000000e+05	4.614496590342645987e+01
3.160000000000000000e+02	3.160000000000000000e+05	4.629325171010449225e+01
3.170000000000000000e+02	3.170000000000000000e+05	4.630321324100034985e+01
3.180000000000000000e+02	3.180000000000000000e+05	4.646033130222457430e+01
3.190000000000000000e+02	3.190000000000000000e+05	4.641831633148876790e+01
3.200000000000000000e+02	3.200000000000000000e+05	4.657565090653134376e+01
3.210000000000000000e+02	3.210000000000000000e+05	4.661368091036092665e+01
3.220000000000000000e+02	3.220000000000000000e+05	4.668166416364311289e+01
3.230000000000000000e+02	3.230000000000000000e+05	4.695023344430754975e+01
3.240000000000000000e+02	3.240000000000000000e+05	4.700359052214486866e+01
3.250000000000000000e+02	3.250000000000000000e+05	4.710757551411125377e+01
3.260000000000000000e+02	3.260000000000000000e+05	4.691830194112011299e+01
3.270000000000000000e+02	3.270000000000000000e+05	4.716268507943106414e+01
3.280000000000000000e+02	3.280000000000000000e+05	4.716365970010755149e+01
3.290000000000000000e+02	3.290000000000000000e+05	4.725488335336136458e+01
3.300000000000000000e+02	3.300000000000000000e+05	4.751609662746101748e+01
3.310000000000000000e+02	3.310000000000000000e+05	4.766652340052750958e+01
3.320000000000000000e+02	3.320000000000000000e+05	4.780421514311797182e+01
3.330000000000000000e+02	3.330000000000000000e+05	4.784195428965919916e+01
3.340000000000000000e+02	3.340000000000000000e+05	4.800382008687431323e+01
3.350000000000000000e+02	3.350000000000000000e+05	4.798517302713448629e+01
3.360000000000000000e+02	3.360000000000000000e+05	4.815811383764681608e+01
3.370000000000000000e+02	3.370000000000000000e+05	4.828544035382042665e+01
3.380000000000000000e+02	3.380000000000000000e+05	4.821736668202681386e+01
3.390000000000000000e+02	3.390000000000000000e+05	4.829658482512529361e+01
3.400000000000000000e+02	3.400000000000000000e+05	4.828604583898595592e+01
3.410000000000000000e+02	3.410000000000000000e+05	4.830251794046925085e+01
3.420000000000000000e+02	3.420000000000000000e+05	4.838216908290055329e+01
3.430000000000000000e+02	3.430000000000000000e+05	4.852651869648840233e+01
3.440000000000000000e+02	3.440000000000000000e+05	4.860633918162373135e+01
3.450000000000000000e+02	3.450000000000000000e+05	4.868344630588767785e+01
3.460000000000000000e+02	3.460000000000000000e+05	4.859671780673557606e+01
3.470000000000000000e+02	3.470000000000000000e+05	4.847529786471558566e+01
3.480000000000000000e+02	3.480000000000000000e+05	4.845468037473894896e+01
3.490000000000000000e+02	3.490000000000000000e+05	4.866563614165583829e+01
3.500000000000000000e+02	3.500000000000000000e+05	4.888054298355235971e+01
3.510000000000000000e+02	3.510000000000000000e+05	4.895412640569372797e+01
3.520000000000000000e+02	3.520000000000000000e+05	4.899495446385032693e+01
3.530000000000000000e+02	3.530000000000000000e+05	4.901638258263857040e+01
3.540000000000000000e+02	3.540000000000000000e+05	4.910168887837104990e+01
3.550000000000000000e+02	3.550000000000000000e+05	4.918122216966631299e+01
3.560000000000000000e+02	3.560000000000000000e+05	4.932727354525217578e+01
3.570000000000000000e+02	3.570000000000000000e+05	4.948612675686233331e+01
3.580000000000000000e+02	3.580000000000000000e+05	4.963452422678002307e+01
3.590000000000000000e+02	3.590000000000000000e+05	4.971514893876649666e+01
3.600000000000000000e+02	3.600000000000000000e+05	4.966242764335042637e+01
3.610000000000000000e+02	3.610000000000000000e+05	4.961941898492455749e+01
3.620000000000000000e+02	3.620000000000000000e+05	4.953378954441459570e+01
3.630000000000000000e+02	3.630000000000000000e+05	4.955085931631332130e+01
3.640000000000000000e+02	3.640000000000000000e+05	4.941559367560900284e+01
3.650000000000000000e+02	3.650000000000000000e+05	4.954753308171504500e+01
3.660000000000000000e+02	3.660000000000000000e+05	4.954137472221998451e+01
3.670000000000000000e+02	3.670000000000000000e+05	4.974179447059221104e+01
3.680000000000000000e+02	3.680000000000000000e+05	4.964993986294807371e+01
3.690000000000000000e+02	3.690000000000000000e+05	4.969924580116732216e+01
3.700000000000000000e+02	3.700000000000000000e+05	4.973983468925230511e+01
3.710000000000000000e+02	3.710000000000000000e+05	4.978472785751736751e+01
3.720000000000000000e+02	3.720000000000000000e+05	4.971277773273985190e+01
3.730000000000000000e+02	3.730000000000000000e+05	4.974448016137507977e+01
3.740000000000000000e+02	3.740000000000000000e+05	4.979611749988424663e+01
3.750000000000000000e+02	3.750000000000000000e+05	4.983157974546021762e+01
3.760000000000000000e+02	3.760000000000000000e+05	4.977114082754818725e+01
3.770000000000000000e+02	3.770000000000000000e+05	4.971739379068218057e+01
3.780000000000000000e+02	3.780000000000000000e+05	4.963497136705377244e+01
3.790000000000000000e+02	3.790000000000000000e+05	4.972889783972087230e+01
3.800000000000000000e+02	3.800000000000000000e+05	4.975471624795873993e+01
3.810000000000000000e+02	3.810000000000000000e+05	4.977155645217040103e+01
3.820000000000000000e+02	3.820000000000000000e+05	4.988208943087158076e+01
3.830000000000000000e+02	3.830000000000000000e+05	4.988761448748802252e+01
3.840000000000000000e+02	3.840000000000000000e+05	4.991243864963573174e+01
3.850000000000000000e+02	3.850000000000000000e+05	5.005622901082581677e+01
3.860000000000000000e+02	3.860000000000000000e+05	4.999275542691926688e+01
3.870000000000000000e+02	3.870000000000000000e+05	4.992158679627091544e+01
3.880000000000000000e+02	3.880000000000000000e+05	4.998928544179810274e+01
3.890000000000000000e+02	3.890000000000000000e+05	4.980874399961403753e+01
3.900000000000000000e+02	3.900000000000000000e+05	4.982975265723781888e+01
3.910000000000000000e+02	3.910000000000000000e+05	4.989518283901158924e+01
3.920000000000000000e+02	3.920000000000000000e+05	4.991636506349578184e+01
3.930000000000000000e+02	3.930000000000000000e+05	4.984008503449690863e+01
3.940000000000000000e+02	3.940000000000000000e+05	4.976427015533784726e+01
3.950000000000000000e+02	3.950000000000000000e+05	4.977922319683614205e+01
3.960000000000000000e+02	3.960000000000000000e+05	4.974263321921539927e+01
3.970000000000000000e+02	3.970000000000000000e+05	4.978489209164088436e+01
3.980000000000000000e+02	3.980000000000000000e+05	4.981847363880676482e+01
3.990000000000000000e+02	3.990000000000000000e+05	4.991309827502947627e+01
4.000000000000000000e+02	4.000000000000000000e+05	4.992006192341033000e+01
4.010000000000000000e+02	4.010000000000000000e+05	4.984025642345290663e+01
4.020000000000000000e+02	4.020000000000000000e+05	4.970974006113299026e+01
4.030000000000000000e+02	4.030000000000000000e+05	4.985421770841523426e+01
4.040000000000000000e+02	4.040000000000000000e+05	4.976928527280505676e+01
4.050000000000000000e+02	4.050000000000000000e+05	4.979666046665617074e+01
4.060000000000000000e+02	4.060000000000000000e+05	4.990507785177421596e+01
4.070000000000000000e+02	4.070000000000000000e+05	5.001262744191082277e+01
4.080000000000000000e+02	4.080000000000000000e+05	5.011448185749945594e+01
4.090000000000000000e+02	4.090000000000000000e+05	5.015915474413503006e+01
4.100000000000000000e+02	4.100000000000000000e+05	5.006513687089293541e+01
4.110000000000000000e+02	4.110000000000000000e+05	5.007146745369563945e+01
4.120000000000000000e+02	4.120000000000000000e+05	5.008085926871220295e+01
4.130000000000000000e+02	4.130000000000000000e+05	5.004474766503368244e+01
4.140000000000000000e+02	4.140000000000000000e+05	5.001903909957665917e+01
4.150000000000000000e+02	4.150000000000000000e+05	5.027662270288017510e+01
4.160000000000000000e+02	4.160000000000000000e+05	5.029781755946725497e+01
4.170000000000000000e+02	4.170000000000000000e+05	5.017608606947014493e+01
4.180000000000000000e+02	4.180000000000000000e+05	5.019150593148621198e+01
4.190000000000000000e+02	4.190000000000000000e+05	5.032951779941206638e+01
4.200000000000000000e+02	4.200000000000000000e+05	5.051494454244149068e+01
4.210000000000000000e+02	4.210000000000000000e+05	5.058817920215763309e+01
4.220000000000000000e+02	4.220000000000000000e+05	5.075333204465741233e+01
4.230000000000000000e+02	4.230000000000000000e+05	5.077831820329203794e+01
4.240000000000000000e+02	4.240000000000000000e+05	5.075791400674035714e+01
4.250000000000000000e+02	4.250000000000000000e+05	5.097211533268291106e+01
4.260000000000000000e+02	4.260000000000000000e+05	5.109281962418452139e+01
4.270000000000000000e+02	4.270000000000000000e+05	5.116640092922895633e+01
4.280000000000000000e+02	4.280000000000000000e+05	5.118210650623409919e+01
4.290000000000000000e+02	4.290000000000000000e+05	5.112597260305658864e+01
4.300000000000000000e+02	4.300000000000000000e+05	5.114282917250692151e+01
4.310000000000000000e+02	4.310000000000000000e+05	5.112122787106315513e+01
4.320000000000000000e+02	4.320000000000000000e+05	5.099717320865549652e+01
4.330000000000000000e+02	4.330000000000000000e+05	5.096929597056613659e+01
4.340000000000000000e+02	4.340000000000000000e+05	5.080163249673322667e+01
4.350000000000000000e+02	4.350000000000000000e+05	5.070966453537332796e+01
4.360000000000000000e+02	4.360000000000000000e+05	5.079734789971251985e+01
4.370000000000000000e+02	4.370000000000000000e+05	5.080418517021534086e+01
4.380000000000000000e+02	4.380000000000000000e+05	5.069496642559311539e+01
4.390000000000000000e+02	4.390000000000000000e+05	5.072308511196446545e+01
4.400000000000000000e+02	4.400000000000000000e+05	5.056764030081912153e+01
4.410000000000000000e+02	4.410000000000000000e+05	5.067507645101058245e+01
4.420000000000000000e+02	4.420000000000000000e+05	5.043912686787428612e+01
4.430000000000000000e+02	4.430000000000000000e+05	5.030191794993802290e+01
4.440000000000000000e+02	4.440000000000000000e+05	5.045906681007596717e+01
4.450000000000000000e+02	4.450000000000000000e+05	5.044226572709022349e+01
4.460000000000000000e+02	4.460000000000000000e+05	5.051086314233995722e+01
4.470000000000000000e+02	4.470000000000000000e+05	5.038085289925247423e+01
4.480000000000000000e+02	4.480000000000000000e+05	5.044661537910485549e+01
4.490000000000000000e+02	4.490000000000000000e+05	5.044359903703525561e+01
4.500000000000000000e+02	4.500000000000000000e+05	5.059661934540052641e+01
4.510000000000000000e+02	4.510000000000000000e+05	5.055234746701622583e+01
4.520000000000000000e+02	4.520000000000000000e+05	5.056060408857802457e+01
4.530000000000000000e+02	4.530000000000000000e+05	5.063742749515360941e+01
4.540000000000000000e+02	4.540000000000000000e+05	5.072901341016599019e+01
4.550000000000000000e+02	4.550000000000000000e+05	5.080745844815298540e+01
4.560000000000000000e+02	4.560000000000000000e+05	5.097837165357044142e+01
4.570000000000000000e+02	4.570000000000000000e+05	5.094464414181597078e+01
4.580000000000000000e+02	4.580000000000000000e+05	5.100450661314128098e+01
4.590000000000000000e+02	4.590000000000000000e+05	5.114308701976445803e+01
4.600000000000000000e+02	4.600000000000000000e+05	5.126713837546736130e+01
4.610000000000000000e+02	4.610000000000000000e+05	5.113686980883634448e+01
4.620000000000000000e+02	4.620000000000000000e+05	5.115963546619771307e+01
4.630000000000000000e+02	4.630000000000000000e+05	5.127310274402471890e+01
4.640000000000000000e+02	4.640000000000000000e+05	5.140938230406485587e+01
4.650000000000000000e+02	4.650000000000000000e+05	5.132015634051296615e+01
4.660000000000000000e+02	4.660000000000000000e+05	5.125707585979255754e+01
4.670000000000000000e+02	4.670000000000000000e+05	5.118680230845287582e+01
4.680000000000000000e+02	4.680000000000000000e+05	5.116105477380828859e+01
4.690000000000000000e+02	4.690000000000000000e+05	5.120182252069911044e+01
4.700000000000000000e+02	4.700000000000000000e+05	5.108760896079972724e+01
4.710000000000000000e+02	4.710000000000000000e+05	5.123047002759361135e+01
4.720000000000000000e+02	4.720000000000000000e+05	5.115314114796014167e+01
4.730000000000000000e+02	4.730000000000000000e+05	5.114452307562839195e+01
4.740000000000000000e+02	4.740000000000000000e+05	5.129316704704445584e+01
4.750000000000000000e+02	4.750000000000000000e+05	5.137360739180567037e+01
4.760000000000000000e+02	4.760000000000000000e+05	5.152846277134015196e+01
4.770000000000000000e+02	4.770000000000000000e+05	5.159267428260551469e+01
4.780000000000000000e+02	4.780000000000000000e+05	5.165499100966489010e+01
4.790000000000000000e+02	4.790000000000000000e+05	5.180830349750262087e+01
4.800000000000000000e+02	4.800000000000000000e+05	5.192814362768743308e+01
4.810000000000000000e+02	4.810000000000000000e+05	5.193348410702083129e+01
4.820000000000000000e+02	4.820000000000000000e+05	5.205950591018015672e+01
4.830000000000000000e+02	4.830000000000000000e+05	5.213289166497400373e+01
4.840000000000000000e+02	4.840000000000000000e+05	5.222885814800083892e+01
4.850000000000000000e+02	4.850000000000000000e+05	5.211602624810826967e+01
4.860000000000000000e+02	4.860000000000000000e+05	5.212592923216102037e+01
4.870000000000000000e+02	4.870000000000000000e+05	5.210163310443254403e+01
4.880000000000000000e+02	4.880000000000000000e+05	5.199412707084735530e+01
4.890000000000000000e+02	4.890000000000000000e+05	5.206781546320267040e+01
4.900000000000000000e+02	4.900000000000000000e+05	5.226620266815451998e+01
4.910000000000000000e+02	4.910000000000000000e+05	5.227018132787431881e+01
4.920000000000000000e+02	4.920000000000000000e+05	5.247104090758386263e+01
4.930000000000000000e+02	4.930000000000000000e+05	5.260020177777899164e+01
4.940000000000000000e+02	4.940000000000000000e+05	5.255390753995349939e+01
4.950000000000000000e+02	4.950000000000000000e+05	5.263107684683707532e+01
4.960000000000000000e+02	4.960000000000000000e+05	5.273767404314980212e+01
4.970000000000000000e+02	4.970000000000000000e+05	5.270703575488125381e+01
4.980000000000000000e+02	4.980000000000000000e+05	5.293713057164350744e+01
4.990000000000000000e+02	4.990000000000000000e+05	5.305864186896655355e+01
5.000000000000000000e+02	5.000000000000000000e+05	5.302221175973201639e+01
5.010000000000000000e+02	5.010000000000000000e+05	5.301166998993723212e+01
5.020000000000000000e+02	5.020000000000000000e+05	5.314756769340156239e+01
5.030000000000000000e+02	5.030000000000000000e+05	5.312077428922356148e+01
5.040000000000000000e+02	5.040000000000000000e+05	5.325149156240596682e+01
5.050000000000000000e+02	5.050000000000000000e+05	5.329513605097901774e+01
5.060000000000000000e+02	5.060000000000000000e+05	5.331143734004511714e+01
5.070000000000000000e+02	5.070000000000000000e+05	5.328219504457960198e+01
5.080000000000000000e+02	5.080000000000000000e+05	5.312172268654828855e+01
5.090000000000000000e+02	5.090000000000000000e+05	5.320477468685545119e+01
5.100000000000000000e+02	5.100000000000000000e+05	5.312142041774692558e+01
5.110000000000000000e+02	5.110000000000000000e+05	5.327243890909374358e+01
5.120000000000000000e+02	5.120000000000000000e+05	5.328997492113117573e+01
5.130000000000000000e+02	5.130000000000000000e+05	5.334913731783019131e+01
5.140000000000000000e+02	5.140000000000000000e+05	5.319033233416372752e+01
5.150000000000000000e+02	5.150000000000000000e+05	5.323976413369836536e+01
5.160000000000000000e+02	5.160000000000000000e+05	5.351293736072406659e+01
5.170000000000000000e+02	5.170000000000000000e+05	5.367707690166589884e+01
5.180000000000000000e+02	5.180000000000000000e+05	5.380296963685445633e+01
5.190000000000000000e+02	5.190000000000000000e+05	5.373790569192719602e+01
5.200000000000000000e+02	5.200000000000000000e+05	5.378719008754919173e+01
5.210000000000000000e+02	5.210000000000000000e+05	5.385985227242355222e+01
5.220000000000000000e+02	5.220000000000000000e+05	5.374721556240199760e+01
5.230000000000000000e+02	5.230000000000000000e+05	5.366941194358607703e+01
5.240000000000000000e+02	5.240000000000000000e+05	5.373141455004213896e+01
5.250000000000000000e+02	5.250000000000000000e+05	5.367276718747773856e+01
5.260000000000000000e+02	5.260000000000000000e+05	5.369207726242978396e+01
5.270000000000000000e+02	5.270000000000000000e+05	5.369645455172886983e+01
5.280000000000000000e+02	5.280000000000000000e+05	5.373899839472697693e+01
5.290000000000000000e+02	5.290000000000000000e+05	5.380126866312810563e+01
5.300000000000000000e+02	5.300000000000000000e+05	5.371350425721247035e+01
5.310000000000000000e+02	5.310000000000000000e+05	5.376775007974635656e+01
5.320000000000000000e+02	5.320000000000000000e+05	5.392923032901562408e+01
5.330000000000000000e+02	5.330000000000000000e+05	5.390181881815502862e+01
5.340000000000000000e+02	5.340000000000000000e+05	5.397103896874355655e+01
5.350000000000000000e+02	5.350000000000000000e+05	5.412555301951100972e+01
5.360000000000000000e+02	5.360000000000000000e+05	5.426499153651069918e+01
5.370000000000000000e+02	5.370000000000000000e+05	5.443953362305173016e+01
5.380000000000000000e+02	5.380000000000000000e+05	5.456727405540367926e+01
5.390000000000000000e+02	5.390000000000000000e+05	5.442661468354251042e+01
5.400000000000000000e+02	5.400000000000000000e+05	5.470394014372449476e+01
5.410000000000000000e+02	5.410000000000000000e+05	5.463883085102793302e+01
5.420000000000000000e+02	5.420000000000000000e+05	5.472051327708609847e+01
5.430000000000000000e+02	5.430000000000000000e+05	5.469713761379601635e+01
5.440000000000000000e+02	5.440000000000000000e+05	5.465718477900940542e+01
5.450000000000000000e+02	5.450000000000000000e+05	5.486178607283318343e+01
5.460000000000000000e+02	5.460000000000000000e+05	5.501185040074864219e+01
5.470000000000000000e+02	5.470000000000000000e+05	5.497796905294318748e+01
5.480000000000000000e+02	5.480000000000000000e+05	5.501418828679397421e+01
5.490000000000000000e+02	5.490000000000000000e+05	5.500726453451932940e+01
5.500000000000000000e+02	5.500000000000000000e+05	5.492335071957501214e+01
5.510000000000000000e+02	5.510000000000000000e+05	5.496297872394002582e+01
5.520000000000000000e+02	5.520000000000000000e+05	5.509875122304156747e+01
5.530000000000000000e+02	5.530000000000000000e+05	5.507044021070326778e+01
5.540000000000000000e+02	5.540000000000000000e+05	5.497811893929350902e+01
5.550000000000000000e+02	5.550000000000000000e+05	5.491420767087929278e+01
5.560000000000000000e+02	5.560000000000000000e+05	5.486891215215672446e+01
5.570000000000000000e+02	5.570000000000000000e+05	5.492772977086235642e+01
5.580000000000000000e+02	5.580000000000000000e+05	5.489292021952189060e+01
5.590000000000000000e+02	5.590000000000000000e+05	5.485360756558949191e+01
5.600000000000000000e+02	5.600000000000000000e+05	5.504049760249195344e+01
5.610000000000000000e+02	5.610000000000000000e+05	5.511833709969643280e+01
5.620000000000000000e+02	5.620000000000000000e+05	5.501967996952365780e+01
5.630000000000000000e+02	5.630000000000000000e+05	5.506726636854669010e+01
5.640000000000000000e+02	5.640000000000000000e+05	5.504272700570693644e+01
5.650000000000000000e+02	5.650000000000000000e+05	5.525998778717975313e+01
5.660000000000000000e+02	5.660000000000000000e+05	5.539953961359549339e+01
5.670000000000000000e+02	5.670000000000000000e+05	5.527310815598912797e+01
5.680000000000000000e+02	5.680000000000000000e+05	5.537176580949141425e+01
5.690000000000000000e+02	5.690000000000000000e+05	5.555966975288954757e+01
5.700000000000000000e+02	5.700000000000000000e+05	5.552645153440190029e+01
5.710000000000000000e+02	5.710000000000000000e+05	5.551321503343447716e+01
5.720000000000000000e+02	5.720000000000000000e+05	5.568485990878556890e+01
5.730000000000000000e+02	5.730000000000000000e+05	5.575521973159409583e+01
5.740000000000000000e+02	5.740000000000000000e+05	5.577891402867606985e+01
5.750000000000000000e+02	5.750000000000000000e+05	5.596388472805877257e+01
5.760000000000000000e+02	5.760000000000000000e+05	5.604325882790792690e+01
5.770000000000000000e+02	5.770000000000000000e+05	5.594939127905260534e+01
5.780000000000000000e+02	5.780000000000000000e+05	5.587711093155741082e+01
5.790000000000000000e+02	5.790000000000000000e+05	5.597732941819656816e+01
5.800000000000000000e+02	5.800000000000000000e+05	5.594131147868564113e+01
5.810000000000000000e+02	5.810000000000000000e+05	5.604459715414642318e+01
5.820000000000000000e+02	5.820000000000000000e+05	5.609743819612425142e+01
5.830000000000000000e+02	5.830000000000000000e+05	5.611050999813403450e+01
5.840000000000000000e+02	5.840000000000000000e+05	5.614248094696258562e+01
5.850000000000000000e+02	5.850000000000000000e+05	5.609648689286619572e+01
5.860000000000000000e+02	5.860000000000000000e+05	5.619955800502344090e+01
5.870000000000000000e+02	5.870000000000000000e+05	5.608599194417302414e+01
5.880000000000000000e+02	5.880000000000000000e+05	5.618726623444263168e+01
5.890000000000000000e+02	5.890000000000000000e+05	5.619472009324758233e+01
5.900000000000000000e+02	5.900000000000000000e+05	5.618784086900164709e+01
5.910000000000000000e+02	5.910000000000000000e+05	5.625475180649979023e+01
5.920000000000000000e+02	5.920000000000000000e+05	5.638286699343703390e+01
5.930000000000000000e+02	5.930000000000000000e+05	5.620417466886825508e+01
5.940000000000000000e+02	5.940000000000000000e+05	5.622941263530700695e+01
5.950000000000000000e+02	5.950000000000000000e+05	5.623251392756156974e+01
5.960000000000000000e+02	5.960000000000000000e+05	5.626770662298431347e+01
5.970000000000000000e+02	5.970000000000000000e+05	5.628979517618609663e+01
5.980000000000000000e+02	5.980000000000000000e+05	5.642423234630378914e+01
5.990000000000000000e+02	5.990000000000000000e+05	5.647065945694038192e+01
6.000000000000000000e+02	6.000000000000000000e+05	5.628002553924438445e+01
6.010000000000000000e+02	6.010000000000000000e+05	5.642361138953675237e+01
6.020000000000000000e+02	6.020000000000000000e+05	5.635019710543540583e+01
6.030000000000000000e+02	6.030000000000000000e+05	5.620826576319731771e+01
6.040000000000000000e+02	6.040000000000000000e+05	5.615319619638201942e+01
6.050000000000000000e+02	6.050000000000000000e+05	5.624250754031144339e+01
6.060000000000000000e+02	6.060000000000000000e+05	5.627205596486911787e+01
6.070000000000000000e+02	6.070000000000000000e+05	5.637809175366406578e+01
6.080000000000000000e+02	6.080000000000000000e+05	5.640455331304256248e+01
6.090000000000000000e+02	6.090000000000000000e+05	5.640031137927390859e+01
6.100000000000000000e+02	6.100000000000000000e+05	5.622615103305691520e+01
6.110000000000000000e+02	6.110000000000000000e+05	5.626930553915106969e+01
6.120000000000000000e+02	6.120000000000000000e+05	5.622277292950454353e+01
6.130000000000000000e+02	6.130000000000000000e+05	5.614885025788728967e+01
6.140000000000000000e+02	6.140000000000000000e+05	5.619815529454646708e+01
6.150000000000000000e+02	6.150000000000000000e+05	5.629251032284213352e+01
6.160000000000000000e+02	6.160000000000000000e+05	5.646937387252927465e+01
6.170000000000000000e+02	6.170000000000000000e+05	5.637871596325820178e+01
6.180000000000000000e+02	6.180000000000000000e+05	5.657118812631640736e+01
6.190000000000000000e+02	6.190000000000000000e+05	5.666129101264785106e+01
6.200000000000000000e+02	6.200000000000000000e+05	5.665430789703050607e+01
6.210000000000000000e+02	6.210000000000000000e+05	5.686248636536520706e+01
6.220000000000000000e+02	6.220000000000000000e+05	5.682205667617903799e+01
6.230000000000000000e+02	6.230000000000000000e+05	5.698432787818551049e+01
6.240000000000000000e+02	6.240000000000000000e+05	5.692999259693693404e+01
6.250000000000000000e+02	6.250000000000000000e+05	5.690276672841390848e+01
6.260000000000000000e+02	6.260000000000000000e+05	5.702908048039179079e+01
6.270000000000000000e+02	6.270000000000000000e+05	5.706075818942751710e+01
6.280000000000000000e+02	6.280000000000000000e+05	5.706775817374266779e+01
6.290000000000000000e+02	6.290000000000000000e+05	5.708358079266830032e+01
6.300000000000000000e+02	6.300000000000000000e+05	5.697536446980134173e+01
6.310000000000000000e+02	6.310000000000000000e+05	5.714956020980412887e+01
6.320000000000000000e+02	6.320000000000000000e+05	5.736615131233549647e+01
6.330000000000000000e+02	6.330000000000000000e+05	5.741562307601294890e+01
6.340000000000000000e+02	6.340000000000000000e+05	5.755447793881447183e+01
6.350000000000000000e+02	6.350000000000000000e+05	5.787491561619119551e+01
