0.000000000000000000e+00	0.000000000000000000e+00	2.164421678019111658e-06
1.000000000000000000e+00	1.000000000000000000e+03	2.497305154293913976e+00
2.000000000000000000e+00	2.000000000000000000e+03	3.730987990728362735e+00
3.000000000000000000e+00	3.000000000000000000e+03	4.754163795678239879e+00
4.000000000000000000e+00	4.000000000000000000e+03	5.596024369784895924e+00
5.000000000000000000e+00	5.000000000000000000e+03	6.158045064951840786e+00
6.000000000000000000e+00	6.000000000000000000e+03	6.601450896728004558e+00
7.000000000000000000e+00	7.000000000000000000e+03	7.329969726005775676e+00
8.000000000000000000e+00	8.000000000000000000e+03	8.054817171748839044e+00
9.000000000000000000e+00	9.000000000000000000e+03	8.181916432656468174e+00
1.000000000000000000e+01	1.000000000000000000e+04	8.464298596078149828e+00
1.100000000000000000e+01	1.100000000000000000e+04	8.708509382270754884e+00
1.200000000000000000e+01	1.200000000000000000e+04	9.363766237704620465e+00
1.300000000000000000e+01	1.300000000000000000e+04	9.683554798364429672e+00
1.400000000000000000e+01	1.400000000000000000e+04	9.670194875370984988e+00
1.500000000000000000e+01	1.500000000000000000e+04	9.958654604068339466e+00
1.600000000000000000e+01	1.600000000000000000e+04	1.023692546127302627e+01
1.700000000000000000e+01	1.700000000000000000e+04	1.041675050788274604e+01
1.800000000000000000e+01	1.800000000000000000e+04	1.094414981506546880e+01
1.900000000000000000e+01	1.900000000000000000e+04	1.117580778208388992e+01
2.000000000000000000e+01	2.000000000000000000e+04	1.132166639146083220e+01
2.100000000000000000e+01	2.100000000000000000e+04	1.149075005223584078e+01
2.200000000000000000e+01	2.200000000000000000e+04	1.190603737834571341e+01
2.300000000000000000e+01	2.300000000000000000e+04	1.206559575182434862e+01
2.400000000000000000e+01	2.400000000000000000e+04	1.229693761675387265e+01
2.500000000000000000e+01	2.500000000000000000e+04	1.229707666628889307e+01
2.600000000000000000e+01	2.600000000000000000e+04	1.246683786388781101e+01
2.700000000000000000e+01	2.700000000000000000e+04	1.250532691663728357e+01
2.800000000000000000e+01	2.800000000000000000e+04	1.261247752293691349e+01
2.900000000000000000e+01	2.900000000000000000e+04	1.261384338904305658e+01
3.000000000000000000e+01	3.000000000000000000e+04	1.277389117016672415e+01
3.100000000000000000e+01	3.100000000000000000e+04	1.304380446449443909e+01
3.200000000000000000e+01	3.200000000000000000e+04	1.329662778546020974e+01
3.300000000000000000e+01	3.300000000000000000e+04	1.324335960334600770e+01
3.400000000000000000e+01	3.400000000000000000e+04	1.325446912808003752e+01
3.500000000000000000e+01	3.500000000000000000e+04	1.306349922076679704e+01
3.600000000000000000e+01	3.600000000000000000e+04	1.306869430963447343e+01
3.700000000000000000e+01	3.700000000000000000e+04	1.314747734758489273e+01
3.800000000000000000e+01	3.800000000000000000e+04	1.325058766134393018e+01
3.900000000000000000e+01	3.900000000000000000e+04	1.363716288222737028e+01
4.000000000000000000e+01	4.000000000000000000e+04	1.357572961888530827e+01
4.100000000000000000e+01	4.100000000000000000e+04	1.373861158370661251e+01
4.200000000000000000e+01	4.200000000000000000e+04	1.403751964750341763e+01
4.300000000000000000e+01	4.300000000000000000e+04	1.429188507554345833e+01
4.400000000000000000e+01	4.400000000000000000e+04	1.442695616752608778e+01
4.500000000000000000e+01	4.500000000000000000e+04	1.448298104961066279e+01
4.600000000000000000e+01	4.600000000000000000e+04	1.463661126688796976e+01
4.700000000000000000e+01	4.700000000000000000e+04	1.485977892358790875e+01
4.800000000000000000e+01	4.800000000000000000e+04	1.482937935758709713e+01
4.900000000000000000e+01	4.900000000000000000e+04	1.484576150523143312e+01
5.000000000000000000e+01	5.000000000000000000e+04	1.510224290757672705e+01
5.100000000000000000e+01	5.100000000000000000e+04	1.497317901245117255e+01
5.200000000000000000e+01	5.200000000000000000e+04	1.499945715956698677e+01
5.300000000000000000e+01	5.300000000000000000e+04	1.513189823819128677e+01
5.400000000000000000e+01	5.400000000000000000e+04	1.532561589148919978e+01
5.500000000000000000e+01	5.500000000000000000e+04	1.564597894670677647e+01
5.600000000000000000e+01	5.600000000000000000e+04	1.557325076659255103e+01
5.700000000000000000e+01	5.700000000000000000e+04	1.566636377510787348e+01
5.800000000000000000e+01	5.800000000000000000e+04	1.570803945646346200e+01
5.900000000000000000e+01	5.900000000000000000e+04	1.629478854657865838e+01
6.000000000000000000e+01	6.000000000000000000e+04	1.675905913278916515e+01
6.100000000000000000e+01	6.100000000000000000e+04	1.682856874716237172e+01
6.200000000000000000e+01	6.200000000000000000e+04	1.669488026983807671e+01
6.300000000000000000e+01	6.300000000000000000e+04	1.683499820479459785e+01
6.400000000000000000e+01	6.400000000000000000e+04	1.671904706552458819e+01
6.500000000000000000e+01	6.500000000000000000e+04	1.676673675405015729e+01
6.600000000000000000e+01	6.600000000000000000e+04	1.690823405727201134e+01
6.700000000000000000e+01	6.700000000000000000e+04	1.729906659808393954e+01
6.800000000000000000e+01	6.800000000000000000e+04	1.736543943504261378e+01
6.900000000000000000e+01	6.900000000000000000e+04	1.745152731153947556e+01
7.000000000000000000e+01	7.000000000000000000e+04	1.751628381854985506e+01
7.100000000000000000e+01	7.100000000000000000e+04	1.741279993220979705e+01
7.200000000000000000e+01	7.200000000000000000e+04	1.776400754050889930e+01
7.300000000000000000e+01	7.300000000000000000e+04	1.812285236242005482e+01
7.400000000000000000e+01	7.400000000000000000e+04	1.823585738322836747e+01
7.500000000000000000e+01	7.500000000000000000e+04	1.880128447464138119e+01
7.600000000000000000e+01	7.600000000000000000e+04	1.891000893812476491e+01
7.700000000000000000e+01	7.700000000000000000e+04	1.914756154201906924e+01
7.800000000000000000e+01	7.800000000000000000e+04	1.909726960448118049e+01
7.900000000000000000e+01	7.900000000000000000e+04	1.949722919517576614e+01
8.000000000000000000e+01	8.000000000000000000e+04	1.949732674132415511e+01
8.100000000000000000e+01	8.100000000000000000e+04	1.933187219872078089e+01
8.200000000000000000e+01	8.200000000000000000e+04	1.936925894084800248e+01
8.300000000000000000e+01	8.300000000000000000e+04	1.968570206272177714e+01
8.400000000000000000e+01	8.400000000000000000e+04	2.024374072006134284e+01
8.500000000000000000e+01	8.500000000000000000e+04	2.056137641229499380e+01
8.600000000000000000e+01	8.600000000000000000e+04	2.096145153172282960e+01
8.700000000000000000e+01	8.700000000000000000e+04	2.097182675886499581e+01
8.800000000000000000e+01	8.800000000000000000e+04	2.076584386239077062e+01
8.900000000000000000e+01	8.900000000000000000e+04	2.079253823108639310e+01
9.000000000000000000e+01	9.000000000000000000e+04	2.076546403520153916e+01
9.100000000000000000e+01	9.100000000000000000e+04	2.056317910262699655e+01
9.200000000000000000e+01	9.200000000000000000e+04	2.075829593357778435e+01
9.300000000000000000e+01	9.300000000000000000e+04	2.093908572308731664e+01
9.400000000000000000e+01	9.400000000000000000e+04	2.130723382774325358e+01
9.500000000000000000e+01	9.500000000000000000e+04	2.155486169475413050e+01
9.600000000000000000e+01	9.600000000000000000e+04	2.175220311292910580e+01
9.700000000000000000e+01	9.700000000000000000e+04	2.180038241687983813e+01
9.800000000000000000e+01	9.800000000000000000e+04	2.190838030662072811e+01
9.900000000000000000e+01	9.900000000000000000e+04	2.173356537095740748e+01
1.000000000000000000e+02	1.000000000000000000e+05	2.198453552562173741e+01
1.010000000000000000e+02	1.010000000000000000e+05	2.184795549377147950e+01
1.020000000000000000e+02	1.020000000000000000e+05	2.219666247408432724e+01
1.030000000000000000e+02	1.030000000000000000e+05	2.248934299294772288e+01
1.040000000000000000e+02	1.040000000000000000e+05	2.283420148195442323e+01
1.050000000000000000e+02	1.050000000000000000e+05	2.335725062566484311e+01
1.060000000000000000e+02	1.060000000000000000e+05	2.359245295306055823e+01
1.070000000000000000e+02	1.070000000000000000e+05	2.371104605194087611e+01
1.080000000000000000e+02	1.080000000000000000e+05	2.403611041865156750e+01
1.090000000000000000e+02	1.090000000000000000e+05	2.434664770317501947e+01
1.100000000000000000e+02	1.100000000000000000e+05	2.430261788989706062e+01
1.110000000000000000e+02	1.110000000000000000e+05	2.456650332096597822e+01
1.120000000000000000e+02	1.120000000000000000e+05	2.483390605924808270e+01
1.130000000000000000e+02	1.130000000000000000e+05	2.511925838396041755e+01
1.140000000000000000e+02	1.140000000000000000e+05	2.530715713906795727e+01
1.150000000000000000e+02	1.150000000000000000e+05	2.556027372679765008e+01
1.160000000000000000e+02	1.160000000000000000e+05	2.554394776060708594e+01
1.170000000000000000e+02	1.170000000000000000e+05	2.566857663157823666e+01
1.180000000000000000e+02	1.180000000000000000e+05	2.541029334313753907e+01
1.190000000000000000e+02	1.190000000000000000e+05	2.570336898551880367e+01
1.200000000000000000e+02	1.200000000000000000e+05	2.573430552862098253e+01
1.210000000000000000e+02	1.210000000000000000e+05	2.582708874800336929e+01
1.220000000000000000e+02	1.220000000000000000e+05	2.559586254849111597e+01
1.230000000000000000e+02	1.230000000000000000e+05	2.542374375666931385e+01
1.240000000000000000e+02	1.240000000000000000e+05	2.575431318817473070e+01
1.250000000000000000e+02	1.250000000000000000e+05	2.588318102822642075e+01
1.260000000000000000e+02	1.260000000000000000e+05	2.608668740936824193e+01
1.270000000000000000e+02	1.270000000000000000e+05	2.619404184174353034e+01
1.280000000000000000e+02	1.280000000000000000e+05	2.622459925121204449e+01
1.290000000000000000e+02	1.290000000000000000e+05	2.634323311618810592e+01
1.300000000000000000e+02	1.300000000000000000e+05	2.656817810332450946e+01
1.310000000000000000e+02	1.310000000000000000e+05	2.674385608220684674e+01
1.320000000000000000e+02	1.320000000000000000e+05	2.683360858080828848e+01
1.330000000000000000e+02	1.330000000000000000e+05	2.694336214199325852e+01
1.340000000000000000e+02	1.340000000000000000e+05	2.716623809196146766e+01
1.350000000000000000e+02	1.350000000000000000e+05	2.726121318965096663e+01
1.360000000000000000e+02	1.360000000000000000e+05	2.728564628314382645e+01
1.370000000000000000e+02	1.370000000000000000e+05	2.737222176373533244e+01
1.380000000000000000e+02	1.380000000000000000e+05	2.740818889820891968e+01
1.390000000000000000e+02	1.390000000000000000e+05	2.766861055948815462e+01
1.400000000000000000e+02	1.400000000000000000e+05	2.767068247720896679e+01
1.410000000000000000e+02	1.410000000000000000e+05	2.802777587376675683e+01
1.420000000000000000e+02	1.420000000000000000e+05	2.822463625318202318e+01
1.430000000000000000e+02	1.430000000000000000e+05	2.809935488629194822e+01
1.440000000000000000e+02	1.440000000000000000e+05	2.807639293199053299e+01
1.450000000000000000e+02	1.450000000000000000e+05	2.839138175668557196e+01
1.460000000000000000e+02	1.460000000000000000e+05	2.866075232309815846e+01
1.470000000000000000e+02	1.470000000000000000e+05	2.880476806425082970e+01
1.480000000000000000e+02	1.480000000000000000e+05	2.892707297970758873e+01
1.490000000000000000e+02	1.490000000000000000e+05	2.913615113101751675e+01
1.500000000000000000e+02	1.500000000000000000e+05	2.918537493350191525e+01
1.510000000000000000e+02	1.510000000000000000e+05	2.929896511826739669e+01
1.520000000000000000e+02	1.520000000000000000e+05	2.926131810513122389e+01
1.530000000000000000e+02	1.530000000000000000e+05	2.907349055013988348e+01
1.540000000000000000e+02	1.540000000000000000e+05	2.921873557744521221e+01
1.550000000000000000e+02	1.550000000000000000e+05	2.942340702627841509e+01
1.560000000000000000e+02	1.560000000000000000e+05	2.960661063120264558e+01
1.570000000000000000e+02	1.570000000000000000e+05	2.975435043050082839e+01
1.580000000000000000e+02	1.580000000000000000e+05	3.001993569092889302e+01
1.590000000000000000e+02	1.590000000000000000e+05	2.996684307187536334e+01
1.600000000000000000e+02	1.600000000000000000e+05	3.005042211542834707e+01
1.610000000000000000e+02	1.610000000000000000e+05	2.998260228663247773e+01
1.620000000000000000e+02	1.620000000000000000e+05	3.021806548371801782e+01
1.630000000000000000e+02	1.630000000000000000e+05	3.048550437846740024e+01
1.640000000000000000e+02	1.640000000000000000e+05	3.051257798832032719e+01
1.650000000000000000e+02	1.650000000000000000e+05	3.081392082867512272e+01
1.660000000000000000e+02	1.660000000000000000e+05	3.085959610546952092e+01
1.670000000000000000e+02	1.670000000000000000e+05	3.094336957931729160e+01
1.680000000000000000e+02	1.680000000000000000e+05	3.116661904513331649e+01
1.690000000000000000e+02	1.690000000000000000e+05	3.160578878832754413e+01
1.700000000000000000e+02	1.700000000000000000e+05	3.181249525713189996e+01
1.710000000000000000e+02	1.710000000000000000e+05	3.204517567288647939e+01
1.720000000000000000e+02	1.720000000000000000e+05	3.244306246414745232e+01
1.730000000000000000e+02	1.730000000000000000e+05	3.255291781578088717e+01
1.740000000000000000e+02	1.740000000000000000e+05	3.259534458637606491e+01
1.750000000000000000e+02	1.750000000000000000e+05	3.256679366718332602e+01
1.760000000000000000e+02	1.760000000000000000e+05	3.263535335720298747e+01
1.770000000000000000e+02	1.770000000000000000e+05	3.278411278484897906e+01
1.780000000000000000e+02	1.780000000000000000e+05	3.272498804115200244e+01
1.790000000000000000e+02	1.790000000000000000e+05	3.262137402834144240e+01
1.800000000000000000e+02	1.800000000000000000e+05	3.275383663226161701e+01
1.810000000000000000e+02	1.810000000000000000e+05	3.314725011954810441e+01
1.820000000000000000e+02	1.820000000000000000e+05	3.308640479344843044e+01
1.830000000000000000e+02	1.830000000000000000e+05	3.326983510074746420e+01
1.840000000000000000e+02	1.840000000000000000e+05	3.355247112909810170e+01
1.850000000000000000e+02	1.850000000000000000e+05	3.379921856973992789e+01
1.860000000000000000e+02	1.860000000000000000e+05	3.388416140084324724e+01
1.870000000000000000e+02	1.870000000000000000e+05	3.408752142037799615e+01
1.880000000000000000e+02	1.880000000000000000e+05	3.435795006286718234e+01
1.890000000000000000e+02	1.890000000000000000e+05	3.426665296527833959e+01
1.900000000000000000e+02	1.900000000000000000e+05	3.422435473641770898e+01
1.910000000000000000e+02	1.910000000000000000e+05	3.414178323815927740e+01
1.920000000000000000e+02	1.920000000000000000e+05	3.395182915974345406e+01
1.930000000000000000e+02	1.930000000000000000e+05	3.400251044549705171e+01
1.940000000000000000e+02	1.940000000000000000e+05	3.405045122180402473e+01
1.950000000000000000e+02	1.950000000000000000e+05	3.451305068190148972e+01
1.960000000000000000e+02	1.960000000000000000e+05	3.444444328057153371e+01
1.970000000000000000e+02	1.970000000000000000e+05	3.473260991533896203e+01
1.980000000000000000e+02	1.980000000000000000e+05	3.460920072072292442e+01
1.990000000000000000e+02	1.990000000000000000e+05	3.490263584258691765e+01
2.000000000000000000e+02	2.000000000000000000e+05	3.500286321213719276e+01
