0.000000000000000000e+00	0.000000000000000000e+00	2.372198713185033305e-06
1.000000000000000000e+00	1.000000000000000000e+03	2.199997298839542648e+00
2.000000000000000000e+00	2.000000000000000000e+03	3.256688404045153362e+00
3.000000000000000000e+00	3.000000000000000000e+03	4.184514156758494252e+00
4.000000000000000000e+00	4.000000000000000000e+03	4.926519997609249302e+00
5.000000000000000000e+00	5.000000000000000000e+03	5.476630713932112648e+00
6.000000000000000000e+00	6.000000000000000000e+03	6.403686262966832743e+00
7.000000000000000000e+00	7.000000000000000000e+03	6.929071866800798674e+00
8.000000000000000000e+00	8.000000000000000000e+03	7.513800141581620906e+00
9.000000000000000000e+00	9.000000000000000000e+03	7.958745269905518782e+00
1.000000000000000000e+01	1.000000000000000000e+04	8.681284390884840718e+00
1.100000000000000000e+01	1.100000000000000000e+04	9.118051417771917855e+00
1.200000000000000000e+01	1.200000000000000000e+04	9.439760095286839459e+00
1.300000000000000000e+01	1.300000000000000000e+04	9.810010415928644534e+00
1.400000000000000000e+01	1.400000000000000000e+04	1.035291897345773648e+01
1.500000000000000000e+01	1.500000000000000000e+04	1.068036176804018567e+01
1.600000000000000000e+01	1.600000000000000000e+04	1.097557905392330646e+01
1.700000000000000000e+01	1.700000000000000000e+04	1.136829578454121936e+01
1.800000000000000000e+01	1.800000000000000000e+04	1.173496494043699023e+01
1.900000000000000000e+01	1.900000000000000000e+04	1.214903870006038922e+01
2.000000000000000000e+01	2.000000000000000000e+04	1.248609338457629114e+01
2.100000000000000000e+01	2.100000000000000000e+04	1.310923376478507585e+01
2.200000000000000000e+01	2.200000000000000000e+04	1.329507875187625743e+01
2.300000000000000000e+01	2.300000000000000000e+04	1.378230564586874962e+01
2.400000000000000000e+01	2.400000000000000000e+04	1.390900093746054900e+01
2.500000000000000000e+01	2.500000000000000000e+04	1.396485264500634926e+01
2.600000000000000000e+01	2.600000000000000000e+04	1.424729436202976096e+01
2.700000000000000000e+01	2.700000000000000000e+04	1.454739946662423655e+01
2.800000000000000000e+01	2.800000000000000000e+04	1.480039202305349200e+01
2.900000000000000000e+01	2.900000000000000000e+04	1.495529961578905365e+01
3.000000000000000000e+01	3.000000000000000000e+04	1.530113832287648634e+01
3.100000000000000000e+01	3.100000000000000000e+04	1.542758613527268707e+01
3.200000000000000000e+01	3.200000000000000000e+04	1.578726867266132317e+01
3.300000000000000000e+01	3.300000000000000000e+04	1.608027668109992092e+01
3.400000000000000000e+01	3.400000000000000000e+04	1.647789163695177095e+01
3.500000000000000000e+01	3.500000000000000000e+04	1.677500536711346868e+01
3.600000000000000000e+01	3.600000000000000000e+04	1.727412301433195552e+01
3.700000000000000000e+01	3.700000000000000000e+04	1.756925163716857696e+01
3.800000000000000000e+01	3.800000000000000000e+04	1.787954238164851262e+01
3.900000000000000000e+01	3.900000000000000000e+04	1.806172383094957468e+01
4.000000000000000000e+01	4.000000000000000000e+04	1.816341055891735223e+01
4.100000000000000000e+01	4.100000000000000000e+04	1.819828067986644982e+01
4.200000000000000000e+01	4.200000000000000000e+04	1.805248325183842795e+01
4.300000000000000000e+01	4.300000000000000000e+04	1.811975491488134793e+01
4.400000000000000000e+01	4.400000000000000000e+04	1.830383519381397051e+01
4.500000000000000000e+01	4.500000000000000000e+04	1.846165582823844531e+01
4.600000000000000000e+01	4.600000000000000000e+04	1.851977695100843135e+01
4.700000000000000000e+01	4.700000000000000000e+04	1.862769993888743159e+01
4.800000000000000000e+01	4.800000000000000000e+04	1.867490465958596957e+01
4.900000000000000000e+01	4.900000000000000000e+04	1.874855848530180324e+01
5.000000000000000000e+01	5.000000000000000000e+04	1.879808029074496289e+01
5.100000000000000000e+01	5.100000000000000000e+04	1.865813873164959702e+01
5.200000000000000000e+01	5.200000000000000000e+04	1.868810706070693684e+01
5.300000000000000000e+01	5.300000000000000000e+04	1.882933607876060123e+01
5.400000000000000000e+01	5.400000000000000000e+04	1.923219831811781333e+01
5.500000000000000000e+01	5.500000000000000000e+04	1.942149237754500746e+01
5.600000000000000000e+01	5.600000000000000000e+04	1.958996215976194932e+01
5.700000000000000000e+01	5.700000000000000000e+04	1.963777737746122654e+01
5.800000000000000000e+01	5.800000000000000000e+04	1.975602159884719100e+01
5.900000000000000000e+01	5.900000000000000000e+04	2.005099815079161729e+01
6.000000000000000000e+01	6.000000000000000000e+04	2.027916363669030275e+01
6.100000000000000000e+01	6.100000000000000000e+04	2.046672098428681608e+01
6.200000000000000000e+01	6.200000000000000000e+04	2.056989551541904859e+01
6.300000000000000000e+01	6.300000000000000000e+04	2.051627073849861915e+01
6.400000000000000000e+01	6.400000000000000000e+04	2.075028995267539855e+01
6.500000000000000000e+01	6.500000000000000000e+04	2.077332643317638627e+01
6.600000000000000000e+01	6.600000000000000000e+04	2.096831081330022784e+01
6.700000000000000000e+01	6.700000000000000000e+04	2.111100552030760014e+01
6.800000000000000000e+01	6.800000000000000000e+04	2.106200881884841536e+01
6.900000000000000000e+01	6.900000000000000000e+04	2.076828125505117129e+01
7.000000000000000000e+01	7.000000000000000000e+04	2.097954797332264576e+01
7.100000000000000000e+01	7.100000000000000000e+04	2.127959640150547216e+01
7.200000000000000000e+01	7.200000000000000000e+04	2.156393923056675632e+01
7.300000000000000000e+01	7.300000000000000000e+04	2.157982623090178009e+01
7.400000000000000000e+01	7.400000000000000000e+04	2.181614566098053487e+01
7.500000000000000000e+01	7.500000000000000000e+04	2.178844043250452955e+01
7.600000000000000000e+01	7.600000000000000000e+04	2.185161365645879172e+01
7.700000000000000000e+01	7.700000000000000000e+04	2.204907902505413375e+01
7.800000000000000000e+01	7.800000000000000000e+04	2.231602479238430092e+01
7.900000000000000000e+01	7.900000000000000000e+04	2.263070786907863408e+01
8.000000000000000000e+01	8.000000000000000000e+04	2.262454925657946703e+01
8.100000000000000000e+01	8.100000000000000000e+04	2.264802285105923829e+01
8.200000000000000000e+01	8.200000000000000000e+04	2.277867152388812144e+01
8.300000000000000000e+01	8.300000000000000000e+04	2.283329217651014531e+01
8.400000000000000000e+01	8.400000000000000000e+04	2.296579007535131467e+01
8.500000000000000000e+01	8.500000000000000000e+04	2.322649967126742965e+01
8.600000000000000000e+01	8.600000000000000000e+04	2.321590235852850626e+01
8.700000000000000000e+01	8.700000000000000000e+04	2.314840240896858603e+01
8.800000000000000000e+01	8.800000000000000000e+04	2.317416174986790978e+01
8.900000000000000000e+01	8.900000000000000000e+04	2.329128397306401155e+01
9.000000000000000000e+01	9.000000000000000000e+04	2.301590034340271274e+01
9.100000000000000000e+01	9.100000000000000000e+04	2.315004075961055463e+01
9.200000000000000000e+01	9.200000000000000000e+04	2.319931529942130055e+01
9.300000000000000000e+01	9.300000000000000000e+04	2.337504310391318896e+01
9.400000000000000000e+01	9.400000000000000000e+04	2.351282266853684177e+01
9.500000000000000000e+01	9.500000000000000000e+04	2.372910780934912367e+01
9.600000000000000000e+01	9.600000000000000000e+04	2.403454021329064361e+01
9.700000000000000000e+01	9.700000000000000000e+04	2.422256653854790542e+01
9.800000000000000000e+01	9.800000000000000000e+04	2.440222694876834097e+01
9.900000000000000000e+01	9.900000000000000000e+04	2.444981192541131421e+01
1.000000000000000000e+02	1.000000000000000000e+05	2.445490316716061940e+01
1.010000000000000000e+02	1.010000000000000000e+05	2.443163567697546412e+01
1.020000000000000000e+02	1.020000000000000000e+05	2.478898089764497925e+01
1.030000000000000000e+02	1.030000000000000000e+05	2.502307510501386645e+01
1.040000000000000000e+02	1.040000000000000000e+05	2.548212971133350990e+01
1.050000000000000000e+02	1.050000000000000000e+05	2.571767907750625071e+01
1.060000000000000000e+02	1.060000000000000000e+05	2.602933105456479979e+01
1.070000000000000000e+02	1.070000000000000000e+05	2.620555982478729362e+01
1.080000000000000000e+02	1.080000000000000000e+05	2.662891599415193511e+01
1.090000000000000000e+02	1.090000000000000000e+05	2.684687075991492122e+01
1.100000000000000000e+02	1.100000000000000000e+05	2.706331053335694747e+01
1.110000000000000000e+02	1.110000000000000000e+05	2.751684560978744543e+01
1.120000000000000000e+02	1.120000000000000000e+05	2.814281728199452814e+01
1.130000000000000000e+02	1.130000000000000000e+05	2.833718965493885378e+01
1.140000000000000000e+02	1.140000000000000000e+05	2.857678382300082731e+01
1.150000000000000000e+02	1.150000000000000000e+05	2.910211231139400923e+01
1.160000000000000000e+02	1.160000000000000000e+05	2.958001083361531514e+01
1.170000000000000000e+02	1.170000000000000000e+05	3.004559027863608023e+01
1.180000000000000000e+02	1.180000000000000000e+05	3.037167399138857604e+01
1.190000000000000000e+02	1.190000000000000000e+05	3.060059121388643533e+01
1.200000000000000000e+02	1.200000000000000000e+05	3.085533630756770407e+01
1.210000000000000000e+02	1.210000000000000000e+05	3.112028920004544474e+01
1.220000000000000000e+02	1.220000000000000000e+05	3.117394945738577761e+01
1.230000000000000000e+02	1.230000000000000000e+05	3.144557137540514091e+01
1.240000000000000000e+02	1.240000000000000000e+05	3.169073111625872130e+01
1.250000000000000000e+02	1.250000000000000000e+05	3.192009342142936745e+01
1.260000000000000000e+02	1.260000000000000000e+05	3.202989437208754708e+01
1.270000000000000000e+02	1.270000000000000000e+05	3.222993987973745789e+01
1.280000000000000000e+02	1.280000000000000000e+05	3.231435854171635924e+01
1.290000000000000000e+02	1.290000000000000000e+05	3.237884280551014626e+01
1.300000000000000000e+02	1.300000000000000000e+05	3.237197218546837973e+01
1.310000000000000000e+02	1.310000000000000000e+05	3.256018146684916559e+01
1.320000000000000000e+02	1.320000000000000000e+05	3.257079206817110162e+01
1.330000000000000000e+02	1.330000000000000000e+05	3.260604623031857585e+01
1.340000000000000000e+02	1.340000000000000000e+05	3.264480580816650246e+01
1.350000000000000000e+02	1.350000000000000000e+05	3.264855338556277076e+01
1.360000000000000000e+02	1.360000000000000000e+05	3.269346005218883278e+01
1.370000000000000000e+02	1.370000000000000000e+05	3.276016081052546269e+01
1.380000000000000000e+02	1.380000000000000000e+05	3.279512014923937357e+01
1.390000000000000000e+02	1.390000000000000000e+05	3.287534615400156213e+01
1.400000000000000000e+02	1.400000000000000000e+05	3.306373782689453122e+01
1.410000000000000000e+02	1.410000000000000000e+05	3.324957038282440180e+01
1.420000000000000000e+02	1.420000000000000000e+05	3.329603099942947608e+01
1.430000000000000000e+02	1.430000000000000000e+05	3.324657904407909825e+01
1.440000000000000000e+02	1.440000000000000000e+05	3.321760478839471631e+01
1.450000000000000000e+02	1.450000000000000000e+05	3.330450721436670847e+01
1.460000000000000000e+02	1.460000000000000000e+05	3.350597756607710664e+01
1.470000000000000000e+02	1.470000000000000000e+05	3.354043538525471746e+01
1.480000000000000000e+02	1.480000000000000000e+05	3.363223890860036391e+01
1.490000000000000000e+02	1.490000000000000000e+05	3.378841565258072421e+01
1.500000000000000000e+02	1.500000000000000000e+05	3.375251915645658585e+01
1.510000000000000000e+02	1.510000000000000000e+05	3.383892642685110275e+01
1.520000000000000000e+02	1.520000000000000000e+05	3.402157976921511562e+01
1.530000000000000000e+02	1.530000000000000000e+05	3.421022846273199747e+01
1.540000000000000000e+02	1.540000000000000000e+05	3.433657906723200171e+01
1.550000000000000000e+02	1.550000000000000000e+05	3.440581566803941627e+01
1.560000000000000000e+02	1.560000000000000000e+05	3.445194175223781485e+01
1.570000000000000000e+02	1.570000000000000000e+05	3.459165486249779775e+01
1.580000000000000000e+02	1.580000000000000000e+05	3.482362335074689241e+01
1.590000000000000000e+02	1.590000000000000000e+05	3.496519276546548838e+01
1.600000000000000000e+02	1.600000000000000000e+05	3.490197004073913689e+01
1.610000000000000000e+02	1.610000000000000000e+05	3.491329550907480694e+01
1.620000000000000000e+02	1.620000000000000000e+05	3.483021319696779727e+01
1.630000000000000000e+02	1.630000000000000000e+05	3.479371963578606142e+01
1.640000000000000000e+02	1.640000000000000000e+05	3.487617510096307427e+01
1.650000000000000000e+02	1.650000000000000000e+05	3.505666524499629588e+01
1.660000000000000000e+02	1.660000000000000000e+05	3.513134771801036038e+01
1.670000000000000000e+02	1.670000000000000000e+05	3.511151577702014492e+01
1.680000000000000000e+02	1.680000000000000000e+05	3.521611755363088037e+01
1.690000000000000000e+02	1.690000000000000000e+05	3.526403588773997910e+01
1.700000000000000000e+02	1.700000000000000000e+05	3.539787747828016506e+01
1.710000000000000000e+02	1.710000000000000000e+05	3.547137874706900362e+01
1.720000000000000000e+02	1.720000000000000000e+05	3.560455259375372350e+01
1.730000000000000000e+02	1.730000000000000000e+05	3.565104076555637391e+01
1.740000000000000000e+02	1.740000000000000000e+05	3.588530017263353500e+01
1.750000000000000000e+02	1.750000000000000000e+05	3.589794835397021444e+01
1.760000000000000000e+02	1.760000000000000000e+05	3.595204785058791686e+01
1.770000000000000000e+02	1.770000000000000000e+05	3.614876394644559099e+01
1.780000000000000000e+02	1.780000000000000000e+05	3.627332770204701262e+01
1.790000000000000000e+02	1.790000000000000000e+05	3.639593422000977796e+01
1.800000000000000000e+02	1.800000000000000000e+05	3.654722944065971291e+01
1.810000000000000000e+02	1.810000000000000000e+05	3.659037790281577429e+01
1.820000000000000000e+02	1.820000000000000000e+05	3.649904320658905021e+01
1.830000000000000000e+02	1.830000000000000000e+05	3.663792886643725666e+01
1.840000000000000000e+02	1.840000000000000000e+05	3.682050121858111424e+01
1.850000000000000000e+02	1.850000000000000000e+05	3.698396314620431724e+01
1.860000000000000000e+02	1.860000000000000000e+05	3.685207139167052048e+01
1.870000000000000000e+02	1.870000000000000000e+05	3.688806430285283966e+01
1.880000000000000000e+02	1.880000000000000000e+05	3.688863075661404878e+01
1.890000000000000000e+02	1.890000000000000000e+05	3.697336875989088867e+01
1.900000000000000000e+02	1.900000000000000000e+05	3.707172966472520415e+01
1.910000000000000000e+02	1.910000000000000000e+05	3.698839243833450041e+01
1.920000000000000000e+02	1.920000000000000000e+05	3.702195332591320920e+01
1.930000000000000000e+02	1.930000000000000000e+05	3.717989282627364389e+01
1.940000000000000000e+02	1.940000000000000000e+05	3.746932795456132226e+01
1.950000000000000000e+02	1.950000000000000000e+05	3.766731665138530616e+01
1.960000000000000000e+02	1.960000000000000000e+05	3.780851305403372464e+01
1.970000000000000000e+02	1.970000000000000000e+05	3.777098506116640664e+01
1.980000000000000000e+02	1.980000000000000000e+05	3.784932641804304865e+01
1.990000000000000000e+02	1.990000000000000000e+05	3.786155998117424559e+01
2.000000000000000000e+02	2.000000000000000000e+05	3.794033777209166658e+01
2.010000000000000000e+02	2.010000000000000000e+05	3.796697709536783805e+01
2.020000000000000000e+02	2.020000000000000000e+05	3.800331366205143979e+01
2.030000000000000000e+02	2.030000000000000000e+05	3.802391329677814014e+01
2.040000000000000000e+02	2.040000000000000000e+05	3.828672304261142756e+01
2.050000000000000000e+02	2.050000000000000000e+05	3.824159468476889145e+01
2.060000000000000000e+02	2.060000000000000000e+05	3.822201215262831653e+01
2.070000000000000000e+02	2.070000000000000000e+05	3.829546781446568104e+01
2.080000000000000000e+02	2.080000000000000000e+05	3.853375768553655689e+01
2.090000000000000000e+02	2.090000000000000000e+05	3.868799617748409503e+01
2.100000000000000000e+02	2.100000000000000000e+05	3.867490163095764899e+01
2.110000000000000000e+02	2.110000000000000000e+05	3.872045478119488138e+01
2.120000000000000000e+02	2.120000000000000000e+05	3.880098907162189192e+01
2.130000000000000000e+02	2.130000000000000000e+05	3.879192160829931879e+01
2.140000000000000000e+02	2.140000000000000000e+05	3.881662939942534507e+01
2.150000000000000000e+02	2.150000000000000000e+05	3.887796775703246510e+01
2.160000000000000000e+02	2.160000000000000000e+05	3.912749532300102118e+01
2.170000000000000000e+02	2.170000000000000000e+05	3.912322923967040822e+01
2.180000000000000000e+02	2.180000000000000000e+05	3.928975290614221194e+01
2.190000000000000000e+02	2.190000000000000000e+05	3.921788928388720308e+01
2.200000000000000000e+02	2.200000000000000000e+05	3.931397792291322446e+01
2.210000000000000000e+02	2.210000000000000000e+05	3.932554680809729319e+01
2.220000000000000000e+02	2.220000000000000000e+05	3.935473014253453528e+01
2.230000000000000000e+02	2.230000000000000000e+05	3.935750532008539437e+01
2.240000000000000000e+02	2.240000000000000000e+05	3.937744950620010798e+01
2.250000000000000000e+02	2.250000000000000000e+05	3.944365824857936786e+01
2.260000000000000000e+02	2.260000000000000000e+05	3.949953573090589032e+01
2.270000000000000000e+02	2.270000000000000000e+05	3.949037345716378411e+01
2.280000000000000000e+02	2.280000000000000000e+05	3.942372101218833791e+01
2.290000000000000000e+02	2.290000000000000000e+05	3.955735792655290339e+01
2.300000000000000000e+02	2.300000000000000000e+05	3.939240217312617176e+01
2.310000000000000000e+02	2.310000000000000000e+05	3.934657828670064816e+01
2.320000000000000000e+02	2.320000000000000000e+05	3.943401294031428961e+01
2.330000000000000000e+02	2.330000000000000000e+05	3.973684185731016072e+01
2.340000000000000000e+02	2.340000000000000000e+05	3.978245383869608531e+01
2.350000000000000000e+02	2.350000000000000000e+05	3.988984483081732435e+01
2.360000000000000000e+02	2.360000000000000000e+05	3.969376507695240974e+01
2.370000000000000000e+02	2.370000000000000000e+05	3.960712390051860865e+01
2.380000000000000000e+02	2.380000000000000000e+05	3.970387596000986719e+01
2.390000000000000000e+02	2.390000000000000000e+05	3.954343758614850657e+01
2.400000000000000000e+02	2.400000000000000000e+05	3.967067518459479203e+01
2.410000000000000000e+02	2.410000000000000000e+05	3.956236088328815015e+01
2.420000000000000000e+02	2.420000000000000000e+05	3.962711358882734913e+01
2.430000000000000000e+02	2.430000000000000000e+05	3.986707623572483072e+01
2.440000000000000000e+02	2.440000000000000000e+05	4.001255045643210195e+01
2.450000000000000000e+02	2.450000000000000000e+05	4.012637224750113774e+01
2.460000000000000000e+02	2.460000000000000000e+05	4.018414977950831712e+01
2.470000000000000000e+02	2.470000000000000000e+05	4.037297151842962251e+01
2.480000000000000000e+02	2.480000000000000000e+05	4.070413717843437951e+01
2.490000000000000000e+02	2.490000000000000000e+05	4.081623830712165812e+01
2.500000000000000000e+02	2.500000000000000000e+05	4.093857954567960178e+01
2.510000000000000000e+02	2.510000000000000000e+05	4.110146915053481109e+01
2.520000000000000000e+02	2.520000000000000000e+05	4.113382503339682472e+01
2.530000000000000000e+02	2.530000000000000000e+05	4.128543583292849206e+01
2.540000000000000000e+02	2.540000000000000000e+05	4.123055311337978424e+01
2.550000000000000000e+02	2.550000000000000000e+05	4.143127990316529718e+01
2.560000000000000000e+02	2.560000000000000000e+05	4.160457025497033356e+01
2.570000000000000000e+02	2.570000000000000000e+05	4.161421420863998577e+01
2.580000000000000000e+02	2.580000000000000000e+05	4.193593101127036249e+01
2.590000000000000000e+02	2.590000000000000000e+05	4.177631998326157259e+01
2.600000000000000000e+02	2.600000000000000000e+05	4.164344471856862384e+01
2.610000000000000000e+02	2.610000000000000000e+05	4.173775771130925705e+01
2.620000000000000000e+02	2.620000000000000000e+05	4.192167119412092546e+01
2.630000000000000000e+02	2.630000000000000000e+05	4.209819361729230991e+01
2.640000000000000000e+02	2.640000000000000000e+05	4.202126693116237988e+01
2.650000000000000000e+02	2.650000000000000000e+05	4.213706678133734584e+01
2.660000000000000000e+02	2.660000000000000000e+05	4.210619157930116074e+01
2.670000000000000000e+02	2.670000000000000000e+05	4.225140152054240161e+01
2.680000000000000000e+02	2.680000000000000000e+05	4.227984924229168939e+01
2.690000000000000000e+02	2.690000000000000000e+05	4.242103165946406307e+01
2.700000000000000000e+02	2.700000000000000000e+05	4.236379469712778700e+01
2.710000000000000000e+02	2.710000000000000000e+05	4.251140334821941025e+01
2.720000000000000000e+02	2.720000000000000000e+05	4.269103003875308389e+01
2.730000000000000000e+02	2.730000000000000000e+05	4.295122004452607456e+01
2.740000000000000000e+02	2.740000000000000000e+05	4.286458757024583122e+01
2.750000000000000000e+02	2.750000000000000000e+05	4.299000199988542903e+01
2.760000000000000000e+02	2.760000000000000000e+05	4.300209909551064413e+01
2.770000000000000000e+02	2.770000000000000000e+05	4.300960264961283031e+01
2.780000000000000000e+02	2.780000000000000000e+05	4.321091888728638253e+01
2.790000000000000000e+02	2.790000000000000000e+05	4.317809180635765642e+01
2.800000000000000000e+02	2.800000000000000000e+05	4.309442109741083726e+01
2.810000000000000000e+02	2.810000000000000000e+05	4.324177430975655767e+01
2.820000000000000000e+02	2.820000000000000000e+05	4.329585515344006552e+01
2.830000000000000000e+02	2.830000000000000000e+05	4.324915293979961461e+01
2.840000000000000000e+02	2.840000000000000000e+05	4.317674674288598169e+01
2.850000000000000000e+02	2.850000000000000000e+05	4.317939017200567520e+01
2.860000000000000000e+02	2.860000000000000000e+05	4.319240107144494800e+01
2.870000000000000000e+02	2.870000000000000000e+05	4.330682865194493303e+01
2.880000000000000000e+02	2.880000000000000000e+05	4.343940571705310560e+01
2.890000000000000000e+02	2.890000000000000000e+05	4.362241240470670789e+01
2.900000000000000000e+02	2.900000000000000000e+05	4.375504762224812794e+01
2.910000000000000000e+02	2.910000000000000000e+05	4.376053891507708471e+01
2.920000000000000000e+02	2.920000000000000000e+05	4.373670558566082178e+01
2.930000000000000000e+02	2.930000000000000000e+05	4.381891100302335218e+01
2.940000000000000000e+02	2.940000000000000000e+05	4.378204245516625548e+01
2.950000000000000000e+02	2.950000000000000000e+05	4.370074302964558655e+01
2.960000000000000000e+02	2.960000000000000000e+05	4.371326197772999222e+01
2.970000000000000000e+02	2.970000000000000000e+05	4.381945723799333337e+01
2.980000000000000000e+02	2.980000000000000000e+05	4.397195737665936832e+01
2.990000000000000000e+02	2.990000000000000000e+05	4.386702654933932166e+01
3.000000000000000000e+02	3.000000000000000000e+05	4.407423063379037131e+01
3.010000000000000000e+02	3.010000000000000000e+05	4.411508375196720522e+01
3.020000000000000000e+02	3.020000000000000000e+05	4.441259900250700809e+01
3.030000000000000000e+02	3.030000000000000000e+05	4.455342661011470540e+01
3.040000000000000000e+02	3.040000000000000000e+05	4.456449725414280039e+01
3.050000000000000000e+02	3.050000000000000000e+05	4.472751604458380825e+01
3.060000000000000000e+02	3.060000000000000000e+05	4.477894191480588404e+01
3.070000000000000000e+02	3.070000000000000000e+05	4.487388628207296648e+01
3.080000000000000000e+02	3.080000000000000000e+05	4.492408465059261857e+01
3.090000000000000000e+02	3.090000000000000000e+05	4.498636330635187619e+01
3.100000000000000000e+02	3.100000000000000000e+05	4.496720763179177993e+01
3.110000000000000000e+02	3.110000000000000000e+05	4.511682833344936228e+01
3.120000000000000000e+02	3.120000000000000000e+05	4.509586240944823743e+01
3.130000000000000000e+02	3.130000000000000000e+05	4.509293894970321048e+01
3.140000000000000000e+02	3.140000000000000000e+05	4.511999156285152424e+01
3.150000000000000000e+02	3.150000000000000000e+05	4.538979992351336534e+01
3.160000000000000000e+02	3.160000000000000000e+05	4.546509853971155479e+01
3.170000000000000000e+02	3.170000000000000000e+05	4.567689480087419440e+01
3.180000000000000000e+02	3.180000000000000000e+05	4.555226706034830642e+01
3.190000000000000000e+02	3.190000000000000000e+05	4.554710136588094826e+01
3.200000000000000000e+02	3.200000000000000000e+05	4.584724237992136153e+01
3.210000000000000000e+02	3.210000000000000000e+05	4.601478490771742003e+01
3.220000000000000000e+02	3.220000000000000000e+05	4.617719981953910491e+01
3.230000000000000000e+02	3.230000000000000000e+05	4.609101536744948646e+01
3.240000000000000000e+02	3.240000000000000000e+05	4.634257314210876899e+01
3.250000000000000000e+02	3.250000000000000000e+05	4.630349521868274820e+01
3.260000000000000000e+02	3.260000000000000000e+05	4.640241879142355685e+01
3.270000000000000000e+02	3.270000000000000000e+05	4.639686379203676836e+01
3.280000000000000000e+02	3.280000000000000000e+05	4.670196498301935861e+01
3.290000000000000000e+02	3.290000000000000000e+05	4.674874367176375500e+01
3.300000000000000000e+02	3.300000000000000000e+05	4.686838181540667847e+01
3.310000000000000000e+02	3.310000000000000000e+05	4.700669097066267454e+01
3.320000000000000000e+02	3.320000000000000000e+05	4.709478674057276493e+01
3.330000000000000000e+02	3.330000000000000000e+05	4.714054184413704007e+01
3.340000000000000000e+02	3.340000000000000000e+05	4.723106794371427242e+01
3.350000000000000000e+02	3.350000000000000000e+05	4.724729809302011319e+01
3.360000000000000000e+02	3.360000000000000000e+05	4.719162586505145640e+01
3.370000000000000000e+02	3.370000000000000000e+05	4.731579136748197811e+01
3.380000000000000000e+02	3.380000000000000000e+05	4.753925093987044193e+01
3.390000000000000000e+02	3.390000000000000000e+05	4.761093173318410976e+01
3.400000000000000000e+02	3.400000000000000000e+05	4.788478721020325679e+01
3.410000000000000000e+02	3.410000000000000000e+05	4.809389367510079438e+01
3.420000000000000000e+02	3.420000000000000000e+05	4.820161576507701540e+01
3.430000000000000000e+02	3.430000000000000000e+05	4.832982641788221656e+01
3.440000000000000000e+02	3.440000000000000000e+05	4.844111799570855936e+01
3.450000000000000000e+02	3.450000000000000000e+05	4.858892374836293726e+01
3.460000000000000000e+02	3.460000000000000000e+05	4.855278928719248910e+01
3.470000000000000000e+02	3.470000000000000000e+05	4.863126710328016600e+01
3.480000000000000000e+02	3.480000000000000000e+05	4.875162862455403712e+01
3.490000000000000000e+02	3.490000000000000000e+05	4.899559671572510666e+01
3.500000000000000000e+02	3.500000000000000000e+05	4.907760953647914448e+01
3.510000000000000000e+02	3.510000000000000000e+05	4.919774989851552505e+01
3.520000000000000000e+02	3.520000000000000000e+05	4.931139716318737953e+01
3.530000000000000000e+02	3.530000000000000000e+05	4.953609884073357250e+01
3.540000000000000000e+02	3.540000000000000000e+05	4.950817980459753187e+01
3.550000000000000000e+02	3.550000000000000000e+05	4.956219711710721754e+01
3.560000000000000000e+02	3.560000000000000000e+05	4.963864526383540010e+01
3.570000000000000000e+02	3.570000000000000000e+05	4.946031545702404486e+01
3.580000000000000000e+02	3.580000000000000000e+05	4.953793083544174181e+01
3.590000000000000000e+02	3.590000000000000000e+05	4.965503341276106397e+01
3.600000000000000000e+02	3.600000000000000000e+05	4.982402566671400024e+01
3.610000000000000000e+02	3.610000000000000000e+05	4.971640300141465474e+01
3.620000000000000000e+02	3.620000000000000000e+05	4.980987501813597618e+01
3.630000000000000000e+02	3.630000000000000000e+05	4.988964379318369424e+01
3.640000000000000000e+02	3.640000000000000000e+05	5.012884137835695952e+01
3.650000000000000000e+02	3.650000000000000000e+05	5.022846037087835924e+01
3.660000000000000000e+02	3.660000000000000000e+05	5.025711312527548102e+01
3.670000000000000000e+02	3.670000000000000000e+05	5.043622542542485832e+01
3.680000000000000000e+02	3.680000000000000000e+05	5.052117578262276254e+01
3.690000000000000000e+02	3.690000000000000000e+05	5.066889573265923019e+01
3.700000000000000000e+02	3.700000000000000000e+05	5.074554067882777275e+01
3.710000000000000000e+02	3.710000000000000000e+05	5.100560045854676616e+01
3.720000000000000000e+02	3.720000000000000000e+05	5.100256898076256817e+01
3.730000000000000000e+02	3.730000000000000000e+05	5.097720643800960261e+01
3.740000000000000000e+02	3.740000000000000000e+05	5.099437040249933517e+01
3.750000000000000000e+02	3.750000000000000000e+05	5.111319219806782854e+01
3.760000000000000000e+02	3.760000000000000000e+05	5.135866034902901589e+01
3.770000000000000000e+02	3.770000000000000000e+05	5.139847567337993439e+01
3.780000000000000000e+02	3.780000000000000000e+05	5.158609774710086526e+01
3.790000000000000000e+02	3.790000000000000000e+05	5.153281023668210281e+01
3.800000000000000000e+02	3.800000000000000000e+05	5.166668071284371422e+01
3.810000000000000000e+02	3.810000000000000000e+05	5.177755069082590467e+01
3.820000000000000000e+02	3.820000000000000000e+05	5.177190674374421064e+01
3.830000000000000000e+02	3.830000000000000000e+05	5.175441743035569431e+01
3.840000000000000000e+02	3.840000000000000000e+05	5.188664031526305820e+01
3.850000000000000000e+02	3.850000000000000000e+05	5.176864229546644935e+01
3.860000000000000000e+02	3.860000000000000000e+05	5.190148193327298998e+01
3.870000000000000000e+02	3.870000000000000000e+05	5.193945305207454766e+01
3.880000000000000000e+02	3.880000000000000000e+05	5.179769508295377278e+01
3.890000000000000000e+02	3.890000000000000000e+05	5.172050074946486831e+01
3.900000000000000000e+02	3.900000000000000000e+05	5.164460544931007036e+01
3.910000000000000000e+02	3.910000000000000000e+05	5.169387259981431981e+01
3.920000000000000000e+02	3.920000000000000000e+05	5.176879681532778221e+01
3.930000000000000000e+02	3.930000000000000000e+05	5.175024883976949752e+01
3.940000000000000000e+02	3.940000000000000000e+05	5.187412764349956262e+01
3.950000000000000000e+02	3.950000000000000000e+05	5.203986069622062871e+01
3.960000000000000000e+02	3.960000000000000000e+05	5.210296973804359055e+01
3.970000000000000000e+02	3.970000000000000000e+05	5.222513578842912807e+01
3.980000000000000000e+02	3.980000000000000000e+05	5.229448006877179012e+01
3.990000000000000000e+02	3.990000000000000000e+05	5.222027497588356937e+01
4.000000000000000000e+02	4.000000000000000000e+05	5.236923552477552590e+01
4.010000000000000000e+02	4.010000000000000000e+05	5.237544557050131289e+01
4.020000000000000000e+02	4.020000000000000000e+05	5.221738528707169280e+01
4.030000000000000000e+02	4.030000000000000000e+05	5.231730268250283444e+01
4.040000000000000000e+02	4.040000000000000000e+05	5.238720285342437677e+01
4.050000000000000000e+02	4.050000000000000000e+05	5.240027623748543562e+01
4.060000000000000000e+02	4.060000000000000000e+05	5.238414582897701166e+01
4.070000000000000000e+02	4.070000000000000000e+05	5.242629531975898516e+01
4.080000000000000000e+02	4.080000000000000000e+05	5.253577085495837196e+01
4.090000000000000000e+02	4.090000000000000000e+05	5.250951711812464140e+01
4.100000000000000000e+02	4.100000000000000000e+05	5.280848866800948826e+01
4.110000000000000000e+02	4.110000000000000000e+05	5.278800623296343275e+01
4.120000000000000000e+02	4.120000000000000000e+05	5.282623765470967925e+01
4.130000000000000000e+02	4.130000000000000000e+05	5.288832075092562235e+01
4.140000000000000000e+02	4.140000000000000000e+05	5.302293167750053726e+01
4.150000000000000000e+02	4.150000000000000000e+05	5.292489350804878967e+01
4.160000000000000000e+02	4.160000000000000000e+05	5.288274793574350241e+01
4.170000000000000000e+02	4.170000000000000000e+05	5.288197280410750523e+01
4.180000000000000000e+02	4.180000000000000000e+05	5.294743858005956127e+01
4.190000000000000000e+02	4.190000000000000000e+05	5.311073588310772919e+01
4.200000000000000000e+02	4.200000000000000000e+05	5.320196471340453570e+01
4.210000000000000000e+02	4.210000000000000000e+05	5.316509495165509236e+01
4.220000000000000000e+02	4.220000000000000000e+05	5.322575735874205805e+01
4.230000000000000000e+02	4.230000000000000000e+05	5.315559744571937983e+01
4.240000000000000000e+02	4.240000000000000000e+05	5.316262949374734603e+01
4.250000000000000000e+02	4.250000000000000000e+05	5.315990408440564607e+01
4.260000000000000000e+02	4.260000000000000000e+05	5.314699948148852826e+01
4.270000000000000000e+02	4.270000000000000000e+05	5.312544071703933923e+01
4.280000000000000000e+02	4.280000000000000000e+05	5.313723605140652495e+01
4.290000000000000000e+02	4.290000000000000000e+05	5.326155068155082262e+01
4.300000000000000000e+02	4.300000000000000000e+05	5.330901074312212273e+01
4.310000000000000000e+02	4.310000000000000000e+05	5.331747729719373297e+01
4.320000000000000000e+02	4.320000000000000000e+05	5.327709486602709887e+01
4.330000000000000000e+02	4.330000000000000000e+05	5.312403790304288975e+01
4.340000000000000000e+02	4.340000000000000000e+05	5.321410157263898100e+01
4.350000000000000000e+02	4.350000000000000000e+05	5.326981867948876470e+01
4.360000000000000000e+02	4.360000000000000000e+05	5.341194997788789323e+01
4.370000000000000000e+02	4.370000000000000000e+05	5.333992889126309933e+01
4.380000000000000000e+02	4.380000000000000000e+05	5.318173151833136103e+01
4.390000000000000000e+02	4.390000000000000000e+05	5.329493248828742935e+01
4.400000000000000000e+02	4.400000000000000000e+05	5.327435516600765908e+01
4.410000000000000000e+02	4.410000000000000000e+05	5.318550138423073292e+01
4.420000000000000000e+02	4.420000000000000000e+05	5.327527352635716085e+01
4.430000000000000000e+02	4.430000000000000000e+05	5.331753195399954848e+01
4.440000000000000000e+02	4.440000000000000000e+05	5.343905105503058195e+01
4.450000000000000000e+02	4.450000000000000000e+05	5.347076691293305117e+01
4.460000000000000000e+02	4.460000000000000000e+05	5.364529097569822369e+01
4.470000000000000000e+02	4.470000000000000000e+05	5.367111403710487849e+01
4.480000000000000000e+02	4.480000000000000000e+05	5.369711590529426104e+01
4.490000000000000000e+02	4.490000000000000000e+05	5.365740582492045263e+01
4.500000000000000000e+02	4.500000000000000000e+05	5.389525655133539317e+01
4.510000000000000000e+02	4.510000000000000000e+05	5.401303100806874369e+01
4.520000000000000000e+02	4.520000000000000000e+05	5.399304186594117283e+01
4.530000000000000000e+02	4.530000000000000000e+05	5.403206454119707303e+01
4.540000000000000000e+02	4.540000000000000000e+05	5.408211229743452009e+01
4.550000000000000000e+02	4.550000000000000000e+05	5.403722307640197897e+01
4.560000000000000000e+02	4.560000000000000000e+05	5.396148181798496779e+01
4.570000000000000000e+02	4.570000000000000000e+05	5.405064026684393497e+01
4.580000000000000000e+02	4.580000000000000000e+05	5.402662007685911760e+01
4.590000000000000000e+02	4.590000000000000000e+05	5.411528440076416047e+01
4.600000000000000000e+02	4.600000000000000000e+05	5.430766796862228318e+01
4.610000000000000000e+02	4.610000000000000000e+05	5.433664703014532904e+01
4.620000000000000000e+02	4.620000000000000000e+05	5.434035385086582437e+01
4.630000000000000000e+02	4.630000000000000000e+05	5.422231367211002606e+01
4.640000000000000000e+02	4.640000000000000000e+05	5.437041340367010633e+01
4.650000000000000000e+02	4.650000000000000000e+05	5.445139782705595621e+01
4.660000000000000000e+02	4.660000000000000000e+05	5.454345265788619201e+01
4.670000000000000000e+02	4.670000000000000000e+05	5.449827707596616477e+01
4.680000000000000000e+02	4.680000000000000000e+05	5.452932705292106874e+01
4.690000000000000000e+02	4.690000000000000000e+05	5.463887244681166067e+01
4.700000000000000000e+02	4.700000000000000000e+05	5.460473834207926558e+01
4.710000000000000000e+02	4.710000000000000000e+05	5.476464488012145182e+01
4.720000000000000000e+02	4.720000000000000000e+05	5.496341761806898063e+01
4.730000000000000000e+02	4.730000000000000000e+05	5.497209408010649412e+01
4.740000000000000000e+02	4.740000000000000000e+05	5.508139812016754888e+01
4.750000000000000000e+02	4.750000000000000000e+05	5.512198463235324652e+01
4.760000000000000000e+02	4.760000000000000000e+05	5.503007016279363484e+01
4.770000000000000000e+02	4.770000000000000000e+05	5.503377655215486897e+01
4.780000000000000000e+02	4.780000000000000000e+05	5.505287252994828862e+01
4.790000000000000000e+02	4.790000000000000000e+05	5.502155642246417955e+01
4.800000000000000000e+02	4.800000000000000000e+05	5.503104626478732797e+01
4.810000000000000000e+02	4.810000000000000000e+05	5.507745222591124445e+01
4.820000000000000000e+02	4.820000000000000000e+05	5.517500216317202444e+01
4.830000000000000000e+02	4.830000000000000000e+05	5.509826563502518582e+01
4.840000000000000000e+02	4.840000000000000000e+05	5.503729637746271663e+01
4.850000000000000000e+02	4.850000000000000000e+05	5.503216905794141667e+01
4.860000000000000000e+02	4.860000000000000000e+05	5.514301487556375747e+01
4.870000000000000000e+02	4.870000000000000000e+05	5.509580280705320376e+01
4.880000000000000000e+02	4.880000000000000000e+05	5.498449017077063417e+01
4.890000000000000000e+02	4.890000000000000000e+05	5.476496681585950199e+01
4.900000000000000000e+02	4.900000000000000000e+05	5.468009384954030594e+01
4.910000000000000000e+02	4.910000000000000000e+05	5.483371373129551785e+01
4.920000000000000000e+02	4.920000000000000000e+05	5.487430871746831684e+01
4.930000000000000000e+02	4.930000000000000000e+05	5.494474210555357274e+01
4.940000000000000000e+02	4.940000000000000000e+05	5.483853054427173390e+01
4.950000000000000000e+02	4.950000000000000000e+05	5.494734570671791829e+01
4.960000000000000000e+02	4.960000000000000000e+05	5.494036707222620208e+01
4.970000000000000000e+02	4.970000000000000000e+05	5.520119422357192462e+01
4.980000000000000000e+02	4.980000000000000000e+05	5.525439576116741591e+01
4.990000000000000000e+02	4.990000000000000000e+05	5.521998942758899886e+01
5.000000000000000000e+02	5.000000000000000000e+05	5.533127073396203599e+01
5.010000000000000000e+02	5.010000000000000000e+05	5.537525662248597769e+01
5.020000000000000000e+02	5.020000000000000000e+05	5.543932588750234203e+01
5.030000000000000000e+02	5.030000000000000000e+05	5.546686174931616620e+01
5.040000000000000000e+02	5.040000000000000000e+05	5.547951701994402640e+01
5.050000000000000000e+02	5.050000000000000000e+05	5.541045186195312766e+01
5.060000000000000000e+02	5.060000000000000000e+05	5.538665483312946947e+01
5.070000000000000000e+02	5.070000000000000000e+05	5.540881989939734353e+01
5.080000000000000000e+02	5.080000000000000000e+05	5.547724291710014199e+01
5.090000000000000000e+02	5.090000000000000000e+05	5.558096641535902194e+01
5.100000000000000000e+02	5.100000000000000000e+05	5.561992573934423945e+01
5.110000000000000000e+02	5.110000000000000000e+05	5.573853792236197080e+01
5.120000000000000000e+02	5.120000000000000000e+05	5.585070551517179638e+01
5.130000000000000000e+02	5.130000000000000000e+05	5.571584074633795325e+01
5.140000000000000000e+02	5.140000000000000000e+05	5.558619271219286873e+01
5.150000000000000000e+02	5.150000000000000000e+05	5.577191945163439613e+01
5.160000000000000000e+02	5.160000000000000000e+05	5.577816353867888211e+01
5.170000000000000000e+02	5.170000000000000000e+05	5.570287549557062334e+01
5.180000000000000000e+02	5.180000000000000000e+05	5.574676249215367818e+01
5.190000000000000000e+02	5.190000000000000000e+05	5.593468143913443669e+01
5.200000000000000000e+02	5.200000000000000000e+05	5.603296362424810440e+01
5.210000000000000000e+02	5.210000000000000000e+05	5.600548149713281987e+01
5.220000000000000000e+02	5.220000000000000000e+05	5.590595300327184702e+01
5.230000000000000000e+02	5.230000000000000000e+05	5.602234090625871232e+01
5.240000000000000000e+02	5.240000000000000000e+05	5.607698621404889394e+01
5.250000000000000000e+02	5.250000000000000000e+05	5.613463484468579168e+01
5.260000000000000000e+02	5.260000000000000000e+05	5.623284441905225606e+01
5.270000000000000000e+02	5.270000000000000000e+05	5.632166899645324065e+01
5.280000000000000000e+02	5.280000000000000000e+05	5.634381669358506173e+01
5.290000000000000000e+02	5.290000000000000000e+05	5.639102011354534483e+01
5.300000000000000000e+02	5.300000000000000000e+05	5.647150660647647413e+01
5.310000000000000000e+02	5.310000000000000000e+05	5.667291828224971084e+01
5.320000000000000000e+02	5.320000000000000000e+05	5.683189284082786230e+01
5.330000000000000000e+02	5.330000000000000000e+05	5.685008906746816137e+01
5.340000000000000000e+02	5.340000000000000000e+05	5.709639196033778319e+01
5.350000000000000000e+02	5.350000000000000000e+05	5.696944222702035887e+01
5.360000000000000000e+02	5.360000000000000000e+05	5.693272484164707947e+01
5.370000000000000000e+02	5.370000000000000000e+05	5.682608515711076080e+01
5.380000000000000000e+02	5.380000000000000000e+05	5.689821441724259188e+01
5.390000000000000000e+02	5.390000000000000000e+05	5.692522334560753450e+01
5.400000000000000000e+02	5.400000000000000000e+05	5.707665119426313538e+01
5.410000000000000000e+02	5.410000000000000000e+05	5.708158155767646491e+01
5.420000000000000000e+02	5.420000000000000000e+05	5.728715076120415262e+01
5.430000000000000000e+02	5.430000000000000000e+05	5.743036903463277554e+01
5.440000000000000000e+02	5.440000000000000000e+05	5.742055151524193946e+01
5.450000000000000000e+02	5.450000000000000000e+05	5.755437927244130947e+01
5.460000000000000000e+02	5.460000000000000000e+05	5.756939684438493288e+01
5.470000000000000000e+02	5.470000000000000000e+05	5.756958468086087777e+01
5.480000000000000000e+02	5.480000000000000000e+05	5.761030219932879959e+01
5.490000000000000000e+02	5.490000000000000000e+05	5.751260811549253305e+01
5.500000000000000000e+02	5.500000000000000000e+05	5.758057383938142237e+01
5.510000000000000000e+02	5.510000000000000000e+05	5.763193050042536214e+01
5.520000000000000000e+02	5.520000000000000000e+05	5.758379234341713016e+01
5.530000000000000000e+02	5.530000000000000000e+05	5.766105355476096861e+01
5.540000000000000000e+02	5.540000000000000000e+05	5.782077198882123525e+01
5.550000000000000000e+02	5.550000000000000000e+05	5.802285727693376316e+01
5.560000000000000000e+02	5.560000000000000000e+05	5.816252922373877965e+01
5.570000000000000000e+02	5.570000000000000000e+05	5.812410893120912192e+01
5.580000000000000000e+02	5.580000000000000000e+05	5.817957383085430934e+01
5.590000000000000000e+02	5.590000000000000000e+05	5.826309944529675278e+01
5.600000000000000000e+02	5.600000000000000000e+05	5.836074723924820518e+01
5.610000000000000000e+02	5.610000000000000000e+05	5.848402254058424177e+01
5.620000000000000000e+02	5.620000000000000000e+05	5.838805270349897114e+01
5.630000000000000000e+02	5.630000000000000000e+05	5.836730417543464000e+01
5.640000000000000000e+02	5.640000000000000000e+05	5.848410890450310262e+01
5.650000000000000000e+02	5.650000000000000000e+05	5.870397879710925793e+01
5.660000000000000000e+02	5.660000000000000000e+05	5.872949522349465923e+01
5.670000000000000000e+02	5.670000000000000000e+05	5.877437346792694939e+01
5.680000000000000000e+02	5.680000000000000000e+05	5.876706137138786090e+01
5.690000000000000000e+02	5.690000000000000000e+05	5.880863076829902525e+01
5.700000000000000000e+02	5.700000000000000000e+05	5.864563524612493950e+01
5.710000000000000000e+02	5.710000000000000000e+05	5.852790152535754942e+01
5.720000000000000000e+02	5.720000000000000000e+05	5.866585327833659136e+01
5.730000000000000000e+02	5.730000000000000000e+05	5.876219295192326086e+01
5.740000000000000000e+02	5.740000000000000000e+05	5.896231641046480831e+01
5.750000000000000000e+02	5.750000000000000000e+05	5.911643524243301329e+01
5.760000000000000000e+02	5.760000000000000000e+05	5.914917494623601613e+01
5.770000000000000000e+02	5.770000000000000000e+05	5.896068541494835813e+01
5.780000000000000000e+02	5.780000000000000000e+05	5.898212717728642218e+01
5.790000000000000000e+02	5.790000000000000000e+05	5.918227768083664841e+01
5.800000000000000000e+02	5.800000000000000000e+05	5.908130805004579855e+01
5.810000000000000000e+02	5.810000000000000000e+05	5.920742116324431237e+01
5.820000000000000000e+02	5.820000000000000000e+05	5.910631052506526828e+01
5.830000000000000000e+02	5.830000000000000000e+05	5.916238428231986290e+01
5.840000000000000000e+02	5.840000000000000000e+05	5.926274128135346331e+01
5.850000000000000000e+02	5.850000000000000000e+05	5.928493465722780797e+01
5.860000000000000000e+02	5.860000000000000000e+05	5.926682755908354494e+01
5.870000000000000000e+02	5.870000000000000000e+05	5.938369835542107467e+01
5.880000000000000000e+02	5.880000000000000000e+05	5.936601503308193628e+01
5.890000000000000000e+02	5.890000000000000000e+05	5.947572410428719536e+01
5.900000000000000000e+02	5.900000000000000000e+05	5.952111442926082674e+01
5.910000000000000000e+02	5.910000000000000000e+05	5.969007396251896580e+01
5.920000000000000000e+02	5.920000000000000000e+05	5.975160715620915397e+01
5.930000000000000000e+02	5.930000000000000000e+05	5.973978081734188095e+01
5.940000000000000000e+02	5.940000000000000000e+05	5.965160538549833547e+01
5.950000000000000000e+02	5.950000000000000000e+05	5.953353432698233405e+01
5.960000000000000000e+02	5.960000000000000000e+05	5.947283640396653936e+01
5.970000000000000000e+02	5.970000000000000000e+05	5.931129414283993384e+01
5.980000000000000000e+02	5.980000000000000000e+05	5.942475562152785074e+01
5.990000000000000000e+02	5.990000000000000000e+05	5.935564435960958463e+01
6.000000000000000000e+02	6.000000000000000000e+05	5.944410401400419630e+01
6.010000000000000000e+02	6.010000000000000000e+05	5.937073008528897589e+01
6.020000000000000000e+02	6.020000000000000000e+05	5.936968964265327031e+01
6.030000000000000000e+02	6.030000000000000000e+05	5.932967857611413365e+01
6.040000000000000000e+02	6.040000000000000000e+05	5.935555433727490282e+01
6.050000000000000000e+02	6.050000000000000000e+05	5.938824368489263605e+01
6.060000000000000000e+02	6.060000000000000000e+05	5.949457603226790070e+01
6.070000000000000000e+02	6.070000000000000000e+05	5.960586137846082977e+01
6.080000000000000000e+02	6.080000000000000000e+05	5.972061706538065096e+01
6.090000000000000000e+02	6.090000000000000000e+05	5.968093387962544227e+01
6.100000000000000000e+02	6.100000000000000000e+05	5.983720159855929666e+01
6.110000000000000000e+02	6.110000000000000000e+05	5.996272828869558680e+01
6.120000000000000000e+02	6.120000000000000000e+05	6.009822506896592387e+01
6.130000000000000000e+02	6.130000000000000000e+05	6.011755374292265230e+01
6.140000000000000000e+02	6.140000000000000000e+05	6.016672036584297700e+01
6.150000000000000000e+02	6.150000000000000000e+05	6.019458485220883404e+01
6.160000000000000000e+02	6.160000000000000000e+05	6.012527072318698629e+01
6.170000000000000000e+02	6.170000000000000000e+05	6.015604703938766562e+01
6.180000000000000000e+02	6.180000000000000000e+05	6.030853645134438779e+01
6.190000000000000000e+02	6.190000000000000000e+05	6.052196596656666827e+01
6.200000000000000000e+02	6.200000000000000000e+05	6.040193699944310879e+01
6.210000000000000000e+02	6.210000000000000000e+05	6.051564416418398906e+01
6.220000000000000000e+02	6.220000000000000000e+05	6.049154955161125713e+01
6.230000000000000000e+02	6.230000000000000000e+05	6.051524150978621464e+01
6.240000000000000000e+02	6.240000000000000000e+05	6.043309249733600552e+01
6.250000000000000000e+02	6.250000000000000000e+05	6.057335067578796384e+01
6.260000000000000000e+02	6.260000000000000000e+05	6.041668641180383759e+01
6.270000000000000000e+02	6.270000000000000000e+05	6.058215138345495632e+01
6.280000000000000000e+02	6.280000000000000000e+05	6.065073422386564772e+01
6.290000000000000000e+02	6.290000000000000000e+05	6.068098335133247900e+01
6.300000000000000000e+02	6.300000000000000000e+05	6.077792548076713075e+01
6.310000000000000000e+02	6.310000000000000000e+05	6.090348617270598197e+01
6.320000000000000000e+02	6.320000000000000000e+05	6.100266561335313042e+01
6.330000000000000000e+02	6.330000000000000000e+05	6.103465311146079841e+01
6.340000000000000000e+02	6.340000000000000000e+05	6.104387079059963384e+01
6.350000000000000000e+02	6.350000000000000000e+05	6.099345735942038260e+01
6.360000000000000000e+02	6.360000000000000000e+05	6.126041028456117488e+01
6.370000000000000000e+02	6.370000000000000000e+05	6.131939678741719746e+01
6.380000000000000000e+02	6.380000000000000000e+05	6.145896929210896076e+01
6.390000000000000000e+02	6.390000000000000000e+05	6.133021004008767818e+01
6.400000000000000000e+02	6.400000000000000000e+05	6.139895978752031169e+01
6.410000000000000000e+02	6.410000000000000000e+05	6.140644749611312392e+01
6.420000000000000000e+02	6.420000000000000000e+05	6.139392304682529300e+01
6.430000000000000000e+02	6.430000000000000000e+05	6.143304459836286924e+01
6.440000000000000000e+02	6.440000000000000000e+05	6.156982904367882270e+01
6.450000000000000000e+02	6.450000000000000000e+05	6.173625527307384431e+01
6.460000000000000000e+02	6.460000000000000000e+05	6.200918996027365182e+01
6.470000000000000000e+02	6.470000000000000000e+05	6.195593489646820018e+01
6.480000000000000000e+02	6.480000000000000000e+05	6.193319797746190147e+01
6.490000000000000000e+02	6.490000000000000000e+05	6.218141016766099227e+01
6.500000000000000000e+02	6.500000000000000000e+05	6.220826076410764927e+01
6.510000000000000000e+02	6.510000000000000000e+05	6.249553074440149203e+01
6.520000000000000000e+02	6.520000000000000000e+05	6.257549799920763434e+01
6.530000000000000000e+02	6.530000000000000000e+05	6.259867396406405504e+01
6.540000000000000000e+02	6.540000000000000000e+05	6.257151014100394093e+01
6.550000000000000000e+02	6.550000000000000000e+05	6.263741408907080199e+01
6.560000000000000000e+02	6.560000000000000000e+05	6.266676041520006635e+01
6.570000000000000000e+02	6.570000000000000000e+05	6.254853621477213466e+01
6.580000000000000000e+02	6.580000000000000000e+05	6.287171889833783922e+01
6.590000000000000000e+02	6.590000000000000000e+05	6.303709183696337703e+01
6.600000000000000000e+02	6.600000000000000000e+05	6.305194116277179717e+01
6.610000000000000000e+02	6.610000000000000000e+05	6.313162893380668095e+01
6.620000000000000000e+02	6.620000000000000000e+05	6.307704946129234713e+01
6.630000000000000000e+02	6.630000000000000000e+05	6.307274593780337568e+01
6.640000000000000000e+02	6.640000000000000000e+05	6.309282251747799108e+01
6.650000000000000000e+02	6.650000000000000000e+05	6.301697610163870422e+01
6.660000000000000000e+02	6.660000000000000000e+05	6.316030351788401020e+01
6.670000000000000000e+02	6.670000000000000000e+05	6.323028112598237271e+01
6.680000000000000000e+02	6.680000000000000000e+05	6.343055000084519435e+01
6.690000000000000000e+02	6.690000000000000000e+05	6.363559911967836769e+01
6.700000000000000000e+02	6.700000000000000000e+05	6.374512658008713117e+01
6.710000000000000000e+02	6.710000000000000000e+05	6.380921754425587977e+01
6.720000000000000000e+02	6.720000000000000000e+05	6.381083882559754983e+01
6.730000000000000000e+02	6.730000000000000000e+05	6.381911870280951149e+01
6.740000000000000000e+02	6.740000000000000000e+05	6.406248785125787037e+01
6.750000000000000000e+02	6.750000000000000000e+05	6.422064096347560280e+01
6.760000000000000000e+02	6.760000000000000000e+05	6.422555009984934316e+01
6.770000000000000000e+02	6.770000000000000000e+05	6.441311731052539358e+01
6.780000000000000000e+02	6.780000000000000000e+05	6.469361574657898473e+01
6.790000000000000000e+02	6.790000000000000000e+05	6.496076555543429265e+01
6.800000000000000000e+02	6.800000000000000000e+05	6.516669391415796042e+01
6.810000000000000000e+02	6.810000000000000000e+05	6.512803841618297440e+01
6.820000000000000000e+02	6.820000000000000000e+05	6.513255610491459890e+01
6.830000000000000000e+02	6.830000000000000000e+05	6.526086409085758078e+01
6.840000000000000000e+02	6.840000000000000000e+05	6.541121755330898679e+01
6.850000000000000000e+02	6.850000000000000000e+05	6.542125014305017316e+01
6.860000000000000000e+02	6.860000000000000000e+05	6.546952952119222857e+01
6.870000000000000000e+02	6.870000000000000000e+05	6.558439318044071342e+01
6.880000000000000000e+02	6.880000000000000000e+05	6.571520818212130166e+01
6.890000000000000000e+02	6.890000000000000000e+05	6.591547172664472498e+01
6.900000000000000000e+02	6.900000000000000000e+05	6.626465378631880299e+01
6.910000000000000000e+02	6.910000000000000000e+05	6.629448922943153377e+01
6.920000000000000000e+02	6.920000000000000000e+05	6.623202101830113975e+01
6.930000000000000000e+02	6.930000000000000000e+05	6.630708219373431689e+01
6.940000000000000000e+02	6.940000000000000000e+05	6.626396893827596557e+01
6.950000000000000000e+02	6.950000000000000000e+05	6.627317439416844991e+01
6.960000000000000000e+02	6.960000000000000000e+05	6.635618936260789269e+01
6.970000000000000000e+02	6.970000000000000000e+05	6.654514248137213883e+01
6.980000000000000000e+02	6.980000000000000000e+05	6.642451623667668059e+01
6.990000000000000000e+02	6.990000000000000000e+05	6.654566823393960817e+01
7.000000000000000000e+02	7.000000000000000000e+05	6.661741402295487546e+01
7.010000000000000000e+02	7.010000000000000000e+05	6.661213584017944811e+01
7.020000000000000000e+02	7.020000000000000000e+05	6.673982494563902890e+01
7.030000000000000000e+02	7.030000000000000000e+05	6.672320951115044352e+01
7.040000000000000000e+02	7.040000000000000000e+05	6.669055300677605658e+01
7.050000000000000000e+02	7.050000000000000000e+05	6.667460308375196121e+01
7.060000000000000000e+02	7.060000000000000000e+05	6.678406548856062841e+01
7.070000000000000000e+02	7.070000000000000000e+05	6.677127507061000244e+01
7.080000000000000000e+02	7.080000000000000000e+05	6.696616950733761087e+01
7.090000000000000000e+02	7.090000000000000000e+05	6.692707965123311453e+01
7.100000000000000000e+02	7.100000000000000000e+05	6.679781107871599488e+01
7.110000000000000000e+02	7.110000000000000000e+05	6.674343795374294075e+01
7.120000000000000000e+02	7.120000000000000000e+05	6.680247583216636542e+01
7.130000000000000000e+02	7.130000000000000000e+05	6.677788147890547066e+01
7.140000000000000000e+02	7.140000000000000000e+05	6.682758665966689193e+01
7.150000000000000000e+02	7.150000000000000000e+05	6.686852085853631422e+01
7.160000000000000000e+02	7.160000000000000000e+05	6.700825808015503071e+01
7.170000000000000000e+02	7.170000000000000000e+05	6.696178256662645367e+01
7.180000000000000000e+02	7.180000000000000000e+05	6.707112335206690545e+01
7.190000000000000000e+02	7.190000000000000000e+05	6.708476142018849941e+01
7.200000000000000000e+02	7.200000000000000000e+05	6.712296447713474379e+01
7.210000000000000000e+02	7.210000000000000000e+05	6.722599052772795858e+01
7.220000000000000000e+02	7.220000000000000000e+05	6.718121634068394599e+01
7.230000000000000000e+02	7.230000000000000000e+05	6.736178487464363229e+01
7.240000000000000000e+02	7.240000000000000000e+05	6.749573358292202840e+01
7.250000000000000000e+02	7.250000000000000000e+05	6.759380865433719521e+01
7.260000000000000000e+02	7.260000000000000000e+05	6.764829717010361776e+01
7.270000000000000000e+02	7.270000000000000000e+05	6.766751618882885566e+01
7.280000000000000000e+02	7.280000000000000000e+05	6.770176947406081069e+01
7.290000000000000000e+02	7.290000000000000000e+05	6.794786139961681215e+01
7.300000000000000000e+02	7.300000000000000000e+05	6.792805924398547290e+01
7.310000000000000000e+02	7.310000000000000000e+05	6.788566069065079489e+01
7.320000000000000000e+02	7.320000000000000000e+05	6.785088890899478997e+01
7.330000000000000000e+02	7.330000000000000000e+05	6.795598248295893029e+01
7.340000000000000000e+02	7.340000000000000000e+05	6.802049186420501314e+01
7.350000000000000000e+02	7.350000000000000000e+05	6.796098877712213948e+01
7.360000000000000000e+02	7.360000000000000000e+05	6.808147423385472052e+01
7.370000000000000000e+02	7.370000000000000000e+05	6.802396081635755820e+01
7.380000000000000000e+02	7.380000000000000000e+05	6.785977162185845657e+01
7.390000000000000000e+02	7.390000000000000000e+05	6.791950056626633625e+01
7.400000000000000000e+02	7.400000000000000000e+05	6.797669749370326997e+01
7.410000000000000000e+02	7.410000000000000000e+05	6.792182423155661297e+01
7.420000000000000000e+02	7.420000000000000000e+05	6.794800718961101893e+01
7.430000000000000000e+02	7.430000000000000000e+05	6.799725859873878164e+01
7.440000000000000000e+02	7.440000000000000000e+05	6.796323630269093030e+01
7.450000000000000000e+02	7.450000000000000000e+05	6.798889563315029250e+01
7.460000000000000000e+02	7.460000000000000000e+05	6.805113145577149680e+01
7.470000000000000000e+02	7.470000000000000000e+05	6.807445538431116461e+01
7.480000000000000000e+02	7.480000000000000000e+05	6.810166526504532669e+01
7.490000000000000000e+02	7.490000000000000000e+05	6.809079809295856478e+01
7.500000000000000000e+02	7.500000000000000000e+05	6.824633918926056708e+01
7.510000000000000000e+02	7.510000000000000000e+05	6.816921882605031158e+01
7.520000000000000000e+02	7.520000000000000000e+05	6.813761275909038773e+01
7.530000000000000000e+02	7.530000000000000000e+05	6.808647124918788052e+01
7.540000000000000000e+02	7.540000000000000000e+05	6.822020719578226533e+01
7.550000000000000000e+02	7.550000000000000000e+05	6.825503221683196386e+01
7.560000000000000000e+02	7.560000000000000000e+05	6.834522678660555073e+01
7.570000000000000000e+02	7.570000000000000000e+05	6.835708364495781098e+01
7.580000000000000000e+02	7.580000000000000000e+05	6.840131573614681315e+01
7.590000000000000000e+02	7.590000000000000000e+05	6.826987443498489938e+01
7.600000000000000000e+02	7.600000000000000000e+05	6.812304204681048247e+01
7.610000000000000000e+02	7.610000000000000000e+05	6.822595858169786709e+01
7.620000000000000000e+02	7.620000000000000000e+05	6.837915548642010322e+01
7.630000000000000000e+02	7.630000000000000000e+05	6.858232353726441488e+01
7.640000000000000000e+02	7.640000000000000000e+05	6.863060289843367912e+01
7.650000000000000000e+02	7.650000000000000000e+05	6.867568444663666583e+01
7.660000000000000000e+02	7.660000000000000000e+05	6.863954101233207439e+01
7.670000000000000000e+02	7.670000000000000000e+05	6.857852496322404079e+01
7.680000000000000000e+02	7.680000000000000000e+05	6.858848319261763038e+01
7.690000000000000000e+02	7.690000000000000000e+05	6.862325095899862504e+01
7.700000000000000000e+02	7.700000000000000000e+05	6.876217290313866215e+01
7.710000000000000000e+02	7.710000000000000000e+05	6.890244213510374038e+01
7.720000000000000000e+02	7.720000000000000000e+05	6.879089276577033729e+01
7.730000000000000000e+02	7.730000000000000000e+05	6.878736596452849028e+01
7.740000000000000000e+02	7.740000000000000000e+05	6.885600035501971661e+01
7.750000000000000000e+02	7.750000000000000000e+05	6.897548278019336010e+01
7.760000000000000000e+02	7.760000000000000000e+05	6.877959289787105490e+01
7.770000000000000000e+02	7.770000000000000000e+05	6.874638355592999517e+01
7.780000000000000000e+02	7.780000000000000000e+05	6.885233901564464531e+01
7.790000000000000000e+02	7.790000000000000000e+05	6.879799251905122048e+01
7.800000000000000000e+02	7.800000000000000000e+05	6.898105144127008259e+01
7.810000000000000000e+02	7.810000000000000000e+05	6.900150695966661374e+01
7.820000000000000000e+02	7.820000000000000000e+05	6.895712068349753565e+01
7.830000000000000000e+02	7.830000000000000000e+05	6.922023822474604060e+01
7.840000000000000000e+02	7.840000000000000000e+05	6.931716513434621163e+01
7.850000000000000000e+02	7.850000000000000000e+05	6.941960414535314783e+01
7.860000000000000000e+02	7.860000000000000000e+05	6.950506996106742008e+01
7.870000000000000000e+02	7.870000000000000000e+05	6.944748234837391010e+01
7.880000000000000000e+02	7.880000000000000000e+05	6.943106103423434661e+01
7.890000000000000000e+02	7.890000000000000000e+05	6.955474367934441204e+01
7.900000000000000000e+02	7.900000000000000000e+05	6.936235476780328213e+01
7.910000000000000000e+02	7.910000000000000000e+05	6.943017600595456429e+01
7.920000000000000000e+02	7.920000000000000000e+05	6.953601199197774463e+01
7.930000000000000000e+02	7.930000000000000000e+05	6.932811639367709233e+01
7.940000000000000000e+02	7.940000000000000000e+05	6.925280529509704763e+01
7.950000000000000000e+02	7.950000000000000000e+05	6.917691504520540491e+01
7.960000000000000000e+02	7.960000000000000000e+05	6.911720790778866785e+01
7.970000000000000000e+02	7.970000000000000000e+05	6.928753293291813975e+01
7.980000000000000000e+02	7.980000000000000000e+05	6.924750922558318678e+01
7.990000000000000000e+02	7.990000000000000000e+05	6.922121379478889480e+01
8.000000000000000000e+02	8.000000000000000000e+05	6.927789993770426236e+01
8.010000000000000000e+02	8.010000000000000000e+05	6.923711148860950004e+01
8.020000000000000000e+02	8.020000000000000000e+05	6.920155400158040493e+01
8.030000000000000000e+02	8.030000000000000000e+05	6.938892700637642008e+01
8.040000000000000000e+02	8.040000000000000000e+05	6.948648740416210501e+01
8.050000000000000000e+02	8.050000000000000000e+05	6.972460714594726028e+01
8.060000000000000000e+02	8.060000000000000000e+05	6.967849955640161852e+01
8.070000000000000000e+02	8.070000000000000000e+05	6.966667077853223589e+01
8.080000000000000000e+02	8.080000000000000000e+05	6.963621049092770932e+01
8.090000000000000000e+02	8.090000000000000000e+05	6.976028851171085421e+01
8.100000000000000000e+02	8.100000000000000000e+05	6.990605614489929565e+01
8.110000000000000000e+02	8.110000000000000000e+05	6.991320520557481188e+01
8.120000000000000000e+02	8.120000000000000000e+05	6.994328130178190861e+01
8.130000000000000000e+02	8.130000000000000000e+05	7.005713495149589676e+01
8.140000000000000000e+02	8.140000000000000000e+05	7.026066969111217020e+01
8.150000000000000000e+02	8.150000000000000000e+05	7.046956718546671539e+01
8.160000000000000000e+02	8.160000000000000000e+05	7.064230286225378563e+01
8.170000000000000000e+02	8.170000000000000000e+05	7.067186809004972758e+01
8.180000000000000000e+02	8.180000000000000000e+05	7.068182274420091460e+01
8.190000000000000000e+02	8.190000000000000000e+05	7.065484591628650435e+01
8.200000000000000000e+02	8.200000000000000000e+05	7.059881358036024324e+01
8.210000000000000000e+02	8.210000000000000000e+05	7.065870737013320024e+01
8.220000000000000000e+02	8.220000000000000000e+05	7.071906384452472594e+01
8.230000000000000000e+02	8.230000000000000000e+05	7.078550933691127511e+01
8.240000000000000000e+02	8.240000000000000000e+05	7.068639670028696287e+01
8.250000000000000000e+02	8.250000000000000000e+05	7.072797886433336600e+01
8.260000000000000000e+02	8.260000000000000000e+05	7.098545413951640626e+01
8.270000000000000000e+02	8.270000000000000000e+05	7.105686434100871907e+01
8.280000000000000000e+02	8.280000000000000000e+05	7.117296788458642709e+01
8.290000000000000000e+02	8.290000000000000000e+05	7.122212747212208228e+01
8.300000000000000000e+02	8.300000000000000000e+05	7.137082532620728159e+01
8.310000000000000000e+02	8.310000000000000000e+05	7.164227839011161336e+01
8.320000000000000000e+02	8.320000000000000000e+05	7.182918417478603601e+01
8.330000000000000000e+02	8.330000000000000000e+05	7.197444300815705276e+01
8.340000000000000000e+02	8.340000000000000000e+05	7.213331832219230932e+01
