0.000000000000000000e+00	0.000000000000000000e+00	1.369396512256122666e-07
1.000000000000000000e+00	1.000000000000000000e+03	2.376395002558819414e+00
2.000000000000000000e+00	2.000000000000000000e+03	2.668575881231416425e+00
3.000000000000000000e+00	3.000000000000000000e+03	3.443356200057908101e+00
4.000000000000000000e+00	4.000000000000000000e+03	3.668016053636130813e+00
5.000000000000000000e+00	5.000000000000000000e+03	4.334480695944427531e+00
6.000000000000000000e+00	6.000000000000000000e+03	3.725524519676741253e+00
7.000000000000000000e+00	7.000000000000000000e+03	4.065734296753963584e+00
8.000000000000000000e+00	8.000000000000000000e+03	4.418722656113845737e+00
9.000000000000000000e+00	9.000000000000000000e+03	4.929044423011633036e+00
1.000000000000000000e+01	1.000000000000000000e+04	4.203415448865748694e+00
1.100000000000000000e+01	1.100000000000000000e+04	4.554228735704382913e+00
1.200000000000000000e+01	1.200000000000000000e+04	4.489607979834830509e+00
1.300000000000000000e+01	1.300000000000000000e+04	4.344763052247440527e+00
1.400000000000000000e+01	1.400000000000000000e+04	4.661680528239461552e+00
1.500000000000000000e+01	1.500000000000000000e+04	4.517120651963729472e+00
1.600000000000000000e+01	1.600000000000000000e+04	4.192868968020730058e+00
1.700000000000000000e+01	1.700000000000000000e+04	4.268833895919359911e+00
1.800000000000000000e+01	1.800000000000000000e+04	4.796772469399502192e+00
1.900000000000000000e+01	1.900000000000000000e+04	5.047463968424121816e+00
2.000000000000000000e+01	2.000000000000000000e+04	4.944195828172539109e+00
2.100000000000000000e+01	2.100000000000000000e+04	5.215829379295999324e+00
2.200000000000000000e+01	2.200000000000000000e+04	5.146293451225384175e+00
2.300000000000000000e+01	2.300000000000000000e+04	4.536916373971700445e+00
2.400000000000000000e+01	2.400000000000000000e+04	4.206894505942660345e+00
2.500000000000000000e+01	2.500000000000000000e+04	4.390614749613693135e+00
2.600000000000000000e+01	2.600000000000000000e+04	4.976950197260314290e+00
2.700000000000000000e+01	2.700000000000000000e+04	5.115453335849299954e+00
2.800000000000000000e+01	2.800000000000000000e+04	4.620507230702892265e+00
2.900000000000000000e+01	2.900000000000000000e+04	5.280944343786100781e+00
3.000000000000000000e+01	3.000000000000000000e+04	5.260577918377518536e+00
3.100000000000000000e+01	3.100000000000000000e+04	5.053258949031858016e+00
3.200000000000000000e+01	3.200000000000000000e+04	4.627020926380271071e+00
3.300000000000000000e+01	3.300000000000000000e+04	4.864839534867519966e+00
3.400000000000000000e+01	3.400000000000000000e+04	5.252429099439500426e+00
3.500000000000000000e+01	3.500000000000000000e+04	5.110222486167616651e+00
3.600000000000000000e+01	3.600000000000000000e+04	5.214833609859509167e+00
3.700000000000000000e+01	3.700000000000000000e+04	5.058359344489034903e+00
3.800000000000000000e+01	3.800000000000000000e+04	4.355314485048828566e+00
3.900000000000000000e+01	3.900000000000000000e+04	5.090972008342437682e+00
4.000000000000000000e+01	4.000000000000000000e+04	5.541734287687012817e+00
4.100000000000000000e+01	4.100000000000000000e+04	5.315507733606229301e+00
4.200000000000000000e+01	4.200000000000000000e+04	5.426608978372669867e+00
4.300000000000000000e+01	4.300000000000000000e+04	5.213087636127923474e+00
4.400000000000000000e+01	4.400000000000000000e+04	5.253547379679528007e+00
4.500000000000000000e+01	4.500000000000000000e+04	5.434420521299893281e+00
4.600000000000000000e+01	4.600000000000000000e+04	5.440601120784066325e+00
4.700000000000000000e+01	4.700000000000000000e+04	5.317332280217835994e+00
4.800000000000000000e+01	4.800000000000000000e+04	5.425329848772811658e+00
4.900000000000000000e+01	4.900000000000000000e+04	4.969319672126421672e+00
5.000000000000000000e+01	5.000000000000000000e+04	4.476675569334807037e+00
5.100000000000000000e+01	5.100000000000000000e+04	4.774670359832897226e+00
5.200000000000000000e+01	5.200000000000000000e+04	5.411674195282132338e+00
5.300000000000000000e+01	5.300000000000000000e+04	5.077228680514933146e+00
5.400000000000000000e+01	5.400000000000000000e+04	4.997281016798896580e+00
5.500000000000000000e+01	5.500000000000000000e+04	5.316925189355607984e+00
5.600000000000000000e+01	5.600000000000000000e+04	5.156116782174771984e+00
5.700000000000000000e+01	5.700000000000000000e+04	5.110423532591791052e+00
5.800000000000000000e+01	5.800000000000000000e+04	5.475492880615786540e+00
5.900000000000000000e+01	5.900000000000000000e+04	5.224193321896668074e+00
6.000000000000000000e+01	6.000000000000000000e+04	5.857740158438823563e+00
6.100000000000000000e+01	6.100000000000000000e+04	5.508471927248527855e+00
6.200000000000000000e+01	6.200000000000000000e+04	5.371383664131608171e+00
6.300000000000000000e+01	6.300000000000000000e+04	5.389934990076771015e+00
6.400000000000000000e+01	6.400000000000000000e+04	5.046545475415870285e+00
6.500000000000000000e+01	6.500000000000000000e+04	5.360712372203709108e+00
6.600000000000000000e+01	6.600000000000000000e+04	5.315515491706165108e+00
6.700000000000000000e+01	6.700000000000000000e+04	5.067765881522523941e+00
6.800000000000000000e+01	6.800000000000000000e+04	4.618521390199445520e+00
6.900000000000000000e+01	6.900000000000000000e+04	5.035194842109111946e+00
7.000000000000000000e+01	7.000000000000000000e+04	4.671017629857169950e+00
7.100000000000000000e+01	7.100000000000000000e+04	4.600871569895677915e+00
7.200000000000000000e+01	7.200000000000000000e+04	4.545100257191186266e+00
7.300000000000000000e+01	7.300000000000000000e+04	4.478399681558222767e+00
7.400000000000000000e+01	7.400000000000000000e+04	4.702596264340471066e+00
7.500000000000000000e+01	7.500000000000000000e+04	4.977431643486997181e+00
7.600000000000000000e+01	7.600000000000000000e+04	5.049645045276373700e+00
7.700000000000000000e+01	7.700000000000000000e+04	4.771350456172293697e+00
7.800000000000000000e+01	7.800000000000000000e+04	5.168989860671889147e+00
7.900000000000000000e+01	7.900000000000000000e+04	5.268093622446356150e+00
8.000000000000000000e+01	8.000000000000000000e+04	4.649888124265410205e+00
8.100000000000000000e+01	8.100000000000000000e+04	4.760061256377467132e+00
8.200000000000000000e+01	8.200000000000000000e+04	5.157517103148931525e+00
8.300000000000000000e+01	8.300000000000000000e+04	5.098795076558652717e+00
8.400000000000000000e+01	8.400000000000000000e+04	5.140240769119937880e+00
8.500000000000000000e+01	8.500000000000000000e+04	5.083531035649486718e+00
8.600000000000000000e+01	8.600000000000000000e+04	5.099809778932837823e+00
8.700000000000000000e+01	8.700000000000000000e+04	5.326321109954397670e+00
8.800000000000000000e+01	8.800000000000000000e+04	5.245926695785075644e+00
8.900000000000000000e+01	8.900000000000000000e+04	5.314279370813228986e+00
9.000000000000000000e+01	9.000000000000000000e+04	5.068717136511318166e+00
9.100000000000000000e+01	9.100000000000000000e+04	5.056010228321765609e+00
9.200000000000000000e+01	9.200000000000000000e+04	5.398446900674065851e+00
9.300000000000000000e+01	9.300000000000000000e+04	5.383538117650767063e+00
9.400000000000000000e+01	9.400000000000000000e+04	4.958772206815558192e+00
9.500000000000000000e+01	9.500000000000000000e+04	4.760722856945668546e+00
9.600000000000000000e+01	9.600000000000000000e+04	5.265174966595848716e+00
9.700000000000000000e+01	9.700000000000000000e+04	4.688998416557209836e+00
9.800000000000000000e+01	9.800000000000000000e+04	4.881697484016072508e+00
9.900000000000000000e+01	9.900000000000000000e+04	4.670760988281461579e+00
1.000000000000000000e+02	1.000000000000000000e+05	4.482814307313041091e+00
1.010000000000000000e+02	1.010000000000000000e+05	4.672233926084918387e+00
