0.000000000000000000e+00	0.000000000000000000e+00	3.678886564202344749e-06
1.000000000000000000e+00	1.000000000000000000e+03	2.130388159189321229e+00
2.000000000000000000e+00	2.000000000000000000e+03	3.092978484480525925e+00
3.000000000000000000e+00	3.000000000000000000e+03	3.938001590332391721e+00
4.000000000000000000e+00	4.000000000000000000e+03	4.588380597031846975e+00
5.000000000000000000e+00	5.000000000000000000e+03	5.253221152319233589e+00
6.000000000000000000e+00	6.000000000000000000e+03	6.040459713880529158e+00
7.000000000000000000e+00	7.000000000000000000e+03	6.591283233319811252e+00
8.000000000000000000e+00	8.000000000000000000e+03	7.232504859059696756e+00
9.000000000000000000e+00	9.000000000000000000e+03	7.606306224825617690e+00
1.000000000000000000e+01	1.000000000000000000e+04	8.167909513989558334e+00
1.100000000000000000e+01	1.100000000000000000e+04	8.721218533286757335e+00
1.200000000000000000e+01	1.200000000000000000e+04	8.986615368263359827e+00
1.300000000000000000e+01	1.300000000000000000e+04	9.455599412169426898e+00
1.400000000000000000e+01	1.400000000000000000e+04	9.885850889870537728e+00
1.500000000000000000e+01	1.500000000000000000e+04	1.021986072361587183e+01
1.600000000000000000e+01	1.600000000000000000e+04	1.042645883052663791e+01
1.700000000000000000e+01	1.700000000000000000e+04	1.068332493274362172e+01
1.800000000000000000e+01	1.800000000000000000e+04	1.101858376794042371e+01
1.900000000000000000e+01	1.900000000000000000e+04	1.129177877217762216e+01
2.000000000000000000e+01	2.000000000000000000e+04	1.164182184021317212e+01
2.100000000000000000e+01	2.100000000000000000e+04	1.191302580135231715e+01
2.200000000000000000e+01	2.200000000000000000e+04	1.232350332570946705e+01
2.300000000000000000e+01	2.300000000000000000e+04	1.257646784849634436e+01
2.400000000000000000e+01	2.400000000000000000e+04	1.271862275211899629e+01
2.500000000000000000e+01	2.500000000000000000e+04	1.293984742258458631e+01
2.600000000000000000e+01	2.600000000000000000e+04	1.348646293236285665e+01
2.700000000000000000e+01	2.700000000000000000e+04	1.394370892494772285e+01
2.800000000000000000e+01	2.800000000000000000e+04	1.417411819058812306e+01
2.900000000000000000e+01	2.900000000000000000e+04	1.440553956218165510e+01
3.000000000000000000e+01	3.000000000000000000e+04	1.458081957490198199e+01
3.100000000000000000e+01	3.100000000000000000e+04	1.477512807296074726e+01
3.200000000000000000e+01	3.200000000000000000e+04	1.483244681798885090e+01
3.300000000000000000e+01	3.300000000000000000e+04	1.499609632140958126e+01
3.400000000000000000e+01	3.400000000000000000e+04	1.550455522079566784e+01
3.500000000000000000e+01	3.500000000000000000e+04	1.585141343838112427e+01
3.600000000000000000e+01	3.600000000000000000e+04	1.612752404331471112e+01
3.700000000000000000e+01	3.700000000000000000e+04	1.631359930325222507e+01
3.800000000000000000e+01	3.800000000000000000e+04	1.651943854882052420e+01
3.900000000000000000e+01	3.900000000000000000e+04	1.667862326792297267e+01
4.000000000000000000e+01	4.000000000000000000e+04	1.700742480151801672e+01
4.100000000000000000e+01	4.100000000000000000e+04	1.740409185496757516e+01
4.200000000000000000e+01	4.200000000000000000e+04	1.756796678581908822e+01
4.300000000000000000e+01	4.300000000000000000e+04	1.788371707634783547e+01
4.400000000000000000e+01	4.400000000000000000e+04	1.796753495315669014e+01
4.500000000000000000e+01	4.500000000000000000e+04	1.833610398852978562e+01
4.600000000000000000e+01	4.600000000000000000e+04	1.845840770411194498e+01
4.700000000000000000e+01	4.700000000000000000e+04	1.872403861382289847e+01
4.800000000000000000e+01	4.800000000000000000e+04	1.886378788277218277e+01
4.900000000000000000e+01	4.900000000000000000e+04	1.870319970182783820e+01
5.000000000000000000e+01	5.000000000000000000e+04	1.880023596181971612e+01
5.100000000000000000e+01	5.100000000000000000e+04	1.892553083977243134e+01
5.200000000000000000e+01	5.200000000000000000e+04	1.912144591049565889e+01
5.300000000000000000e+01	5.300000000000000000e+04	1.905058466043971066e+01
5.400000000000000000e+01	5.400000000000000000e+04	1.931363646029940284e+01
5.500000000000000000e+01	5.500000000000000000e+04	1.958199478929099513e+01
5.600000000000000000e+01	5.600000000000000000e+04	1.979153757161407157e+01
5.700000000000000000e+01	5.700000000000000000e+04	1.987608029553182121e+01
5.800000000000000000e+01	5.800000000000000000e+04	2.009554248612003491e+01
5.900000000000000000e+01	5.900000000000000000e+04	2.033564921986510754e+01
6.000000000000000000e+01	6.000000000000000000e+04	2.046787778734948660e+01
6.100000000000000000e+01	6.100000000000000000e+04	2.063922559221792596e+01
6.200000000000000000e+01	6.200000000000000000e+04	2.086339922346749276e+01
6.300000000000000000e+01	6.300000000000000000e+04	2.110041617054130469e+01
6.400000000000000000e+01	6.400000000000000000e+04	2.128905312159133700e+01
6.500000000000000000e+01	6.500000000000000000e+04	2.166147024459117176e+01
6.600000000000000000e+01	6.600000000000000000e+04	2.169638796848460061e+01
6.700000000000000000e+01	6.700000000000000000e+04	2.182154889664420949e+01
6.800000000000000000e+01	6.800000000000000000e+04	2.204060364410221595e+01
6.900000000000000000e+01	6.900000000000000000e+04	2.212447283278133270e+01
7.000000000000000000e+01	7.000000000000000000e+04	2.217825236150861556e+01
7.100000000000000000e+01	7.100000000000000000e+04	2.216897317805364764e+01
7.200000000000000000e+01	7.200000000000000000e+04	2.234540111717248578e+01
7.300000000000000000e+01	7.300000000000000000e+04	2.262168789562071325e+01
7.400000000000000000e+01	7.400000000000000000e+04	2.290616797805788707e+01
7.500000000000000000e+01	7.500000000000000000e+04	2.306930204046702571e+01
7.600000000000000000e+01	7.600000000000000000e+04	2.313737606340226094e+01
7.700000000000000000e+01	7.700000000000000000e+04	2.324879699106807607e+01
7.800000000000000000e+01	7.800000000000000000e+04	2.320539762887302615e+01
7.900000000000000000e+01	7.900000000000000000e+04	2.343980624660958156e+01
8.000000000000000000e+01	8.000000000000000000e+04	2.363087583742965592e+01
8.100000000000000000e+01	8.100000000000000000e+04	2.397646761952551486e+01
8.200000000000000000e+01	8.200000000000000000e+04	2.386188797780284077e+01
8.300000000000000000e+01	8.300000000000000000e+04	2.397065246869602717e+01
8.400000000000000000e+01	8.400000000000000000e+04	2.405739849912657036e+01
8.500000000000000000e+01	8.500000000000000000e+04	2.412414480173640641e+01
8.600000000000000000e+01	8.600000000000000000e+04	2.421576132596905140e+01
8.700000000000000000e+01	8.700000000000000000e+04	2.410817426230041960e+01
8.800000000000000000e+01	8.800000000000000000e+04	2.429541219661945917e+01
8.900000000000000000e+01	8.900000000000000000e+04	2.442154841821676214e+01
9.000000000000000000e+01	9.000000000000000000e+04	2.440339353815334533e+01
9.100000000000000000e+01	9.100000000000000000e+04	2.452427168391034584e+01
9.200000000000000000e+01	9.200000000000000000e+04	2.456283444666292581e+01
9.300000000000000000e+01	9.300000000000000000e+04	2.479373930954138672e+01
9.400000000000000000e+01	9.400000000000000000e+04	2.535149429986082126e+01
9.500000000000000000e+01	9.500000000000000000e+04	2.553803169206980073e+01
9.600000000000000000e+01	9.600000000000000000e+04	2.583249161214270728e+01
9.700000000000000000e+01	9.700000000000000000e+04	2.591489894927021709e+01
9.800000000000000000e+01	9.800000000000000000e+04	2.618618465163010711e+01
9.900000000000000000e+01	9.900000000000000000e+04	2.624776074567203565e+01
1.000000000000000000e+02	1.000000000000000000e+05	2.638612883054916836e+01
1.010000000000000000e+02	1.010000000000000000e+05	2.648142089462938387e+01
1.020000000000000000e+02	1.020000000000000000e+05	2.658102365227603769e+01
1.030000000000000000e+02	1.030000000000000000e+05	2.675189359641774089e+01
1.040000000000000000e+02	1.040000000000000000e+05	2.687377528795397907e+01
1.050000000000000000e+02	1.050000000000000000e+05	2.705629963559765727e+01
1.060000000000000000e+02	1.060000000000000000e+05	2.747340264726557280e+01
1.070000000000000000e+02	1.070000000000000000e+05	2.762044475017288647e+01
1.080000000000000000e+02	1.080000000000000000e+05	2.803158063283650137e+01
1.090000000000000000e+02	1.090000000000000000e+05	2.825868360211971009e+01
1.100000000000000000e+02	1.100000000000000000e+05	2.852358242461910720e+01
1.110000000000000000e+02	1.110000000000000000e+05	2.901885059043142689e+01
1.120000000000000000e+02	1.120000000000000000e+05	2.940214549745408590e+01
1.130000000000000000e+02	1.130000000000000000e+05	2.967619486972141729e+01
1.140000000000000000e+02	1.140000000000000000e+05	2.967320547174011836e+01
1.150000000000000000e+02	1.150000000000000000e+05	2.988152286766875676e+01
1.160000000000000000e+02	1.160000000000000000e+05	3.017892807791829313e+01
1.170000000000000000e+02	1.170000000000000000e+05	3.034087328128869743e+01
1.180000000000000000e+02	1.180000000000000000e+05	3.057412124106959084e+01
1.190000000000000000e+02	1.190000000000000000e+05	3.077512612736853725e+01
1.200000000000000000e+02	1.200000000000000000e+05	3.116157265183803560e+01
1.210000000000000000e+02	1.210000000000000000e+05	3.142404893636419416e+01
1.220000000000000000e+02	1.220000000000000000e+05	3.166011609954322736e+01
1.230000000000000000e+02	1.230000000000000000e+05	3.179362177669563039e+01
1.240000000000000000e+02	1.240000000000000000e+05	3.215851344082830821e+01
1.250000000000000000e+02	1.250000000000000000e+05	3.224384254371992853e+01
1.260000000000000000e+02	1.260000000000000000e+05	3.246386418677963803e+01
1.270000000000000000e+02	1.270000000000000000e+05	3.273516572223462617e+01
1.280000000000000000e+02	1.280000000000000000e+05	3.305515563327690387e+01
1.290000000000000000e+02	1.290000000000000000e+05	3.353932626591887356e+01
1.300000000000000000e+02	1.300000000000000000e+05	3.370877599556156667e+01
1.310000000000000000e+02	1.310000000000000000e+05	3.387263115510273082e+01
1.320000000000000000e+02	1.320000000000000000e+05	3.427279640272515593e+01
1.330000000000000000e+02	1.330000000000000000e+05	3.430812219110703865e+01
1.340000000000000000e+02	1.340000000000000000e+05	3.453378898942440145e+01
1.350000000000000000e+02	1.350000000000000000e+05	3.477302432494190043e+01
1.360000000000000000e+02	1.360000000000000000e+05	3.494813343056581090e+01
1.370000000000000000e+02	1.370000000000000000e+05	3.516653035059281507e+01
1.380000000000000000e+02	1.380000000000000000e+05	3.551616689394480630e+01
1.390000000000000000e+02	1.390000000000000000e+05	3.575115914949418539e+01
1.400000000000000000e+02	1.400000000000000000e+05	3.604738469097448217e+01
1.410000000000000000e+02	1.410000000000000000e+05	3.656743534981541188e+01
1.420000000000000000e+02	1.420000000000000000e+05	3.690902207941606861e+01
1.430000000000000000e+02	1.430000000000000000e+05	3.732492209890272505e+01
1.440000000000000000e+02	1.440000000000000000e+05	3.754894870581585309e+01
1.450000000000000000e+02	1.450000000000000000e+05	3.769431514613922474e+01
1.460000000000000000e+02	1.460000000000000000e+05	3.799912146009249625e+01
1.470000000000000000e+02	1.470000000000000000e+05	3.831127688759777783e+01
1.480000000000000000e+02	1.480000000000000000e+05	3.861306333173779137e+01
1.490000000000000000e+02	1.490000000000000000e+05	3.900559164410975654e+01
1.500000000000000000e+02	1.500000000000000000e+05	3.931739301719139945e+01
1.510000000000000000e+02	1.510000000000000000e+05	3.943036558224727628e+01
1.520000000000000000e+02	1.520000000000000000e+05	3.970626834549435102e+01
1.530000000000000000e+02	1.530000000000000000e+05	3.994364230158742401e+01
1.540000000000000000e+02	1.540000000000000000e+05	4.025142532484443336e+01
1.550000000000000000e+02	1.550000000000000000e+05	4.057076400350837275e+01
1.560000000000000000e+02	1.560000000000000000e+05	4.095952135486641055e+01
1.570000000000000000e+02	1.570000000000000000e+05	4.120497818715025318e+01
1.580000000000000000e+02	1.580000000000000000e+05	4.160662848075150322e+01
1.590000000000000000e+02	1.590000000000000000e+05	4.200095132079742655e+01
1.600000000000000000e+02	1.600000000000000000e+05	4.222334594798662266e+01
1.610000000000000000e+02	1.610000000000000000e+05	4.236757372552681034e+01
1.620000000000000000e+02	1.620000000000000000e+05	4.266694390485447741e+01
1.630000000000000000e+02	1.630000000000000000e+05	4.289806557540216403e+01
1.640000000000000000e+02	1.640000000000000000e+05	4.302288337784588634e+01
1.650000000000000000e+02	1.650000000000000000e+05	4.329750765967970949e+01
1.660000000000000000e+02	1.660000000000000000e+05	4.360720468939767613e+01
1.670000000000000000e+02	1.670000000000000000e+05	4.391536131835953682e+01
1.680000000000000000e+02	1.680000000000000000e+05	4.412855831898513514e+01
1.690000000000000000e+02	1.690000000000000000e+05	4.449690297320680088e+01
1.700000000000000000e+02	1.700000000000000000e+05	4.456668483585443852e+01
1.710000000000000000e+02	1.710000000000000000e+05	4.463486877037031064e+01
1.720000000000000000e+02	1.720000000000000000e+05	4.494996081086868855e+01
1.730000000000000000e+02	1.730000000000000000e+05	4.531760804793604080e+01
1.740000000000000000e+02	1.740000000000000000e+05	4.560587582161376474e+01
1.750000000000000000e+02	1.750000000000000000e+05	4.588659948891442042e+01
1.760000000000000000e+02	1.760000000000000000e+05	4.576691016576778992e+01
1.770000000000000000e+02	1.770000000000000000e+05	4.608633407182087183e+01
1.780000000000000000e+02	1.780000000000000000e+05	4.637262506100437065e+01
1.790000000000000000e+02	1.790000000000000000e+05	4.693098236520000910e+01
1.800000000000000000e+02	1.800000000000000000e+05	4.712500425824243422e+01
1.810000000000000000e+02	1.810000000000000000e+05	4.725557180411285429e+01
1.820000000000000000e+02	1.820000000000000000e+05	4.757032661366599058e+01
1.830000000000000000e+02	1.830000000000000000e+05	4.798915475375154926e+01
1.840000000000000000e+02	1.840000000000000000e+05	4.844274495891208687e+01
1.850000000000000000e+02	1.850000000000000000e+05	4.886739339368225643e+01
1.860000000000000000e+02	1.860000000000000000e+05	4.909129264408258564e+01
1.870000000000000000e+02	1.870000000000000000e+05	4.935791721127159093e+01
1.880000000000000000e+02	1.880000000000000000e+05	4.963858567031509494e+01
1.890000000000000000e+02	1.890000000000000000e+05	4.979377585567440434e+01
1.900000000000000000e+02	1.900000000000000000e+05	4.991254154160598944e+01
1.910000000000000000e+02	1.910000000000000000e+05	5.019886246152572085e+01
1.920000000000000000e+02	1.920000000000000000e+05	5.051138165738747432e+01
1.930000000000000000e+02	1.930000000000000000e+05	5.091603859068973748e+01
1.940000000000000000e+02	1.940000000000000000e+05	5.129984008850981780e+01
1.950000000000000000e+02	1.950000000000000000e+05	5.144306417782372876e+01
1.960000000000000000e+02	1.960000000000000000e+05	5.159271963165254959e+01
1.970000000000000000e+02	1.970000000000000000e+05	5.180191693824434651e+01
1.980000000000000000e+02	1.980000000000000000e+05	5.204472403027023120e+01
1.990000000000000000e+02	1.990000000000000000e+05	5.220645892964157753e+01
2.000000000000000000e+02	2.000000000000000000e+05	5.246604818824685168e+01
2.010000000000000000e+02	2.010000000000000000e+05	5.244388448225495125e+01
2.020000000000000000e+02	2.020000000000000000e+05	5.274950274491130386e+01
2.030000000000000000e+02	2.030000000000000000e+05	5.298029520732842457e+01
2.040000000000000000e+02	2.040000000000000000e+05	5.306104402151798638e+01
2.050000000000000000e+02	2.050000000000000000e+05	5.338842125391081339e+01
2.060000000000000000e+02	2.060000000000000000e+05	5.361601565133815939e+01
2.070000000000000000e+02	2.070000000000000000e+05	5.390291130956253340e+01
2.080000000000000000e+02	2.080000000000000000e+05	5.413564517517275476e+01
2.090000000000000000e+02	2.090000000000000000e+05	5.428542759578876087e+01
2.100000000000000000e+02	2.100000000000000000e+05	5.440355680051128218e+01
2.110000000000000000e+02	2.110000000000000000e+05	5.459895953657241563e+01
2.120000000000000000e+02	2.120000000000000000e+05	5.478780619449725009e+01
2.130000000000000000e+02	2.130000000000000000e+05	5.473367673462694682e+01
2.140000000000000000e+02	2.140000000000000000e+05	5.495949215821026002e+01
2.150000000000000000e+02	2.150000000000000000e+05	5.534367797550820711e+01
2.160000000000000000e+02	2.160000000000000000e+05	5.531448501267748696e+01
2.170000000000000000e+02	2.170000000000000000e+05	5.547548449129557468e+01
2.180000000000000000e+02	2.180000000000000000e+05	5.552433117909217231e+01
2.190000000000000000e+02	2.190000000000000000e+05	5.569637587734679585e+01
2.200000000000000000e+02	2.200000000000000000e+05	5.585946753912172369e+01
2.210000000000000000e+02	2.210000000000000000e+05	5.589860746278386472e+01
2.220000000000000000e+02	2.220000000000000000e+05	5.595556546321741820e+01
2.230000000000000000e+02	2.230000000000000000e+05	5.601317472533413877e+01
2.240000000000000000e+02	2.240000000000000000e+05	5.612192956187382720e+01
2.250000000000000000e+02	2.250000000000000000e+05	5.616826752593227923e+01
2.260000000000000000e+02	2.260000000000000000e+05	5.627671068919485009e+01
2.270000000000000000e+02	2.270000000000000000e+05	5.641496460301354432e+01
2.280000000000000000e+02	2.280000000000000000e+05	5.653417135387408621e+01
2.290000000000000000e+02	2.290000000000000000e+05	5.663060126371875214e+01
2.300000000000000000e+02	2.300000000000000000e+05	5.673027429507241948e+01
2.310000000000000000e+02	2.310000000000000000e+05	5.672016827002435235e+01
2.320000000000000000e+02	2.320000000000000000e+05	5.663663392424749077e+01
2.330000000000000000e+02	2.330000000000000000e+05	5.665912190672471382e+01
2.340000000000000000e+02	2.340000000000000000e+05	5.669996950902565658e+01
2.350000000000000000e+02	2.350000000000000000e+05	5.660874167883117281e+01
2.360000000000000000e+02	2.360000000000000000e+05	5.672004160828113584e+01
2.370000000000000000e+02	2.370000000000000000e+05	5.672075733288114208e+01
2.380000000000000000e+02	2.380000000000000000e+05	5.652844244380203520e+01
2.390000000000000000e+02	2.390000000000000000e+05	5.657198427879355762e+01
2.400000000000000000e+02	2.400000000000000000e+05	5.662530159841499255e+01
2.410000000000000000e+02	2.410000000000000000e+05	5.684440148155991324e+01
2.420000000000000000e+02	2.420000000000000000e+05	5.695164827508910577e+01
2.430000000000000000e+02	2.430000000000000000e+05	5.702043563770248369e+01
2.440000000000000000e+02	2.440000000000000000e+05	5.710423654890940526e+01
2.450000000000000000e+02	2.450000000000000000e+05	5.728668245543672555e+01
2.460000000000000000e+02	2.460000000000000000e+05	5.748824624132898720e+01
2.470000000000000000e+02	2.470000000000000000e+05	5.749050721357639304e+01
2.480000000000000000e+02	2.480000000000000000e+05	5.753317338861480579e+01
2.490000000000000000e+02	2.490000000000000000e+05	5.760817242796946402e+01
2.500000000000000000e+02	2.500000000000000000e+05	5.760635120535274467e+01
2.510000000000000000e+02	2.510000000000000000e+05	5.761655021865988857e+01
2.520000000000000000e+02	2.520000000000000000e+05	5.757463224735541019e+01
2.530000000000000000e+02	2.530000000000000000e+05	5.762721375699779003e+01
2.540000000000000000e+02	2.540000000000000000e+05	5.762473814109986847e+01
2.550000000000000000e+02	2.550000000000000000e+05	5.761987102832681984e+01
2.560000000000000000e+02	2.560000000000000000e+05	5.756568926738172820e+01
2.570000000000000000e+02	2.570000000000000000e+05	5.775039050518805084e+01
2.580000000000000000e+02	2.580000000000000000e+05	5.798459060376311669e+01
2.590000000000000000e+02	2.590000000000000000e+05	5.791620652308718320e+01
2.600000000000000000e+02	2.600000000000000000e+05	5.793934959783531013e+01
2.610000000000000000e+02	2.610000000000000000e+05	5.802286636618442373e+01
2.620000000000000000e+02	2.620000000000000000e+05	5.822107612790432540e+01
2.630000000000000000e+02	2.630000000000000000e+05	5.820226268609557252e+01
2.640000000000000000e+02	2.640000000000000000e+05	5.832314300665149176e+01
2.650000000000000000e+02	2.650000000000000000e+05	5.848435858266301324e+01
2.660000000000000000e+02	2.660000000000000000e+05	5.853479201295122891e+01
2.670000000000000000e+02	2.670000000000000000e+05	5.861598731566129317e+01
2.680000000000000000e+02	2.680000000000000000e+05	5.860695474532972327e+01
2.690000000000000000e+02	2.690000000000000000e+05	5.868014534904395418e+01
2.700000000000000000e+02	2.700000000000000000e+05	5.871538899032719883e+01
2.710000000000000000e+02	2.710000000000000000e+05	5.892255107194023367e+01
2.720000000000000000e+02	2.720000000000000000e+05	5.906813335028397205e+01
2.730000000000000000e+02	2.730000000000000000e+05	5.913603254648574392e+01
2.740000000000000000e+02	2.740000000000000000e+05	5.922687426219491158e+01
2.750000000000000000e+02	2.750000000000000000e+05	5.932185163599542221e+01
2.760000000000000000e+02	2.760000000000000000e+05	5.938351499913863307e+01
2.770000000000000000e+02	2.770000000000000000e+05	5.943325227713935988e+01
2.780000000000000000e+02	2.780000000000000000e+05	5.947822533001844647e+01
2.790000000000000000e+02	2.790000000000000000e+05	5.965329314558076845e+01
2.800000000000000000e+02	2.800000000000000000e+05	5.968603237037000042e+01
2.810000000000000000e+02	2.810000000000000000e+05	5.978500163285700353e+01
2.820000000000000000e+02	2.820000000000000000e+05	5.988553070441566462e+01
2.830000000000000000e+02	2.830000000000000000e+05	5.996826422360607012e+01
2.840000000000000000e+02	2.840000000000000000e+05	6.000528599529513230e+01
2.850000000000000000e+02	2.850000000000000000e+05	6.014066148233272457e+01
2.860000000000000000e+02	2.860000000000000000e+05	6.016147225741265459e+01
2.870000000000000000e+02	2.870000000000000000e+05	6.028511040625687656e+01
2.880000000000000000e+02	2.880000000000000000e+05	6.035663084616878393e+01
2.890000000000000000e+02	2.890000000000000000e+05	6.056634192537830330e+01
2.900000000000000000e+02	2.900000000000000000e+05	6.063856201376287203e+01
2.910000000000000000e+02	2.910000000000000000e+05	6.084000146392182984e+01
2.920000000000000000e+02	2.920000000000000000e+05	6.074641432505904959e+01
2.930000000000000000e+02	2.930000000000000000e+05	6.079576093856951502e+01
2.940000000000000000e+02	2.940000000000000000e+05	6.084840996940619817e+01
2.950000000000000000e+02	2.950000000000000000e+05	6.089171785422622918e+01
2.960000000000000000e+02	2.960000000000000000e+05	6.088811821677862213e+01
2.970000000000000000e+02	2.970000000000000000e+05	6.092559610394734904e+01
2.980000000000000000e+02	2.980000000000000000e+05	6.092621156777496338e+01
2.990000000000000000e+02	2.990000000000000000e+05	6.079565518352081455e+01
3.000000000000000000e+02	3.000000000000000000e+05	6.087440877748789347e+01
3.010000000000000000e+02	3.010000000000000000e+05	6.086397040514415835e+01
3.020000000000000000e+02	3.020000000000000000e+05	6.077203980989350640e+01
3.030000000000000000e+02	3.030000000000000000e+05	6.074790239143459303e+01
3.040000000000000000e+02	3.040000000000000000e+05	6.094248617170115523e+01
3.050000000000000000e+02	3.050000000000000000e+05	6.099465441170077185e+01
3.060000000000000000e+02	3.060000000000000000e+05	6.110731326496833304e+01
3.070000000000000000e+02	3.070000000000000000e+05	6.112114888787684919e+01
3.080000000000000000e+02	3.080000000000000000e+05	6.114753521901586453e+01
3.090000000000000000e+02	3.090000000000000000e+05	6.114349058732737774e+01
3.100000000000000000e+02	3.100000000000000000e+05	6.119983092128391888e+01
3.110000000000000000e+02	3.110000000000000000e+05	6.113167141806569305e+01
3.120000000000000000e+02	3.120000000000000000e+05	6.110347567587603379e+01
3.130000000000000000e+02	3.130000000000000000e+05	6.115547009839497150e+01
3.140000000000000000e+02	3.140000000000000000e+05	6.121808456546236954e+01
3.150000000000000000e+02	3.150000000000000000e+05	6.120059366061529715e+01
3.160000000000000000e+02	3.160000000000000000e+05	6.130824462775527195e+01
3.170000000000000000e+02	3.170000000000000000e+05	6.121926362132146693e+01
3.180000000000000000e+02	3.180000000000000000e+05	6.147732872686633954e+01
3.190000000000000000e+02	3.190000000000000000e+05	6.166572178326313747e+01
3.200000000000000000e+02	3.200000000000000000e+05	6.178189641148482991e+01
3.210000000000000000e+02	3.210000000000000000e+05	6.181027563210788855e+01
3.220000000000000000e+02	3.220000000000000000e+05	6.174630017841278828e+01
3.230000000000000000e+02	3.230000000000000000e+05	6.179031295171346727e+01
3.240000000000000000e+02	3.240000000000000000e+05	6.184589111474875267e+01
3.250000000000000000e+02	3.250000000000000000e+05	6.190563391694072237e+01
3.260000000000000000e+02	3.260000000000000000e+05	6.206419350126820689e+01
3.270000000000000000e+02	3.270000000000000000e+05	6.228992281580011792e+01
3.280000000000000000e+02	3.280000000000000000e+05	6.229264797178345958e+01
3.290000000000000000e+02	3.290000000000000000e+05	6.221295160823473935e+01
3.300000000000000000e+02	3.300000000000000000e+05	6.218667771758067886e+01
3.310000000000000000e+02	3.310000000000000000e+05	6.216071879263188293e+01
3.320000000000000000e+02	3.320000000000000000e+05	6.220822107127035139e+01
3.330000000000000000e+02	3.330000000000000000e+05	6.223214892146173582e+01
3.340000000000000000e+02	3.340000000000000000e+05	6.244694153175067441e+01
3.350000000000000000e+02	3.350000000000000000e+05	6.232894060081638088e+01
3.360000000000000000e+02	3.360000000000000000e+05	6.253154549030060139e+01
3.370000000000000000e+02	3.370000000000000000e+05	6.251112612222704001e+01
3.380000000000000000e+02	3.380000000000000000e+05	6.264469278277726971e+01
3.390000000000000000e+02	3.390000000000000000e+05	6.249235207927616642e+01
3.400000000000000000e+02	3.400000000000000000e+05	6.260202764492025551e+01
3.410000000000000000e+02	3.410000000000000000e+05	6.267826703697778612e+01
3.420000000000000000e+02	3.420000000000000000e+05	6.266332331490591656e+01
3.430000000000000000e+02	3.430000000000000000e+05	6.276394689392660808e+01
3.440000000000000000e+02	3.440000000000000000e+05	6.278012836295021515e+01
3.450000000000000000e+02	3.450000000000000000e+05	6.278911286937668024e+01
3.460000000000000000e+02	3.460000000000000000e+05	6.276809217592661838e+01
3.470000000000000000e+02	3.470000000000000000e+05	6.289796359054858499e+01
3.480000000000000000e+02	3.480000000000000000e+05	6.292384069127044910e+01
3.490000000000000000e+02	3.490000000000000000e+05	6.317223728626635904e+01
3.500000000000000000e+02	3.500000000000000000e+05	6.313855059887253418e+01
3.510000000000000000e+02	3.510000000000000000e+05	6.317599779854413100e+01
3.520000000000000000e+02	3.520000000000000000e+05	6.326295821078016246e+01
3.530000000000000000e+02	3.530000000000000000e+05	6.326694886881269753e+01
3.540000000000000000e+02	3.540000000000000000e+05	6.334892471465619934e+01
3.550000000000000000e+02	3.550000000000000000e+05	6.342493287246004741e+01
3.560000000000000000e+02	3.560000000000000000e+05	6.346547305085032775e+01
3.570000000000000000e+02	3.570000000000000000e+05	6.359312914797732219e+01
3.580000000000000000e+02	3.580000000000000000e+05	6.370007289952099683e+01
3.590000000000000000e+02	3.590000000000000000e+05	6.385377633462579183e+01
3.600000000000000000e+02	3.600000000000000000e+05	6.396236689512048201e+01
3.610000000000000000e+02	3.610000000000000000e+05	6.402717570710581185e+01
3.620000000000000000e+02	3.620000000000000000e+05	6.402448550776722414e+01
3.630000000000000000e+02	3.630000000000000000e+05	6.408420253205328265e+01
3.640000000000000000e+02	3.640000000000000000e+05	6.426409378159478081e+01
3.650000000000000000e+02	3.650000000000000000e+05	6.449915316615268068e+01
3.660000000000000000e+02	3.660000000000000000e+05	6.451069846673281916e+01
3.670000000000000000e+02	3.670000000000000000e+05	6.461321410298921819e+01
3.680000000000000000e+02	3.680000000000000000e+05	6.458453300278864617e+01
3.690000000000000000e+02	3.690000000000000000e+05	6.476295007531241765e+01
3.700000000000000000e+02	3.700000000000000000e+05	6.477297877177350927e+01
3.710000000000000000e+02	3.710000000000000000e+05	6.488815831874850915e+01
3.720000000000000000e+02	3.720000000000000000e+05	6.484536504461389939e+01
3.730000000000000000e+02	3.730000000000000000e+05	6.493227723987374134e+01
3.740000000000000000e+02	3.740000000000000000e+05	6.505425092786947516e+01
3.750000000000000000e+02	3.750000000000000000e+05	6.512318764130405668e+01
3.760000000000000000e+02	3.760000000000000000e+05	6.534652957155525144e+01
3.770000000000000000e+02	3.770000000000000000e+05	6.538103624395711222e+01
3.780000000000000000e+02	3.780000000000000000e+05	6.541299839083487200e+01
3.790000000000000000e+02	3.790000000000000000e+05	6.550679333144265115e+01
3.800000000000000000e+02	3.800000000000000000e+05	6.566712220090278151e+01
3.810000000000000000e+02	3.810000000000000000e+05	6.577509427711567014e+01
3.820000000000000000e+02	3.820000000000000000e+05	6.587327666688953798e+01
3.830000000000000000e+02	3.830000000000000000e+05	6.589671002058520344e+01
3.840000000000000000e+02	3.840000000000000000e+05	6.582321336650166188e+01
3.850000000000000000e+02	3.850000000000000000e+05	6.590614175944912745e+01
3.860000000000000000e+02	3.860000000000000000e+05	6.599490635276654871e+01
3.870000000000000000e+02	3.870000000000000000e+05	6.592591071289528770e+01
3.880000000000000000e+02	3.880000000000000000e+05	6.615955336605853176e+01
3.890000000000000000e+02	3.890000000000000000e+05	6.621349209063069452e+01
3.900000000000000000e+02	3.900000000000000000e+05	6.630069388754171200e+01
3.910000000000000000e+02	3.910000000000000000e+05	6.635159390370213828e+01
3.920000000000000000e+02	3.920000000000000000e+05	6.642626700351634383e+01
3.930000000000000000e+02	3.930000000000000000e+05	6.648325330405943134e+01
3.940000000000000000e+02	3.940000000000000000e+05	6.654453648058451165e+01
3.950000000000000000e+02	3.950000000000000000e+05	6.666126247580267261e+01
3.960000000000000000e+02	3.960000000000000000e+05	6.677079502822022050e+01
3.970000000000000000e+02	3.970000000000000000e+05	6.685119848222777250e+01
3.980000000000000000e+02	3.980000000000000000e+05	6.684946841808948648e+01
3.990000000000000000e+02	3.990000000000000000e+05	6.696867903760102081e+01
4.000000000000000000e+02	4.000000000000000000e+05	6.686308353230889168e+01
4.010000000000000000e+02	4.010000000000000000e+05	6.675909828966662474e+01
4.020000000000000000e+02	4.020000000000000000e+05	6.692304452390828828e+01
4.030000000000000000e+02	4.030000000000000000e+05	6.684220502832134514e+01
4.040000000000000000e+02	4.040000000000000000e+05	6.700166105061126132e+01
4.050000000000000000e+02	4.050000000000000000e+05	6.714369778442080872e+01
4.060000000000000000e+02	4.060000000000000000e+05	6.719463928212599058e+01
4.070000000000000000e+02	4.070000000000000000e+05	6.734129292699199709e+01
4.080000000000000000e+02	4.080000000000000000e+05	6.719755160062845789e+01
4.090000000000000000e+02	4.090000000000000000e+05	6.719052921189894789e+01
4.100000000000000000e+02	4.100000000000000000e+05	6.715447650179974914e+01
4.110000000000000000e+02	4.110000000000000000e+05	6.719748190542088651e+01
4.120000000000000000e+02	4.120000000000000000e+05	6.719084054668610406e+01
4.130000000000000000e+02	4.130000000000000000e+05	6.727494934782254177e+01
4.140000000000000000e+02	4.140000000000000000e+05	6.714013125841762530e+01
4.150000000000000000e+02	4.150000000000000000e+05	6.732397157740449245e+01
4.160000000000000000e+02	4.160000000000000000e+05	6.743525507024345700e+01
4.170000000000000000e+02	4.170000000000000000e+05	6.753931325361672577e+01
4.180000000000000000e+02	4.180000000000000000e+05	6.755323137866123773e+01
4.190000000000000000e+02	4.190000000000000000e+05	6.761129579563080938e+01
4.200000000000000000e+02	4.200000000000000000e+05	6.774741508681127300e+01
4.210000000000000000e+02	4.210000000000000000e+05	6.770475681586592032e+01
4.220000000000000000e+02	4.220000000000000000e+05	6.780834576410816794e+01
4.230000000000000000e+02	4.230000000000000000e+05	6.785341474817030871e+01
4.240000000000000000e+02	4.240000000000000000e+05	6.806629352380859643e+01
4.250000000000000000e+02	4.250000000000000000e+05	6.806793197519203886e+01
4.260000000000000000e+02	4.260000000000000000e+05	6.816557912683205700e+01
4.270000000000000000e+02	4.270000000000000000e+05	6.819244837071572363e+01
4.280000000000000000e+02	4.280000000000000000e+05	6.813741515275283689e+01
4.290000000000000000e+02	4.290000000000000000e+05	6.838477572743933308e+01
4.300000000000000000e+02	4.300000000000000000e+05	6.852636306338968097e+01
4.310000000000000000e+02	4.310000000000000000e+05	6.853363358981543740e+01
4.320000000000000000e+02	4.320000000000000000e+05	6.864990333822521507e+01
4.330000000000000000e+02	4.330000000000000000e+05	6.854339491898475956e+01
4.340000000000000000e+02	4.340000000000000000e+05	6.878160327874773827e+01
4.350000000000000000e+02	4.350000000000000000e+05	6.893720215691543274e+01
4.360000000000000000e+02	4.360000000000000000e+05	6.908102815394627783e+01
4.370000000000000000e+02	4.370000000000000000e+05	6.910866599526350740e+01
4.380000000000000000e+02	4.380000000000000000e+05	6.920756398540166288e+01
4.390000000000000000e+02	4.390000000000000000e+05	6.930048898989781492e+01
4.400000000000000000e+02	4.400000000000000000e+05	6.936002220301199372e+01
4.410000000000000000e+02	4.410000000000000000e+05	6.942836404784925719e+01
4.420000000000000000e+02	4.420000000000000000e+05	6.955032696855957397e+01
4.430000000000000000e+02	4.430000000000000000e+05	6.962958876022288734e+01
4.440000000000000000e+02	4.440000000000000000e+05	6.971412619656619825e+01
4.450000000000000000e+02	4.450000000000000000e+05	6.982569935221961543e+01
4.460000000000000000e+02	4.460000000000000000e+05	6.995717946323672720e+01
4.470000000000000000e+02	4.470000000000000000e+05	7.002181381720866682e+01
4.480000000000000000e+02	4.480000000000000000e+05	7.011300906538284039e+01
4.490000000000000000e+02	4.490000000000000000e+05	7.004512880079995796e+01
4.500000000000000000e+02	4.500000000000000000e+05	7.014126866411271521e+01
4.510000000000000000e+02	4.510000000000000000e+05	7.021933495143024118e+01
4.520000000000000000e+02	4.520000000000000000e+05	7.041481061597123414e+01
4.530000000000000000e+02	4.530000000000000000e+05	7.048132398297562418e+01
4.540000000000000000e+02	4.540000000000000000e+05	7.055229455963078067e+01
4.550000000000000000e+02	4.550000000000000000e+05	7.063541979952694305e+01
4.560000000000000000e+02	4.560000000000000000e+05	7.064182698952571116e+01
4.570000000000000000e+02	4.570000000000000000e+05	7.068707876203039575e+01
4.580000000000000000e+02	4.580000000000000000e+05	7.070673274031730671e+01
4.590000000000000000e+02	4.590000000000000000e+05	7.070367211473175928e+01
4.600000000000000000e+02	4.600000000000000000e+05	7.072729114862453059e+01
4.610000000000000000e+02	4.610000000000000000e+05	7.087878446852683112e+01
4.620000000000000000e+02	4.620000000000000000e+05	7.099339850081825887e+01
4.630000000000000000e+02	4.630000000000000000e+05	7.096418758571337548e+01
4.640000000000000000e+02	4.640000000000000000e+05	7.105056968166373110e+01
4.650000000000000000e+02	4.650000000000000000e+05	7.118131574660965555e+01
4.660000000000000000e+02	4.660000000000000000e+05	7.123432803942981195e+01
4.670000000000000000e+02	4.670000000000000000e+05	7.122228740028256766e+01
4.680000000000000000e+02	4.680000000000000000e+05	7.126193720390649844e+01
4.690000000000000000e+02	4.690000000000000000e+05	7.132430852451768999e+01
4.700000000000000000e+02	4.700000000000000000e+05	7.140091842422739887e+01
4.710000000000000000e+02	4.710000000000000000e+05	7.163340661442126134e+01
4.720000000000000000e+02	4.720000000000000000e+05	7.178973416308349442e+01
4.730000000000000000e+02	4.730000000000000000e+05	7.167796611826361186e+01
4.740000000000000000e+02	4.740000000000000000e+05	7.167655572157423194e+01
4.750000000000000000e+02	4.750000000000000000e+05	7.166999006786753057e+01
4.760000000000000000e+02	4.760000000000000000e+05	7.163374264579432804e+01
4.770000000000000000e+02	4.770000000000000000e+05	7.169339747471727264e+01
4.780000000000000000e+02	4.780000000000000000e+05	7.167493512861413762e+01
4.790000000000000000e+02	4.790000000000000000e+05	7.167402959789292538e+01
4.800000000000000000e+02	4.800000000000000000e+05	7.164219589956820755e+01
4.810000000000000000e+02	4.810000000000000000e+05	7.183173187346740463e+01
4.820000000000000000e+02	4.820000000000000000e+05	7.190483792919391703e+01
4.830000000000000000e+02	4.830000000000000000e+05	7.200135371816482177e+01
4.840000000000000000e+02	4.840000000000000000e+05	7.200943830579068106e+01
4.850000000000000000e+02	4.850000000000000000e+05	7.216056452924799203e+01
4.860000000000000000e+02	4.860000000000000000e+05	7.209943156798364328e+01
4.870000000000000000e+02	4.870000000000000000e+05	7.230860396647474886e+01
4.880000000000000000e+02	4.880000000000000000e+05	7.253366991406745967e+01
4.890000000000000000e+02	4.890000000000000000e+05	7.252981157385353583e+01
4.900000000000000000e+02	4.900000000000000000e+05	7.269842227119066536e+01
4.910000000000000000e+02	4.910000000000000000e+05	7.285883674739275762e+01
4.920000000000000000e+02	4.920000000000000000e+05	7.297144548985727397e+01
4.930000000000000000e+02	4.930000000000000000e+05	7.333052969879585703e+01
4.940000000000000000e+02	4.940000000000000000e+05	7.329359815477451434e+01
4.950000000000000000e+02	4.950000000000000000e+05	7.340261168218606258e+01
4.960000000000000000e+02	4.960000000000000000e+05	7.343990314286625676e+01
4.970000000000000000e+02	4.970000000000000000e+05	7.344193733665079549e+01
4.980000000000000000e+02	4.980000000000000000e+05	7.346965554648433283e+01
4.990000000000000000e+02	4.990000000000000000e+05	7.336290352580940066e+01
5.000000000000000000e+02	5.000000000000000000e+05	7.331594642795828065e+01
5.010000000000000000e+02	5.010000000000000000e+05	7.323538348744392579e+01
5.020000000000000000e+02	5.020000000000000000e+05	7.318149735373451392e+01
5.030000000000000000e+02	5.030000000000000000e+05	7.314604836085634076e+01
5.040000000000000000e+02	5.040000000000000000e+05	7.314493817330846070e+01
5.050000000000000000e+02	5.050000000000000000e+05	7.316057254007418464e+01
5.060000000000000000e+02	5.060000000000000000e+05	7.319831753661736684e+01
5.070000000000000000e+02	5.070000000000000000e+05	7.329493701815006546e+01
5.080000000000000000e+02	5.080000000000000000e+05	7.325516277147742983e+01
5.090000000000000000e+02	5.090000000000000000e+05	7.347676311930189286e+01
5.100000000000000000e+02	5.100000000000000000e+05	7.370084706068628577e+01
5.110000000000000000e+02	5.110000000000000000e+05	7.363320018200060701e+01
5.120000000000000000e+02	5.120000000000000000e+05	7.360416923904776354e+01
5.130000000000000000e+02	5.130000000000000000e+05	7.369019580976865313e+01
5.140000000000000000e+02	5.140000000000000000e+05	7.363478050503142924e+01
5.150000000000000000e+02	5.150000000000000000e+05	7.363714295829782941e+01
5.160000000000000000e+02	5.160000000000000000e+05	7.350738343801937447e+01
5.170000000000000000e+02	5.170000000000000000e+05	7.352257447439018279e+01
5.180000000000000000e+02	5.180000000000000000e+05	7.354490205519047663e+01
5.190000000000000000e+02	5.190000000000000000e+05	7.356645965253078145e+01
5.200000000000000000e+02	5.200000000000000000e+05	7.360270981835120097e+01
5.210000000000000000e+02	5.210000000000000000e+05	7.363327813074329242e+01
5.220000000000000000e+02	5.220000000000000000e+05	7.357262358918711698e+01
5.230000000000000000e+02	5.230000000000000000e+05	7.340852874464053457e+01
5.240000000000000000e+02	5.240000000000000000e+05	7.332853433521671604e+01
5.250000000000000000e+02	5.250000000000000000e+05	7.351829451394927162e+01
5.260000000000000000e+02	5.260000000000000000e+05	7.355925751682971736e+01
5.270000000000000000e+02	5.270000000000000000e+05	7.365584804951582498e+01
5.280000000000000000e+02	5.280000000000000000e+05	7.375210704346707757e+01
5.290000000000000000e+02	5.290000000000000000e+05	7.378242400822237812e+01
5.300000000000000000e+02	5.300000000000000000e+05	7.392642516498156624e+01
5.310000000000000000e+02	5.310000000000000000e+05	7.415710908497183596e+01
5.320000000000000000e+02	5.320000000000000000e+05	7.433417139534023477e+01
5.330000000000000000e+02	5.330000000000000000e+05	7.434239966010237310e+01
5.340000000000000000e+02	5.340000000000000000e+05	7.438518970377343464e+01
5.350000000000000000e+02	5.350000000000000000e+05	7.435099661855802822e+01
5.360000000000000000e+02	5.360000000000000000e+05	7.436222843131800175e+01
5.370000000000000000e+02	5.370000000000000000e+05	7.447780497931822197e+01
5.380000000000000000e+02	5.380000000000000000e+05	7.464867105755446630e+01
5.390000000000000000e+02	5.390000000000000000e+05	7.478985208525693906e+01
5.400000000000000000e+02	5.400000000000000000e+05	7.483106573132359074e+01
5.410000000000000000e+02	5.410000000000000000e+05	7.487529558812883579e+01
5.420000000000000000e+02	5.420000000000000000e+05	7.494416584638520362e+01
5.430000000000000000e+02	5.430000000000000000e+05	7.492638862181171078e+01
5.440000000000000000e+02	5.440000000000000000e+05	7.510352286148446410e+01
5.450000000000000000e+02	5.450000000000000000e+05	7.509919532043252843e+01
5.460000000000000000e+02	5.460000000000000000e+05	7.506382720905827455e+01
5.470000000000000000e+02	5.470000000000000000e+05	7.509975707320995753e+01
5.480000000000000000e+02	5.480000000000000000e+05	7.522933827943880658e+01
5.490000000000000000e+02	5.490000000000000000e+05	7.525238691699502169e+01
5.500000000000000000e+02	5.500000000000000000e+05	7.529827828760193142e+01
5.510000000000000000e+02	5.510000000000000000e+05	7.517302437358614497e+01
5.520000000000000000e+02	5.520000000000000000e+05	7.515701743220213871e+01
5.530000000000000000e+02	5.530000000000000000e+05	7.515535619143423673e+01
5.540000000000000000e+02	5.540000000000000000e+05	7.510417053127333986e+01
5.550000000000000000e+02	5.550000000000000000e+05	7.508202276977823431e+01
5.560000000000000000e+02	5.560000000000000000e+05	7.504661031416115691e+01
5.570000000000000000e+02	5.570000000000000000e+05	7.520104565636975735e+01
5.580000000000000000e+02	5.580000000000000000e+05	7.516053753946346205e+01
5.590000000000000000e+02	5.590000000000000000e+05	7.511416679729593682e+01
5.600000000000000000e+02	5.600000000000000000e+05	7.514691146453921533e+01
5.610000000000000000e+02	5.610000000000000000e+05	7.510219720921338649e+01
5.620000000000000000e+02	5.620000000000000000e+05	7.507282382485765027e+01
5.630000000000000000e+02	5.630000000000000000e+05	7.525205320634704265e+01
5.640000000000000000e+02	5.640000000000000000e+05	7.521127462820511766e+01
5.650000000000000000e+02	5.650000000000000000e+05	7.531578821812198044e+01
5.660000000000000000e+02	5.660000000000000000e+05	7.536610584816291691e+01
5.670000000000000000e+02	5.670000000000000000e+05	7.527164570148055134e+01
5.680000000000000000e+02	5.680000000000000000e+05	7.523233516125203835e+01
5.690000000000000000e+02	5.690000000000000000e+05	7.516897925149177695e+01
5.700000000000000000e+02	5.700000000000000000e+05	7.522518427862858914e+01
5.710000000000000000e+02	5.710000000000000000e+05	7.513668549035710953e+01
5.720000000000000000e+02	5.720000000000000000e+05	7.515087648484265515e+01
5.730000000000000000e+02	5.730000000000000000e+05	7.526573102658363723e+01
5.740000000000000000e+02	5.740000000000000000e+05	7.526765544289428078e+01
5.750000000000000000e+02	5.750000000000000000e+05	7.539552543017990160e+01
5.760000000000000000e+02	5.760000000000000000e+05	7.543643170410040000e+01
5.770000000000000000e+02	5.770000000000000000e+05	7.551908928658447451e+01
5.780000000000000000e+02	5.780000000000000000e+05	7.566277769370660167e+01
5.790000000000000000e+02	5.790000000000000000e+05	7.570573840887156791e+01
5.800000000000000000e+02	5.800000000000000000e+05	7.559419901295350996e+01
5.810000000000000000e+02	5.810000000000000000e+05	7.547874431450550503e+01
5.820000000000000000e+02	5.820000000000000000e+05	7.553627803985477840e+01
5.830000000000000000e+02	5.830000000000000000e+05	7.574015140758828579e+01
5.840000000000000000e+02	5.840000000000000000e+05	7.585070555517243918e+01
5.850000000000000000e+02	5.850000000000000000e+05	7.587095969818012975e+01
5.860000000000000000e+02	5.860000000000000000e+05	7.569069923705558267e+01
5.870000000000000000e+02	5.870000000000000000e+05	7.586843982771819128e+01
5.880000000000000000e+02	5.880000000000000000e+05	7.583342833400330107e+01
5.890000000000000000e+02	5.890000000000000000e+05	7.599115024194163936e+01
5.900000000000000000e+02	5.900000000000000000e+05	7.615288311645083752e+01
5.910000000000000000e+02	5.910000000000000000e+05	7.617484136287529850e+01
5.920000000000000000e+02	5.920000000000000000e+05	7.628814309777700942e+01
5.930000000000000000e+02	5.930000000000000000e+05	7.644800712945379928e+01
5.940000000000000000e+02	5.940000000000000000e+05	7.627884555810156542e+01
5.950000000000000000e+02	5.950000000000000000e+05	7.637922388254291661e+01
5.960000000000000000e+02	5.960000000000000000e+05	7.643966510726633601e+01
5.970000000000000000e+02	5.970000000000000000e+05	7.658425108769371548e+01
5.980000000000000000e+02	5.980000000000000000e+05	7.649137568404732690e+01
5.990000000000000000e+02	5.990000000000000000e+05	7.650983541607121197e+01
6.000000000000000000e+02	6.000000000000000000e+05	7.663933514424402915e+01
6.010000000000000000e+02	6.010000000000000000e+05	7.662337273174368590e+01
6.020000000000000000e+02	6.020000000000000000e+05	7.683195002749094726e+01
6.030000000000000000e+02	6.030000000000000000e+05	7.682872379998065071e+01
6.040000000000000000e+02	6.040000000000000000e+05	7.684600393425685638e+01
6.050000000000000000e+02	6.050000000000000000e+05	7.686632066828147458e+01
6.060000000000000000e+02	6.060000000000000000e+05	7.710267691163767267e+01
6.070000000000000000e+02	6.070000000000000000e+05	7.715322398476476451e+01
6.080000000000000000e+02	6.080000000000000000e+05	7.690847203557618172e+01
6.090000000000000000e+02	6.090000000000000000e+05	7.687409282429210577e+01
6.100000000000000000e+02	6.100000000000000000e+05	7.688503504811052380e+01
6.110000000000000000e+02	6.110000000000000000e+05	7.693684000038336990e+01
6.120000000000000000e+02	6.120000000000000000e+05	7.703706772739708697e+01
6.130000000000000000e+02	6.130000000000000000e+05	7.698442960739549790e+01
6.140000000000000000e+02	6.140000000000000000e+05	7.712591314897258599e+01
6.150000000000000000e+02	6.150000000000000000e+05	7.737273475646649956e+01
6.160000000000000000e+02	6.160000000000000000e+05	7.749915079474885715e+01
6.170000000000000000e+02	6.170000000000000000e+05	7.760868569304714981e+01
6.180000000000000000e+02	6.180000000000000000e+05	7.755784443244779425e+01
6.190000000000000000e+02	6.190000000000000000e+05	7.769136459799460681e+01
6.200000000000000000e+02	6.200000000000000000e+05	7.785390581118375053e+01
6.210000000000000000e+02	6.210000000000000000e+05	7.786347115906093563e+01
6.220000000000000000e+02	6.220000000000000000e+05	7.792359587491772288e+01
6.230000000000000000e+02	6.230000000000000000e+05	7.795992650364865995e+01
6.240000000000000000e+02	6.240000000000000000e+05	7.786677099119899026e+01
6.250000000000000000e+02	6.250000000000000000e+05	7.795519820818560675e+01
6.260000000000000000e+02	6.260000000000000000e+05	7.813635270640969566e+01
6.270000000000000000e+02	6.270000000000000000e+05	7.809310606205038141e+01
6.280000000000000000e+02	6.280000000000000000e+05	7.816833759347755972e+01
6.290000000000000000e+02	6.290000000000000000e+05	7.814420499151503918e+01
6.300000000000000000e+02	6.300000000000000000e+05	7.835420244922561039e+01
6.310000000000000000e+02	6.310000000000000000e+05	7.855163972222332802e+01
6.320000000000000000e+02	6.320000000000000000e+05	7.867110479571063308e+01
6.330000000000000000e+02	6.330000000000000000e+05	7.860033750060934210e+01
6.340000000000000000e+02	6.340000000000000000e+05	7.870043027796012325e+01
6.350000000000000000e+02	6.350000000000000000e+05	7.856627635723958747e+01
6.360000000000000000e+02	6.360000000000000000e+05	7.862039660604493463e+01
6.370000000000000000e+02	6.370000000000000000e+05	7.851080385773695980e+01
6.380000000000000000e+02	6.380000000000000000e+05	7.872529966997582562e+01
6.390000000000000000e+02	6.390000000000000000e+05	7.878694648869741002e+01
6.400000000000000000e+02	6.400000000000000000e+05	7.869714136561985640e+01
6.410000000000000000e+02	6.410000000000000000e+05	7.882873627772436009e+01
6.420000000000000000e+02	6.420000000000000000e+05	7.881676216034121296e+01
6.430000000000000000e+02	6.430000000000000000e+05	7.894652687902166122e+01
6.440000000000000000e+02	6.440000000000000000e+05	7.896407144113197774e+01
6.450000000000000000e+02	6.450000000000000000e+05	7.880040712434515626e+01
6.460000000000000000e+02	6.460000000000000000e+05	7.895930897122613601e+01
6.470000000000000000e+02	6.470000000000000000e+05	7.895992697888003420e+01
6.480000000000000000e+02	6.480000000000000000e+05	7.886766457737618907e+01
6.490000000000000000e+02	6.490000000000000000e+05	7.898039876777548329e+01
6.500000000000000000e+02	6.500000000000000000e+05	7.892977971938752546e+01
6.510000000000000000e+02	6.510000000000000000e+05	7.888320960217056665e+01
6.520000000000000000e+02	6.520000000000000000e+05	7.890838997398374488e+01
6.530000000000000000e+02	6.530000000000000000e+05	7.894985430102344992e+01
6.540000000000000000e+02	6.540000000000000000e+05	7.897135020853134790e+01
6.550000000000000000e+02	6.550000000000000000e+05	7.900424903924138675e+01
6.560000000000000000e+02	6.560000000000000000e+05	7.905581076836914178e+01
6.570000000000000000e+02	6.570000000000000000e+05	7.906563300469352384e+01
6.580000000000000000e+02	6.580000000000000000e+05	7.905541902240774732e+01
6.590000000000000000e+02	6.590000000000000000e+05	7.895638861797257846e+01
6.600000000000000000e+02	6.600000000000000000e+05	7.917875452450614659e+01
6.610000000000000000e+02	6.610000000000000000e+05	7.910193168519343487e+01
6.620000000000000000e+02	6.620000000000000000e+05	7.929839702715965188e+01
6.630000000000000000e+02	6.630000000000000000e+05	7.942469861668301689e+01
6.640000000000000000e+02	6.640000000000000000e+05	7.940896976222751391e+01
6.650000000000000000e+02	6.650000000000000000e+05	7.937716205344437981e+01
6.660000000000000000e+02	6.660000000000000000e+05	7.936519862501047839e+01
6.670000000000000000e+02	6.670000000000000000e+05	7.930887646250229750e+01
6.680000000000000000e+02	6.680000000000000000e+05	7.947902902906893985e+01
6.690000000000000000e+02	6.690000000000000000e+05	7.951741542284331388e+01
6.700000000000000000e+02	6.700000000000000000e+05	7.949641359213012493e+01
6.710000000000000000e+02	6.710000000000000000e+05	7.956013850846538560e+01
6.720000000000000000e+02	6.720000000000000000e+05	7.964357949173786722e+01
6.730000000000000000e+02	6.730000000000000000e+05	7.964653031666789218e+01
6.740000000000000000e+02	6.740000000000000000e+05	7.975211241096279480e+01
6.750000000000000000e+02	6.750000000000000000e+05	7.970577467593805920e+01
6.760000000000000000e+02	6.760000000000000000e+05	7.951697471453205424e+01
6.770000000000000000e+02	6.770000000000000000e+05	7.960668555286508763e+01
6.780000000000000000e+02	6.780000000000000000e+05	7.979234576373426080e+01
6.790000000000000000e+02	6.790000000000000000e+05	7.998971241686010103e+01
6.800000000000000000e+02	6.800000000000000000e+05	7.989103428418529518e+01
6.810000000000000000e+02	6.810000000000000000e+05	7.982522182009502387e+01
6.820000000000000000e+02	6.820000000000000000e+05	7.987447381705379712e+01
6.830000000000000000e+02	6.830000000000000000e+05	8.005028251876082379e+01
6.840000000000000000e+02	6.840000000000000000e+05	8.013511946530088892e+01
6.850000000000000000e+02	6.850000000000000000e+05	8.027895841895919204e+01
6.860000000000000000e+02	6.860000000000000000e+05	8.017958137606950686e+01
6.870000000000000000e+02	6.870000000000000000e+05	8.008214139837947698e+01
6.880000000000000000e+02	6.880000000000000000e+05	7.997845035364984767e+01
6.890000000000000000e+02	6.890000000000000000e+05	7.994860484355415053e+01
6.900000000000000000e+02	6.900000000000000000e+05	7.996947554523931956e+01
6.910000000000000000e+02	6.910000000000000000e+05	8.002379425918852007e+01
6.920000000000000000e+02	6.920000000000000000e+05	8.000759345858574534e+01
6.930000000000000000e+02	6.930000000000000000e+05	8.017678109927979335e+01
6.940000000000000000e+02	6.940000000000000000e+05	8.029616514013416406e+01
6.950000000000000000e+02	6.950000000000000000e+05	8.045039491477514559e+01
6.960000000000000000e+02	6.960000000000000000e+05	8.052083192720586169e+01
6.970000000000000000e+02	6.970000000000000000e+05	8.042812356418744457e+01
6.980000000000000000e+02	6.980000000000000000e+05	8.061230837628168899e+01
6.990000000000000000e+02	6.990000000000000000e+05	8.060063637121621127e+01
7.000000000000000000e+02	7.000000000000000000e+05	8.068120636600288265e+01
7.010000000000000000e+02	7.010000000000000000e+05	8.078506880786349598e+01
7.020000000000000000e+02	7.020000000000000000e+05	8.067900618486530107e+01
7.030000000000000000e+02	7.030000000000000000e+05	8.053373047756176106e+01
7.040000000000000000e+02	7.040000000000000000e+05	8.061519635607162115e+01
7.050000000000000000e+02	7.050000000000000000e+05	8.071251505867451215e+01
7.060000000000000000e+02	7.060000000000000000e+05	8.077612878996004042e+01
7.070000000000000000e+02	7.070000000000000000e+05	8.076893726976723542e+01
7.080000000000000000e+02	7.080000000000000000e+05	8.074746229637591455e+01
7.090000000000000000e+02	7.090000000000000000e+05	8.069425257334964385e+01
7.100000000000000000e+02	7.100000000000000000e+05	8.083479300206121820e+01
7.110000000000000000e+02	7.110000000000000000e+05	8.087352978602113751e+01
7.120000000000000000e+02	7.120000000000000000e+05	8.085495702566926468e+01
7.130000000000000000e+02	7.130000000000000000e+05	8.093266862355557123e+01
7.140000000000000000e+02	7.140000000000000000e+05	8.096990787959893510e+01
7.150000000000000000e+02	7.150000000000000000e+05	8.095862298369759458e+01
7.160000000000000000e+02	7.160000000000000000e+05	8.112138349249771352e+01
7.170000000000000000e+02	7.170000000000000000e+05	8.105553534527265924e+01
7.180000000000000000e+02	7.180000000000000000e+05	8.118123603296908186e+01
7.190000000000000000e+02	7.190000000000000000e+05	8.106723413417674351e+01
7.200000000000000000e+02	7.200000000000000000e+05	8.108504015382523278e+01
7.210000000000000000e+02	7.210000000000000000e+05	8.110316984734322432e+01
7.220000000000000000e+02	7.220000000000000000e+05	8.108844150199621481e+01
7.230000000000000000e+02	7.230000000000000000e+05	8.119121593316577901e+01
7.240000000000000000e+02	7.240000000000000000e+05	8.119944266319419057e+01
7.250000000000000000e+02	7.250000000000000000e+05	8.119692929365145062e+01
7.260000000000000000e+02	7.260000000000000000e+05	8.129293259776663660e+01
7.270000000000000000e+02	7.270000000000000000e+05	8.138031633245327612e+01
7.280000000000000000e+02	7.280000000000000000e+05	8.141871636933549894e+01
7.290000000000000000e+02	7.290000000000000000e+05	8.147268139729837344e+01
7.300000000000000000e+02	7.300000000000000000e+05	8.139015270162148852e+01
7.310000000000000000e+02	7.310000000000000000e+05	8.141808561909274999e+01
7.320000000000000000e+02	7.320000000000000000e+05	8.138054111571524629e+01
7.330000000000000000e+02	7.330000000000000000e+05	8.121965061060181768e+01
7.340000000000000000e+02	7.340000000000000000e+05	8.125049833787623754e+01
7.350000000000000000e+02	7.350000000000000000e+05	8.130325601897040144e+01
7.360000000000000000e+02	7.360000000000000000e+05	8.135463685458142891e+01
7.370000000000000000e+02	7.370000000000000000e+05	8.128968276374141055e+01
7.380000000000000000e+02	7.380000000000000000e+05	8.132539781166538262e+01
7.390000000000000000e+02	7.390000000000000000e+05	8.141819029926017492e+01
7.400000000000000000e+02	7.400000000000000000e+05	8.152851763006468389e+01
7.410000000000000000e+02	7.410000000000000000e+05	8.148813213500858410e+01
7.420000000000000000e+02	7.420000000000000000e+05	8.152875320570231565e+01
7.430000000000000000e+02	7.430000000000000000e+05	8.152635700172845645e+01
7.440000000000000000e+02	7.440000000000000000e+05	8.149994289156164484e+01
7.450000000000000000e+02	7.450000000000000000e+05	8.149000766798771167e+01
7.460000000000000000e+02	7.460000000000000000e+05	8.152983859800860955e+01
7.470000000000000000e+02	7.470000000000000000e+05	8.170867283894271793e+01
7.480000000000000000e+02	7.480000000000000000e+05	8.192071972412698244e+01
7.490000000000000000e+02	7.490000000000000000e+05	8.184598172355742918e+01
7.500000000000000000e+02	7.500000000000000000e+05	8.196245998250022069e+01
7.510000000000000000e+02	7.510000000000000000e+05	8.200696512340664412e+01
7.520000000000000000e+02	7.520000000000000000e+05	8.218176847571122323e+01
7.530000000000000000e+02	7.530000000000000000e+05	8.205492127270261449e+01
7.540000000000000000e+02	7.540000000000000000e+05	8.206722594629965783e+01
7.550000000000000000e+02	7.550000000000000000e+05	8.224352846974396414e+01
7.560000000000000000e+02	7.560000000000000000e+05	8.217296430519137118e+01
7.570000000000000000e+02	7.570000000000000000e+05	8.217870340768295989e+01
7.580000000000000000e+02	7.580000000000000000e+05	8.202033229236404566e+01
7.590000000000000000e+02	7.590000000000000000e+05	8.208808661988507538e+01
7.600000000000000000e+02	7.600000000000000000e+05	8.214489829671215659e+01
7.610000000000000000e+02	7.610000000000000000e+05	8.210928470218843245e+01
7.620000000000000000e+02	7.620000000000000000e+05	8.222642656184557097e+01
7.630000000000000000e+02	7.630000000000000000e+05	8.225161263931512678e+01
7.640000000000000000e+02	7.640000000000000000e+05	8.236569227779597213e+01
7.650000000000000000e+02	7.650000000000000000e+05	8.222819130053736103e+01
7.660000000000000000e+02	7.660000000000000000e+05	8.227217613636307192e+01
7.670000000000000000e+02	7.670000000000000000e+05	8.220382755134566821e+01
7.680000000000000000e+02	7.680000000000000000e+05	8.224630721341985407e+01
7.690000000000000000e+02	7.690000000000000000e+05	8.219084747210065700e+01
7.700000000000000000e+02	7.700000000000000000e+05	8.215393414692829310e+01
7.710000000000000000e+02	7.710000000000000000e+05	8.241067307439567458e+01
7.720000000000000000e+02	7.720000000000000000e+05	8.243252104315706674e+01
7.730000000000000000e+02	7.730000000000000000e+05	8.211952628839058832e+01
7.740000000000000000e+02	7.740000000000000000e+05	8.224842688396462620e+01
7.750000000000000000e+02	7.750000000000000000e+05	8.241163433946283590e+01
7.760000000000000000e+02	7.760000000000000000e+05	8.240554353062762516e+01
7.770000000000000000e+02	7.770000000000000000e+05	8.236567922449107471e+01
7.780000000000000000e+02	7.780000000000000000e+05	8.229029852054290473e+01
7.790000000000000000e+02	7.790000000000000000e+05	8.226177291462468588e+01
7.800000000000000000e+02	7.800000000000000000e+05	8.225925199718531644e+01
7.810000000000000000e+02	7.810000000000000000e+05	8.227252695163981855e+01
7.820000000000000000e+02	7.820000000000000000e+05	8.241577976586950172e+01
7.830000000000000000e+02	7.830000000000000000e+05	8.254072781611384357e+01
7.840000000000000000e+02	7.840000000000000000e+05	8.272593464270102004e+01
7.850000000000000000e+02	7.850000000000000000e+05	8.296563018503668729e+01
7.860000000000000000e+02	7.860000000000000000e+05	8.290596681244866772e+01
7.870000000000000000e+02	7.870000000000000000e+05	8.293975457492281578e+01
7.880000000000000000e+02	7.880000000000000000e+05	8.293482572697415378e+01
7.890000000000000000e+02	7.890000000000000000e+05	8.310498969573620798e+01
7.900000000000000000e+02	7.900000000000000000e+05	8.321286185611809572e+01
7.910000000000000000e+02	7.910000000000000000e+05	8.314210658284102351e+01
7.920000000000000000e+02	7.920000000000000000e+05	8.313528006898511080e+01
7.930000000000000000e+02	7.930000000000000000e+05	8.328237580451538236e+01
7.940000000000000000e+02	7.940000000000000000e+05	8.335358791647028909e+01
7.950000000000000000e+02	7.950000000000000000e+05	8.353965944524337317e+01
7.960000000000000000e+02	7.960000000000000000e+05	8.368661661119729445e+01
7.970000000000000000e+02	7.970000000000000000e+05	8.391685353118599267e+01
7.980000000000000000e+02	7.980000000000000000e+05	8.400463400442585282e+01
7.990000000000000000e+02	7.990000000000000000e+05	8.406788754574380107e+01
8.000000000000000000e+02	8.000000000000000000e+05	8.410181314916314932e+01
8.010000000000000000e+02	8.010000000000000000e+05	8.409198684251461486e+01
8.020000000000000000e+02	8.020000000000000000e+05	8.416019213628821660e+01
8.030000000000000000e+02	8.030000000000000000e+05	8.422337943654791559e+01
8.040000000000000000e+02	8.040000000000000000e+05	8.448507179967363356e+01
8.050000000000000000e+02	8.050000000000000000e+05	8.459736908144506629e+01
8.060000000000000000e+02	8.060000000000000000e+05	8.481165701965902315e+01
8.070000000000000000e+02	8.070000000000000000e+05	8.476153797563389958e+01
8.080000000000000000e+02	8.080000000000000000e+05	8.479783456497838756e+01
8.090000000000000000e+02	8.090000000000000000e+05	8.491263559619358148e+01
8.100000000000000000e+02	8.100000000000000000e+05	8.487451886961741820e+01
8.110000000000000000e+02	8.110000000000000000e+05	8.499422805270505421e+01
8.120000000000000000e+02	8.120000000000000000e+05	8.515277593970034786e+01
8.130000000000000000e+02	8.130000000000000000e+05	8.531840248838318530e+01
8.140000000000000000e+02	8.140000000000000000e+05	8.521213957230936842e+01
8.150000000000000000e+02	8.150000000000000000e+05	8.529141986841803202e+01
8.160000000000000000e+02	8.160000000000000000e+05	8.529631802468774993e+01
8.170000000000000000e+02	8.170000000000000000e+05	8.518319032252382783e+01
8.180000000000000000e+02	8.180000000000000000e+05	8.537810689865418112e+01
8.190000000000000000e+02	8.190000000000000000e+05	8.563680142105792470e+01
8.200000000000000000e+02	8.200000000000000000e+05	8.567570674174207568e+01
8.210000000000000000e+02	8.210000000000000000e+05	8.573998864963608924e+01
8.220000000000000000e+02	8.220000000000000000e+05	8.580243329589984569e+01
8.230000000000000000e+02	8.230000000000000000e+05	8.577837437349458583e+01
8.240000000000000000e+02	8.240000000000000000e+05	8.605203270215808686e+01
8.250000000000000000e+02	8.250000000000000000e+05	8.609121098987405674e+01
8.260000000000000000e+02	8.260000000000000000e+05	8.611507397127711272e+01
8.270000000000000000e+02	8.270000000000000000e+05	8.618464448743537787e+01
8.280000000000000000e+02	8.280000000000000000e+05	8.614962593140464264e+01
8.290000000000000000e+02	8.290000000000000000e+05	8.623257784554972716e+01
8.300000000000000000e+02	8.300000000000000000e+05	8.635595756523682098e+01
8.310000000000000000e+02	8.310000000000000000e+05	8.649968892226978312e+01
8.320000000000000000e+02	8.320000000000000000e+05	8.634864874918292799e+01
8.330000000000000000e+02	8.330000000000000000e+05	8.648827112770919712e+01
8.340000000000000000e+02	8.340000000000000000e+05	8.636567855622570278e+01
8.350000000000000000e+02	8.350000000000000000e+05	8.631684087429967178e+01
8.360000000000000000e+02	8.360000000000000000e+05	8.622390210266186727e+01
8.370000000000000000e+02	8.370000000000000000e+05	8.616253512150359484e+01
8.380000000000000000e+02	8.380000000000000000e+05	8.612355554612111064e+01
8.390000000000000000e+02	8.390000000000000000e+05	8.597707871065595953e+01
8.400000000000000000e+02	8.400000000000000000e+05	8.587952603594345646e+01
8.410000000000000000e+02	8.410000000000000000e+05	8.592406731312783563e+01
8.420000000000000000e+02	8.420000000000000000e+05	8.604048669442830999e+01
8.430000000000000000e+02	8.430000000000000000e+05	8.605556217606208236e+01
8.440000000000000000e+02	8.440000000000000000e+05	8.617799614646109774e+01
8.450000000000000000e+02	8.450000000000000000e+05	8.620987119354761319e+01
8.460000000000000000e+02	8.460000000000000000e+05	8.639878850198282123e+01
8.470000000000000000e+02	8.470000000000000000e+05	8.644984682773066709e+01
8.480000000000000000e+02	8.480000000000000000e+05	8.649870194089825759e+01
8.490000000000000000e+02	8.490000000000000000e+05	8.648390178711662202e+01
8.500000000000000000e+02	8.500000000000000000e+05	8.660354648611820494e+01
8.510000000000000000e+02	8.510000000000000000e+05	8.662431639828290031e+01
8.520000000000000000e+02	8.520000000000000000e+05	8.660677874030291434e+01
8.530000000000000000e+02	8.530000000000000000e+05	8.673108662486006892e+01
8.540000000000000000e+02	8.540000000000000000e+05	8.680762570332699113e+01
8.550000000000000000e+02	8.550000000000000000e+05	8.699531232611896314e+01
8.560000000000000000e+02	8.560000000000000000e+05	8.702534881481498985e+01
8.570000000000000000e+02	8.570000000000000000e+05	8.709409489941941729e+01
8.580000000000000000e+02	8.580000000000000000e+05	8.718925656464990936e+01
8.590000000000000000e+02	8.590000000000000000e+05	8.714063045389114848e+01
8.600000000000000000e+02	8.600000000000000000e+05	8.701632761744433253e+01
8.610000000000000000e+02	8.610000000000000000e+05	8.706311759395136107e+01
8.620000000000000000e+02	8.620000000000000000e+05	8.704252467978737684e+01
8.630000000000000000e+02	8.630000000000000000e+05	8.715691099988025314e+01
8.640000000000000000e+02	8.640000000000000000e+05	8.735429681433656413e+01
8.650000000000000000e+02	8.650000000000000000e+05	8.753779222663648341e+01
8.660000000000000000e+02	8.660000000000000000e+05	8.749014390191931057e+01
8.670000000000000000e+02	8.670000000000000000e+05	8.750519752957718822e+01
8.680000000000000000e+02	8.680000000000000000e+05	8.767685163493686673e+01
8.690000000000000000e+02	8.690000000000000000e+05	8.772201212740102960e+01
8.700000000000000000e+02	8.700000000000000000e+05	8.759778541520205408e+01
8.710000000000000000e+02	8.710000000000000000e+05	8.750609363824624154e+01
8.720000000000000000e+02	8.720000000000000000e+05	8.756301596303957524e+01
8.730000000000000000e+02	8.730000000000000000e+05	8.756640681305648855e+01
8.740000000000000000e+02	8.740000000000000000e+05	8.763420558060322207e+01
8.750000000000000000e+02	8.750000000000000000e+05	8.771444065953737379e+01
8.760000000000000000e+02	8.760000000000000000e+05	8.758220321243835826e+01
8.770000000000000000e+02	8.770000000000000000e+05	8.765565762349621082e+01
8.780000000000000000e+02	8.780000000000000000e+05	8.772431485611343760e+01
8.790000000000000000e+02	8.790000000000000000e+05	8.790299090219950529e+01
8.800000000000000000e+02	8.800000000000000000e+05	8.797923453585414677e+01
8.810000000000000000e+02	8.810000000000000000e+05	8.785921911095995540e+01
8.820000000000000000e+02	8.820000000000000000e+05	8.794598156129305266e+01
8.830000000000000000e+02	8.830000000000000000e+05	8.788914292777110404e+01
8.840000000000000000e+02	8.840000000000000000e+05	8.800151218690731980e+01
8.850000000000000000e+02	8.850000000000000000e+05	8.800768709073877005e+01
8.860000000000000000e+02	8.860000000000000000e+05	8.816608313514592510e+01
8.870000000000000000e+02	8.870000000000000000e+05	8.807285542055717542e+01
8.880000000000000000e+02	8.880000000000000000e+05	8.811618022660250915e+01
8.890000000000000000e+02	8.890000000000000000e+05	8.826577585821802074e+01
8.900000000000000000e+02	8.900000000000000000e+05	8.828128418078198081e+01
8.910000000000000000e+02	8.910000000000000000e+05	8.826934786322090076e+01
8.920000000000000000e+02	8.920000000000000000e+05	8.829248157467749536e+01
8.930000000000000000e+02	8.930000000000000000e+05	8.827049716117055311e+01
8.940000000000000000e+02	8.940000000000000000e+05	8.813027663613041796e+01
8.950000000000000000e+02	8.950000000000000000e+05	8.819790969646682299e+01
8.960000000000000000e+02	8.960000000000000000e+05	8.822007833874843641e+01
8.970000000000000000e+02	8.970000000000000000e+05	8.823613297430792102e+01
8.980000000000000000e+02	8.980000000000000000e+05	8.811790445752262713e+01
8.990000000000000000e+02	8.990000000000000000e+05	8.815497231442400050e+01
9.000000000000000000e+02	9.000000000000000000e+05	8.809582073163753080e+01
9.010000000000000000e+02	9.010000000000000000e+05	8.827441949481331562e+01
9.020000000000000000e+02	9.020000000000000000e+05	8.847409159457116345e+01
9.030000000000000000e+02	9.030000000000000000e+05	8.841629790777837172e+01
9.040000000000000000e+02	9.040000000000000000e+05	8.854196874308243537e+01
9.050000000000000000e+02	9.050000000000000000e+05	8.850528874391197576e+01
9.060000000000000000e+02	9.060000000000000000e+05	8.855813400256116097e+01
9.070000000000000000e+02	9.070000000000000000e+05	8.865770938236371990e+01
9.080000000000000000e+02	9.080000000000000000e+05	8.869613657717849264e+01
9.090000000000000000e+02	9.090000000000000000e+05	8.867431821906353662e+01
9.100000000000000000e+02	9.100000000000000000e+05	8.876494861586110119e+01
9.110000000000000000e+02	9.110000000000000000e+05	8.868448983559932230e+01
9.120000000000000000e+02	9.120000000000000000e+05	8.876655661267776054e+01
9.130000000000000000e+02	9.130000000000000000e+05	8.887058494585257051e+01
9.140000000000000000e+02	9.140000000000000000e+05	8.889863464753082667e+01
9.150000000000000000e+02	9.150000000000000000e+05	8.885897648792753500e+01
9.160000000000000000e+02	9.160000000000000000e+05	8.897929001314520292e+01
9.170000000000000000e+02	9.170000000000000000e+05	8.916550341485415743e+01
9.180000000000000000e+02	9.180000000000000000e+05	8.924953382974346994e+01
9.190000000000000000e+02	9.190000000000000000e+05	8.926295306102102245e+01
9.200000000000000000e+02	9.200000000000000000e+05	8.940133440864437375e+01
9.210000000000000000e+02	9.210000000000000000e+05	8.951684849950088108e+01
9.220000000000000000e+02	9.220000000000000000e+05	8.964843618103864742e+01
9.230000000000000000e+02	9.230000000000000000e+05	8.970679787325096299e+01
9.240000000000000000e+02	9.240000000000000000e+05	8.978568598418578972e+01
9.250000000000000000e+02	9.250000000000000000e+05	8.986544961584566238e+01
9.260000000000000000e+02	9.260000000000000000e+05	8.975703708222290800e+01
9.270000000000000000e+02	9.270000000000000000e+05	8.981820063712257252e+01
9.280000000000000000e+02	9.280000000000000000e+05	8.982390689499921166e+01
9.290000000000000000e+02	9.290000000000000000e+05	8.985443047472827516e+01
9.300000000000000000e+02	9.300000000000000000e+05	8.994899794202119381e+01
9.310000000000000000e+02	9.310000000000000000e+05	9.005091279549230876e+01
9.320000000000000000e+02	9.320000000000000000e+05	9.007685538818878968e+01
9.330000000000000000e+02	9.330000000000000000e+05	9.004828535366434039e+01
9.340000000000000000e+02	9.340000000000000000e+05	9.014165278549999982e+01
9.350000000000000000e+02	9.350000000000000000e+05	9.000394350831119539e+01
9.360000000000000000e+02	9.360000000000000000e+05	9.009834170552612420e+01
9.370000000000000000e+02	9.370000000000000000e+05	9.007878281105045915e+01
9.380000000000000000e+02	9.380000000000000000e+05	9.012341225561105773e+01
9.390000000000000000e+02	9.390000000000000000e+05	9.011351319494188772e+01
9.400000000000000000e+02	9.400000000000000000e+05	9.006932427622788850e+01
9.410000000000000000e+02	9.410000000000000000e+05	9.023373461246410443e+01
9.420000000000000000e+02	9.420000000000000000e+05	9.017017960226007744e+01
9.430000000000000000e+02	9.430000000000000000e+05	9.020063983561712462e+01
9.440000000000000000e+02	9.440000000000000000e+05	9.027407615909939409e+01
9.450000000000000000e+02	9.450000000000000000e+05	9.041202059645037536e+01
9.460000000000000000e+02	9.460000000000000000e+05	9.056998952689890814e+01
9.470000000000000000e+02	9.470000000000000000e+05	9.059458451395401823e+01
9.480000000000000000e+02	9.480000000000000000e+05	9.070396191028164878e+01
9.490000000000000000e+02	9.490000000000000000e+05	9.088930859470337964e+01
9.500000000000000000e+02	9.500000000000000000e+05	9.102671385332115506e+01
9.510000000000000000e+02	9.510000000000000000e+05	9.100305430128071293e+01
9.520000000000000000e+02	9.520000000000000000e+05	9.120228744778964369e+01
9.530000000000000000e+02	9.530000000000000000e+05	9.128166959114972201e+01
9.540000000000000000e+02	9.540000000000000000e+05	9.133767677639494309e+01
9.550000000000000000e+02	9.550000000000000000e+05	9.149214997925407999e+01
