0.000000000000000000e+00	0.000000000000000000e+00	2.033375868691313570e-06
1.000000000000000000e+00	1.000000000000000000e+03	1.824784611550247293e+00
2.000000000000000000e+00	2.000000000000000000e+03	2.542629543878488274e+00
3.000000000000000000e+00	3.000000000000000000e+03	3.433035195601008560e+00
4.000000000000000000e+00	4.000000000000000000e+03	3.926598313829830822e+00
5.000000000000000000e+00	5.000000000000000000e+03	4.454685761921071574e+00
6.000000000000000000e+00	6.000000000000000000e+03	5.039060902874036074e+00
7.000000000000000000e+00	7.000000000000000000e+03	5.616472787841656711e+00
8.000000000000000000e+00	8.000000000000000000e+03	5.869088778766373693e+00
9.000000000000000000e+00	9.000000000000000000e+03	6.401276301749212472e+00
1.000000000000000000e+01	1.000000000000000000e+04	7.243073987828669402e+00
1.100000000000000000e+01	1.100000000000000000e+04	7.766456112026865810e+00
1.200000000000000000e+01	1.200000000000000000e+04	8.012418982011677571e+00
1.300000000000000000e+01	1.300000000000000000e+04	8.202099603309697784e+00
1.400000000000000000e+01	1.400000000000000000e+04	8.536854024867263746e+00
1.500000000000000000e+01	1.500000000000000000e+04	8.726013433574015821e+00
1.600000000000000000e+01	1.600000000000000000e+04	9.187940177545039333e+00
1.700000000000000000e+01	1.700000000000000000e+04	9.482952045359731130e+00
1.800000000000000000e+01	1.800000000000000000e+04	1.007564656662669655e+01
1.900000000000000000e+01	1.900000000000000000e+04	1.040832971973050292e+01
2.000000000000000000e+01	2.000000000000000000e+04	1.086763272328627927e+01
2.100000000000000000e+01	2.100000000000000000e+04	1.124732393694087840e+01
2.200000000000000000e+01	2.200000000000000000e+04	1.168375587591108200e+01
2.300000000000000000e+01	2.300000000000000000e+04	1.198745450884674923e+01
2.400000000000000000e+01	2.400000000000000000e+04	1.232582650199808860e+01
2.500000000000000000e+01	2.500000000000000000e+04	1.246794011418536385e+01
2.600000000000000000e+01	2.600000000000000000e+04	1.262303585059383160e+01
2.700000000000000000e+01	2.700000000000000000e+04	1.300088559095541640e+01
2.800000000000000000e+01	2.800000000000000000e+04	1.319402840137126454e+01
2.900000000000000000e+01	2.900000000000000000e+04	1.340160335047134232e+01
3.000000000000000000e+01	3.000000000000000000e+04	1.371154891014536226e+01
3.100000000000000000e+01	3.100000000000000000e+04	1.406568704139249171e+01
3.200000000000000000e+01	3.200000000000000000e+04	1.432700798781405993e+01
3.300000000000000000e+01	3.300000000000000000e+04	1.491732034619751168e+01
3.400000000000000000e+01	3.400000000000000000e+04	1.516506454193803499e+01
3.500000000000000000e+01	3.500000000000000000e+04	1.554284509466301678e+01
3.600000000000000000e+01	3.600000000000000000e+04	1.583429714305104952e+01
3.700000000000000000e+01	3.700000000000000000e+04	1.623770340258786149e+01
3.800000000000000000e+01	3.800000000000000000e+04	1.678469953620400190e+01
3.900000000000000000e+01	3.900000000000000000e+04	1.688993670098661326e+01
4.000000000000000000e+01	4.000000000000000000e+04	1.712916600266489198e+01
4.100000000000000000e+01	4.100000000000000000e+04	1.723701185595704999e+01
4.200000000000000000e+01	4.200000000000000000e+04	1.724971805230749666e+01
4.300000000000000000e+01	4.300000000000000000e+04	1.742836911639549413e+01
4.400000000000000000e+01	4.400000000000000000e+04	1.741543311410432437e+01
4.500000000000000000e+01	4.500000000000000000e+04	1.745564782881721300e+01
4.600000000000000000e+01	4.600000000000000000e+04	1.783236132731538603e+01
4.700000000000000000e+01	4.700000000000000000e+04	1.808409328354841250e+01
4.800000000000000000e+01	4.800000000000000000e+04	1.844430924811532435e+01
4.900000000000000000e+01	4.900000000000000000e+04	1.870254558012441137e+01
5.000000000000000000e+01	5.000000000000000000e+04	1.903497366714501737e+01
5.100000000000000000e+01	5.100000000000000000e+04	1.955191401045849631e+01
5.200000000000000000e+01	5.200000000000000000e+04	1.977052930045883272e+01
5.300000000000000000e+01	5.300000000000000000e+04	1.990231570220460355e+01
5.400000000000000000e+01	5.400000000000000000e+04	2.024562071638560568e+01
5.500000000000000000e+01	5.500000000000000000e+04	2.045288300925636449e+01
5.600000000000000000e+01	5.600000000000000000e+04	2.040827524251234237e+01
5.700000000000000000e+01	5.700000000000000000e+04	2.060583734764853503e+01
5.800000000000000000e+01	5.800000000000000000e+04	2.099237456629014886e+01
5.900000000000000000e+01	5.900000000000000000e+04	2.113284246052078075e+01
6.000000000000000000e+01	6.000000000000000000e+04	2.127112427900756941e+01
6.100000000000000000e+01	6.100000000000000000e+04	2.141735982865021626e+01
6.200000000000000000e+01	6.200000000000000000e+04	2.152143035933141846e+01
6.300000000000000000e+01	6.300000000000000000e+04	2.169641701423250879e+01
6.400000000000000000e+01	6.400000000000000000e+04	2.191411637926612599e+01
6.500000000000000000e+01	6.500000000000000000e+04	2.209252948299916142e+01
6.600000000000000000e+01	6.600000000000000000e+04	2.228661120972524401e+01
6.700000000000000000e+01	6.700000000000000000e+04	2.248495852024120012e+01
6.800000000000000000e+01	6.800000000000000000e+04	2.256235479370232611e+01
6.900000000000000000e+01	6.900000000000000000e+04	2.282531563357105853e+01
7.000000000000000000e+01	7.000000000000000000e+04	2.302433211206265540e+01
7.100000000000000000e+01	7.100000000000000000e+04	2.322838062440755280e+01
7.200000000000000000e+01	7.200000000000000000e+04	2.340515185448199631e+01
7.300000000000000000e+01	7.300000000000000000e+04	2.336523690664239084e+01
7.400000000000000000e+01	7.400000000000000000e+04	2.348443077552143876e+01
7.500000000000000000e+01	7.500000000000000000e+04	2.376493341675156046e+01
7.600000000000000000e+01	7.600000000000000000e+04	2.385651207996698986e+01
7.700000000000000000e+01	7.700000000000000000e+04	2.409690566838615666e+01
7.800000000000000000e+01	7.800000000000000000e+04	2.429464716579021655e+01
7.900000000000000000e+01	7.900000000000000000e+04	2.426772886113749550e+01
8.000000000000000000e+01	8.000000000000000000e+04	2.437228456746474237e+01
8.100000000000000000e+01	8.100000000000000000e+04	2.464283766128767184e+01
8.200000000000000000e+01	8.200000000000000000e+04	2.493317106237600456e+01
8.300000000000000000e+01	8.300000000000000000e+04	2.524641761300163623e+01
8.400000000000000000e+01	8.400000000000000000e+04	2.567154283321011832e+01
8.500000000000000000e+01	8.500000000000000000e+04	2.574130456455649707e+01
8.600000000000000000e+01	8.600000000000000000e+04	2.589588484006615232e+01
8.700000000000000000e+01	8.700000000000000000e+04	2.580573599101072446e+01
8.800000000000000000e+01	8.800000000000000000e+04	2.592783221989341769e+01
8.900000000000000000e+01	8.900000000000000000e+04	2.592938804417877563e+01
9.000000000000000000e+01	9.000000000000000000e+04	2.584025957713329902e+01
9.100000000000000000e+01	9.100000000000000000e+04	2.585959256216275293e+01
9.200000000000000000e+01	9.200000000000000000e+04	2.614363317233566519e+01
9.300000000000000000e+01	9.300000000000000000e+04	2.636649122780697851e+01
9.400000000000000000e+01	9.400000000000000000e+04	2.657319721413180602e+01
9.500000000000000000e+01	9.500000000000000000e+04	2.671179469222036928e+01
9.600000000000000000e+01	9.600000000000000000e+04	2.664770605936373471e+01
9.700000000000000000e+01	9.700000000000000000e+04	2.670365186887916309e+01
9.800000000000000000e+01	9.800000000000000000e+04	2.663686576358661640e+01
9.900000000000000000e+01	9.900000000000000000e+04	2.639579863293525719e+01
1.000000000000000000e+02	1.000000000000000000e+05	2.623996430871504870e+01
1.010000000000000000e+02	1.010000000000000000e+05	2.666047418139211445e+01
1.020000000000000000e+02	1.020000000000000000e+05	2.693284789876361174e+01
1.030000000000000000e+02	1.030000000000000000e+05	2.684605558683736604e+01
1.040000000000000000e+02	1.040000000000000000e+05	2.732695443998720464e+01
1.050000000000000000e+02	1.050000000000000000e+05	2.781758751682643194e+01
1.060000000000000000e+02	1.060000000000000000e+05	2.812993246832804672e+01
1.070000000000000000e+02	1.070000000000000000e+05	2.836505103468729772e+01
1.080000000000000000e+02	1.080000000000000000e+05	2.862552967626705680e+01
1.090000000000000000e+02	1.090000000000000000e+05	2.876547651860200361e+01
1.100000000000000000e+02	1.100000000000000000e+05	2.901253816379758277e+01
1.110000000000000000e+02	1.110000000000000000e+05	2.943236485865364571e+01
1.120000000000000000e+02	1.120000000000000000e+05	2.953286314216210684e+01
1.130000000000000000e+02	1.130000000000000000e+05	2.988149226280372517e+01
1.140000000000000000e+02	1.140000000000000000e+05	3.013292948782987679e+01
1.150000000000000000e+02	1.150000000000000000e+05	3.014887485784536381e+01
1.160000000000000000e+02	1.160000000000000000e+05	3.037004941209710296e+01
1.170000000000000000e+02	1.170000000000000000e+05	3.062771930886302485e+01
1.180000000000000000e+02	1.180000000000000000e+05	3.086737848014750085e+01
1.190000000000000000e+02	1.190000000000000000e+05	3.093855108036869339e+01
1.200000000000000000e+02	1.200000000000000000e+05	3.114742995439866746e+01
1.210000000000000000e+02	1.210000000000000000e+05	3.128970615120444876e+01
1.220000000000000000e+02	1.220000000000000000e+05	3.126060936099915111e+01
1.230000000000000000e+02	1.230000000000000000e+05	3.136386258120046477e+01
1.240000000000000000e+02	1.240000000000000000e+05	3.145946275586349117e+01
1.250000000000000000e+02	1.250000000000000000e+05	3.155988933106864280e+01
1.260000000000000000e+02	1.260000000000000000e+05	3.171841204437559369e+01
1.270000000000000000e+02	1.270000000000000000e+05	3.198292614057552541e+01
1.280000000000000000e+02	1.280000000000000000e+05	3.246660378100926181e+01
1.290000000000000000e+02	1.290000000000000000e+05	3.257418695705299427e+01
1.300000000000000000e+02	1.300000000000000000e+05	3.285121611520798268e+01
1.310000000000000000e+02	1.310000000000000000e+05	3.327135182509526601e+01
1.320000000000000000e+02	1.320000000000000000e+05	3.350323793277368623e+01
1.330000000000000000e+02	1.330000000000000000e+05	3.382878592667733386e+01
1.340000000000000000e+02	1.340000000000000000e+05	3.407243782339177329e+01
1.350000000000000000e+02	1.350000000000000000e+05	3.442028957823784197e+01
1.360000000000000000e+02	1.360000000000000000e+05	3.476528171162140524e+01
1.370000000000000000e+02	1.370000000000000000e+05	3.469031197374628306e+01
1.380000000000000000e+02	1.380000000000000000e+05	3.472057092869619765e+01
1.390000000000000000e+02	1.390000000000000000e+05	3.503261674432446426e+01
1.400000000000000000e+02	1.400000000000000000e+05	3.522422226973902326e+01
1.410000000000000000e+02	1.410000000000000000e+05	3.553432300018027235e+01
1.420000000000000000e+02	1.420000000000000000e+05	3.596653360928572596e+01
1.430000000000000000e+02	1.430000000000000000e+05	3.624350711596913044e+01
1.440000000000000000e+02	1.440000000000000000e+05	3.644818549190755164e+01
1.450000000000000000e+02	1.450000000000000000e+05	3.675105901154520893e+01
1.460000000000000000e+02	1.460000000000000000e+05	3.705785512738474807e+01
1.470000000000000000e+02	1.470000000000000000e+05	3.727198483016788089e+01
1.480000000000000000e+02	1.480000000000000000e+05	3.751620255357322264e+01
1.490000000000000000e+02	1.490000000000000000e+05	3.762986714932242904e+01
1.500000000000000000e+02	1.500000000000000000e+05	3.782693374046608881e+01
1.510000000000000000e+02	1.510000000000000000e+05	3.812702695941514719e+01
1.520000000000000000e+02	1.520000000000000000e+05	3.838949473347577168e+01
1.530000000000000000e+02	1.530000000000000000e+05	3.842124601222830194e+01
1.540000000000000000e+02	1.540000000000000000e+05	3.853501103833281860e+01
1.550000000000000000e+02	1.550000000000000000e+05	3.870871160036865177e+01
1.560000000000000000e+02	1.560000000000000000e+05	3.876452853753426808e+01
1.570000000000000000e+02	1.570000000000000000e+05	3.902591442438366443e+01
1.580000000000000000e+02	1.580000000000000000e+05	3.958706949332712810e+01
1.590000000000000000e+02	1.590000000000000000e+05	3.976010170944112332e+01
1.600000000000000000e+02	1.600000000000000000e+05	3.994072068817141030e+01
1.610000000000000000e+02	1.610000000000000000e+05	4.001025837978373545e+01
1.620000000000000000e+02	1.620000000000000000e+05	4.010499885511851659e+01
1.630000000000000000e+02	1.630000000000000000e+05	4.033004388794182660e+01
1.640000000000000000e+02	1.640000000000000000e+05	4.049894694245224258e+01
1.650000000000000000e+02	1.650000000000000000e+05	4.069233875432765757e+01
1.660000000000000000e+02	1.660000000000000000e+05	4.085842441023454796e+01
1.670000000000000000e+02	1.670000000000000000e+05	4.089024528582553586e+01
1.680000000000000000e+02	1.680000000000000000e+05	4.108306667971343984e+01
1.690000000000000000e+02	1.690000000000000000e+05	4.146243415845757596e+01
1.700000000000000000e+02	1.700000000000000000e+05	4.169023125743363778e+01
1.710000000000000000e+02	1.710000000000000000e+05	4.156999465068454214e+01
1.720000000000000000e+02	1.720000000000000000e+05	4.172538612608848752e+01
1.730000000000000000e+02	1.730000000000000000e+05	4.194730245196315366e+01
1.740000000000000000e+02	1.740000000000000000e+05	4.218506881974735023e+01
1.750000000000000000e+02	1.750000000000000000e+05	4.221554339350370100e+01
1.760000000000000000e+02	1.760000000000000000e+05	4.240955250261183096e+01
1.770000000000000000e+02	1.770000000000000000e+05	4.246613647232648248e+01
1.780000000000000000e+02	1.780000000000000000e+05	4.268778151869562265e+01
1.790000000000000000e+02	1.790000000000000000e+05	4.279907171107129926e+01
1.800000000000000000e+02	1.800000000000000000e+05	4.323680234576823267e+01
1.810000000000000000e+02	1.810000000000000000e+05	4.342512837913746893e+01
1.820000000000000000e+02	1.820000000000000000e+05	4.377948021118292843e+01
1.830000000000000000e+02	1.830000000000000000e+05	4.404893650726003784e+01
1.840000000000000000e+02	1.840000000000000000e+05	4.437268710308639186e+01
1.850000000000000000e+02	1.850000000000000000e+05	4.440681859752073279e+01
1.860000000000000000e+02	1.860000000000000000e+05	4.459644710855665295e+01
1.870000000000000000e+02	1.870000000000000000e+05	4.458547969609591632e+01
1.880000000000000000e+02	1.880000000000000000e+05	4.477270005432065147e+01
1.890000000000000000e+02	1.890000000000000000e+05	4.467764746029455836e+01
1.900000000000000000e+02	1.900000000000000000e+05	4.493309170861628843e+01
1.910000000000000000e+02	1.910000000000000000e+05	4.527303712229145560e+01
1.920000000000000000e+02	1.920000000000000000e+05	4.524319847750943069e+01
1.930000000000000000e+02	1.930000000000000000e+05	4.523802862753393583e+01
1.940000000000000000e+02	1.940000000000000000e+05	4.549657267070390532e+01
1.950000000000000000e+02	1.950000000000000000e+05	4.562163168729032492e+01
1.960000000000000000e+02	1.960000000000000000e+05	4.571926667416109780e+01
1.970000000000000000e+02	1.970000000000000000e+05	4.603565006199330867e+01
1.980000000000000000e+02	1.980000000000000000e+05	4.630085094276017799e+01
1.990000000000000000e+02	1.990000000000000000e+05	4.663389868636650704e+01
2.000000000000000000e+02	2.000000000000000000e+05	4.684092724759031512e+01
2.010000000000000000e+02	2.010000000000000000e+05	4.685644449598094496e+01
2.020000000000000000e+02	2.020000000000000000e+05	4.698570572305409598e+01
2.030000000000000000e+02	2.030000000000000000e+05	4.729064820296429872e+01
2.040000000000000000e+02	2.040000000000000000e+05	4.761132674653388364e+01
2.050000000000000000e+02	2.050000000000000000e+05	4.792608358115378309e+01
2.060000000000000000e+02	2.060000000000000000e+05	4.815946174794253665e+01
2.070000000000000000e+02	2.070000000000000000e+05	4.841683096426719146e+01
2.080000000000000000e+02	2.080000000000000000e+05	4.835606761682120691e+01
2.090000000000000000e+02	2.090000000000000000e+05	4.879235674443467730e+01
2.100000000000000000e+02	2.100000000000000000e+05	4.888351785397482985e+01
2.110000000000000000e+02	2.110000000000000000e+05	4.898747694178363332e+01
2.120000000000000000e+02	2.120000000000000000e+05	4.918724759772077704e+01
2.130000000000000000e+02	2.130000000000000000e+05	4.959111150191773731e+01
2.140000000000000000e+02	2.140000000000000000e+05	4.989249692694061622e+01
2.150000000000000000e+02	2.150000000000000000e+05	5.013377959143283391e+01
2.160000000000000000e+02	2.160000000000000000e+05	5.040427349960562253e+01
2.170000000000000000e+02	2.170000000000000000e+05	5.062379634095386649e+01
2.180000000000000000e+02	2.180000000000000000e+05	5.078076988567065797e+01
2.190000000000000000e+02	2.190000000000000000e+05	5.085394025348234948e+01
2.200000000000000000e+02	2.200000000000000000e+05	5.126445295868089858e+01
2.210000000000000000e+02	2.210000000000000000e+05	5.127033363205651284e+01
2.220000000000000000e+02	2.220000000000000000e+05	5.142395668844827128e+01
2.230000000000000000e+02	2.230000000000000000e+05	5.170509118573069429e+01
2.240000000000000000e+02	2.240000000000000000e+05	5.186149149582143991e+01
2.250000000000000000e+02	2.250000000000000000e+05	5.179660005180629412e+01
2.260000000000000000e+02	2.260000000000000000e+05	5.197924388697256859e+01
2.270000000000000000e+02	2.270000000000000000e+05	5.225807647593315863e+01
2.280000000000000000e+02	2.280000000000000000e+05	5.258464794639267126e+01
2.290000000000000000e+02	2.290000000000000000e+05	5.275595142248375424e+01
2.300000000000000000e+02	2.300000000000000000e+05	5.286161991183806919e+01
2.310000000000000000e+02	2.310000000000000000e+05	5.268846452974164407e+01
2.320000000000000000e+02	2.320000000000000000e+05	5.283645399897688577e+01
2.330000000000000000e+02	2.330000000000000000e+05	5.300906925192891350e+01
2.340000000000000000e+02	2.340000000000000000e+05	5.328988343102160741e+01
2.350000000000000000e+02	2.350000000000000000e+05	5.344778075837906783e+01
2.360000000000000000e+02	2.360000000000000000e+05	5.361362351789900771e+01
2.370000000000000000e+02	2.370000000000000000e+05	5.375180204543469387e+01
2.380000000000000000e+02	2.380000000000000000e+05	5.398304236920107257e+01
2.390000000000000000e+02	2.390000000000000000e+05	5.429582332222248198e+01
2.400000000000000000e+02	2.400000000000000000e+05	5.439748711759814626e+01
2.410000000000000000e+02	2.410000000000000000e+05	5.460022967951744732e+01
2.420000000000000000e+02	2.420000000000000000e+05	5.447366201370137162e+01
2.430000000000000000e+02	2.430000000000000000e+05	5.451176232331710736e+01
2.440000000000000000e+02	2.440000000000000000e+05	5.501758957702998742e+01
2.450000000000000000e+02	2.450000000000000000e+05	5.530864532800528366e+01
2.460000000000000000e+02	2.460000000000000000e+05	5.548862292409744157e+01
2.470000000000000000e+02	2.470000000000000000e+05	5.539735675546158689e+01
2.480000000000000000e+02	2.480000000000000000e+05	5.557631114038581188e+01
2.490000000000000000e+02	2.490000000000000000e+05	5.579358823364088948e+01
2.500000000000000000e+02	2.500000000000000000e+05	5.595219896974902696e+01
2.510000000000000000e+02	2.510000000000000000e+05	5.586209963697179859e+01
2.520000000000000000e+02	2.520000000000000000e+05	5.594408996344577645e+01
2.530000000000000000e+02	2.530000000000000000e+05	5.595705352919657827e+01
2.540000000000000000e+02	2.540000000000000000e+05	5.621420805583142766e+01
2.550000000000000000e+02	2.550000000000000000e+05	5.633390860719640614e+01
2.560000000000000000e+02	2.560000000000000000e+05	5.657126856650746305e+01
2.570000000000000000e+02	2.570000000000000000e+05	5.671127648523332709e+01
2.580000000000000000e+02	2.580000000000000000e+05	5.668784034369576830e+01
2.590000000000000000e+02	2.590000000000000000e+05	5.695715150265767335e+01
2.600000000000000000e+02	2.600000000000000000e+05	5.701535759991774199e+01
2.610000000000000000e+02	2.610000000000000000e+05	5.701492237959144660e+01
2.620000000000000000e+02	2.620000000000000000e+05	5.710259569192634643e+01
2.630000000000000000e+02	2.630000000000000000e+05	5.696786936617768049e+01
2.640000000000000000e+02	2.640000000000000000e+05	5.703071109128456584e+01
2.650000000000000000e+02	2.650000000000000000e+05	5.670975510319645707e+01
2.660000000000000000e+02	2.660000000000000000e+05	5.699991482286699096e+01
2.670000000000000000e+02	2.670000000000000000e+05	5.731413236685953194e+01
2.680000000000000000e+02	2.680000000000000000e+05	5.733690460231469643e+01
2.690000000000000000e+02	2.690000000000000000e+05	5.717963437840660390e+01
2.700000000000000000e+02	2.700000000000000000e+05	5.722306226567405218e+01
2.710000000000000000e+02	2.710000000000000000e+05	5.739224525353581186e+01
2.720000000000000000e+02	2.720000000000000000e+05	5.748445026272010949e+01
2.730000000000000000e+02	2.730000000000000000e+05	5.772353696752604435e+01
2.740000000000000000e+02	2.740000000000000000e+05	5.789616423338230078e+01
2.750000000000000000e+02	2.750000000000000000e+05	5.816687650570078461e+01
2.760000000000000000e+02	2.760000000000000000e+05	5.812009557595990827e+01
2.770000000000000000e+02	2.770000000000000000e+05	5.827470917379708482e+01
2.780000000000000000e+02	2.780000000000000000e+05	5.857044820359362092e+01
2.790000000000000000e+02	2.790000000000000000e+05	5.872663532800891062e+01
2.800000000000000000e+02	2.800000000000000000e+05	5.883371496800039324e+01
2.810000000000000000e+02	2.810000000000000000e+05	5.873369754239028850e+01
2.820000000000000000e+02	2.820000000000000000e+05	5.888212829270838711e+01
2.830000000000000000e+02	2.830000000000000000e+05	5.925176337711101837e+01
2.840000000000000000e+02	2.840000000000000000e+05	5.925075209048380742e+01
2.850000000000000000e+02	2.850000000000000000e+05	5.943770610951987265e+01
2.860000000000000000e+02	2.860000000000000000e+05	5.965375861480734443e+01
2.870000000000000000e+02	2.870000000000000000e+05	5.982501239604093968e+01
2.880000000000000000e+02	2.880000000000000000e+05	6.003923496282091321e+01
2.890000000000000000e+02	2.890000000000000000e+05	6.029486317174027477e+01
2.900000000000000000e+02	2.900000000000000000e+05	6.024772607500853638e+01
2.910000000000000000e+02	2.910000000000000000e+05	6.051658032684395039e+01
2.920000000000000000e+02	2.920000000000000000e+05	6.065598465871212142e+01
2.930000000000000000e+02	2.930000000000000000e+05	6.054450709904475758e+01
2.940000000000000000e+02	2.940000000000000000e+05	6.046197077264417885e+01
2.950000000000000000e+02	2.950000000000000000e+05	6.068137563982104865e+01
2.960000000000000000e+02	2.960000000000000000e+05	6.089135311133111372e+01
2.970000000000000000e+02	2.970000000000000000e+05	6.090347647286170485e+01
2.980000000000000000e+02	2.980000000000000000e+05	6.101914683710644027e+01
2.990000000000000000e+02	2.990000000000000000e+05	6.114298783286693606e+01
3.000000000000000000e+02	3.000000000000000000e+05	6.111825499745769008e+01
3.010000000000000000e+02	3.010000000000000000e+05	6.152732108032245151e+01
3.020000000000000000e+02	3.020000000000000000e+05	6.166281650290053307e+01
3.030000000000000000e+02	3.030000000000000000e+05	6.175526903972274795e+01
3.040000000000000000e+02	3.040000000000000000e+05	6.202043810922047129e+01
3.050000000000000000e+02	3.050000000000000000e+05	6.216579315370549352e+01
3.060000000000000000e+02	3.060000000000000000e+05	6.252555509814195034e+01
3.070000000000000000e+02	3.070000000000000000e+05	6.283838861703949163e+01
3.080000000000000000e+02	3.080000000000000000e+05	6.317008394728095055e+01
3.090000000000000000e+02	3.090000000000000000e+05	6.346744071879593463e+01
3.100000000000000000e+02	3.100000000000000000e+05	6.368197395128251515e+01
3.110000000000000000e+02	3.110000000000000000e+05	6.378854685653517720e+01
3.120000000000000000e+02	3.120000000000000000e+05	6.407353247915321504e+01
3.130000000000000000e+02	3.130000000000000000e+05	6.426739264490952053e+01
3.140000000000000000e+02	3.140000000000000000e+05	6.443528338420057366e+01
3.150000000000000000e+02	3.150000000000000000e+05	6.464958595167148303e+01
3.160000000000000000e+02	3.160000000000000000e+05	6.469376386855837779e+01
3.170000000000000000e+02	3.170000000000000000e+05	6.475909153966678389e+01
3.180000000000000000e+02	3.180000000000000000e+05	6.494011988410730396e+01
3.190000000000000000e+02	3.190000000000000000e+05	6.531548061094555635e+01
3.200000000000000000e+02	3.200000000000000000e+05	6.532759926004639794e+01
3.210000000000000000e+02	3.210000000000000000e+05	6.534279011081542876e+01
3.220000000000000000e+02	3.220000000000000000e+05	6.534001596339818718e+01
3.230000000000000000e+02	3.230000000000000000e+05	6.550031292490135115e+01
3.240000000000000000e+02	3.240000000000000000e+05	6.554754945218301998e+01
3.250000000000000000e+02	3.250000000000000000e+05	6.583450912350841122e+01
3.260000000000000000e+02	3.260000000000000000e+05	6.616912868910419832e+01
3.270000000000000000e+02	3.270000000000000000e+05	6.640308547084379143e+01
3.280000000000000000e+02	3.280000000000000000e+05	6.642545654727788929e+01
3.290000000000000000e+02	3.290000000000000000e+05	6.664168701646177340e+01
3.300000000000000000e+02	3.300000000000000000e+05	6.668211122417760350e+01
3.310000000000000000e+02	3.310000000000000000e+05	6.679976772106003580e+01
3.320000000000000000e+02	3.320000000000000000e+05	6.697904109128515415e+01
3.330000000000000000e+02	3.330000000000000000e+05	6.694564426549723635e+01
3.340000000000000000e+02	3.340000000000000000e+05	6.699850706072248840e+01
3.350000000000000000e+02	3.350000000000000000e+05	6.693631317234836331e+01
3.360000000000000000e+02	3.360000000000000000e+05	6.711387372732862389e+01
3.370000000000000000e+02	3.370000000000000000e+05	6.736048972387139600e+01
3.380000000000000000e+02	3.380000000000000000e+05	6.758444396176548707e+01
3.390000000000000000e+02	3.390000000000000000e+05	6.760743703670222260e+01
3.400000000000000000e+02	3.400000000000000000e+05	6.795580800545275224e+01
3.410000000000000000e+02	3.410000000000000000e+05	6.827008709748170645e+01
3.420000000000000000e+02	3.420000000000000000e+05	6.836606709560835782e+01
3.430000000000000000e+02	3.430000000000000000e+05	6.874219543308662139e+01
3.440000000000000000e+02	3.440000000000000000e+05	6.902317399892444882e+01
3.450000000000000000e+02	3.450000000000000000e+05	6.928999611245926360e+01
3.460000000000000000e+02	3.460000000000000000e+05	6.953370068998403042e+01
3.470000000000000000e+02	3.470000000000000000e+05	6.957106898106306403e+01
3.480000000000000000e+02	3.480000000000000000e+05	6.972073529702805672e+01
3.490000000000000000e+02	3.490000000000000000e+05	7.001465198996353934e+01
3.500000000000000000e+02	3.500000000000000000e+05	7.008149769854166777e+01
3.510000000000000000e+02	3.510000000000000000e+05	7.017775374627979090e+01
3.520000000000000000e+02	3.520000000000000000e+05	7.057286749055938913e+01
3.530000000000000000e+02	3.530000000000000000e+05	7.077104279866334480e+01
3.540000000000000000e+02	3.540000000000000000e+05	7.086683636475720505e+01
3.550000000000000000e+02	3.550000000000000000e+05	7.099588960892334910e+01
3.560000000000000000e+02	3.560000000000000000e+05	7.114503338689027601e+01
3.570000000000000000e+02	3.570000000000000000e+05	7.136910688922249335e+01
3.580000000000000000e+02	3.580000000000000000e+05	7.147784143220928854e+01
3.590000000000000000e+02	3.590000000000000000e+05	7.165852489527748048e+01
3.600000000000000000e+02	3.600000000000000000e+05	7.183547724406678014e+01
3.610000000000000000e+02	3.610000000000000000e+05	7.191713069848610473e+01
3.620000000000000000e+02	3.620000000000000000e+05	7.207296566204882993e+01
3.630000000000000000e+02	3.630000000000000000e+05	7.227877941234919490e+01
3.640000000000000000e+02	3.640000000000000000e+05	7.227684698439178135e+01
3.650000000000000000e+02	3.650000000000000000e+05	7.227170563505141843e+01
3.660000000000000000e+02	3.660000000000000000e+05	7.265522088187150018e+01
3.670000000000000000e+02	3.670000000000000000e+05	7.275481135052461923e+01
3.680000000000000000e+02	3.680000000000000000e+05	7.318905633665173127e+01
3.690000000000000000e+02	3.690000000000000000e+05	7.334284159594704988e+01
3.700000000000000000e+02	3.700000000000000000e+05	7.353289913200657679e+01
3.710000000000000000e+02	3.710000000000000000e+05	7.376759698843265767e+01
3.720000000000000000e+02	3.720000000000000000e+05	7.423477776916705295e+01
3.730000000000000000e+02	3.730000000000000000e+05	7.460669677674830780e+01
3.740000000000000000e+02	3.740000000000000000e+05	7.464445186443880687e+01
3.750000000000000000e+02	3.750000000000000000e+05	7.470667232080069198e+01
3.760000000000000000e+02	3.760000000000000000e+05	7.461258736888510157e+01
3.770000000000000000e+02	3.770000000000000000e+05	7.482930225117330281e+01
3.780000000000000000e+02	3.780000000000000000e+05	7.495569972137506909e+01
3.790000000000000000e+02	3.790000000000000000e+05	7.511970175335451927e+01
3.800000000000000000e+02	3.800000000000000000e+05	7.523329114515738070e+01
3.810000000000000000e+02	3.810000000000000000e+05	7.516242088887507578e+01
3.820000000000000000e+02	3.820000000000000000e+05	7.525129505222793114e+01
3.830000000000000000e+02	3.830000000000000000e+05	7.529287211710835948e+01
3.840000000000000000e+02	3.840000000000000000e+05	7.551432824128207244e+01
3.850000000000000000e+02	3.850000000000000000e+05	7.572772449492408953e+01
3.860000000000000000e+02	3.860000000000000000e+05	7.570782411871641671e+01
3.870000000000000000e+02	3.870000000000000000e+05	7.584904220042014344e+01
3.880000000000000000e+02	3.880000000000000000e+05	7.617446111394838226e+01
3.890000000000000000e+02	3.890000000000000000e+05	7.631671324897995135e+01
3.900000000000000000e+02	3.900000000000000000e+05	7.638213890229117453e+01
3.910000000000000000e+02	3.910000000000000000e+05	7.654560458509325827e+01
3.920000000000000000e+02	3.920000000000000000e+05	7.658606210881768561e+01
3.930000000000000000e+02	3.930000000000000000e+05	7.666357956333405355e+01
3.940000000000000000e+02	3.940000000000000000e+05	7.709968389647414710e+01
3.950000000000000000e+02	3.950000000000000000e+05	7.723607962989156306e+01
3.960000000000000000e+02	3.960000000000000000e+05	7.732717644928058576e+01
3.970000000000000000e+02	3.970000000000000000e+05	7.726891358964677181e+01
3.980000000000000000e+02	3.980000000000000000e+05	7.751597531882852365e+01
3.990000000000000000e+02	3.990000000000000000e+05	7.761332127246903667e+01
4.000000000000000000e+02	4.000000000000000000e+05	7.753005122869504362e+01
4.010000000000000000e+02	4.010000000000000000e+05	7.767473578632348108e+01
4.020000000000000000e+02	4.020000000000000000e+05	7.781613221172510464e+01
4.030000000000000000e+02	4.030000000000000000e+05	7.783191704513799891e+01
4.040000000000000000e+02	4.040000000000000000e+05	7.787744133086755483e+01
4.050000000000000000e+02	4.050000000000000000e+05	7.814645745043094394e+01
4.060000000000000000e+02	4.060000000000000000e+05	7.818261465667447396e+01
4.070000000000000000e+02	4.070000000000000000e+05	7.828951473064263666e+01
4.080000000000000000e+02	4.080000000000000000e+05	7.836895679227626488e+01
4.090000000000000000e+02	4.090000000000000000e+05	7.856737977963375386e+01
4.100000000000000000e+02	4.100000000000000000e+05	7.877159970313955739e+01
4.110000000000000000e+02	4.110000000000000000e+05	7.880739725193974721e+01
4.120000000000000000e+02	4.120000000000000000e+05	7.872953681104262103e+01
4.130000000000000000e+02	4.130000000000000000e+05	7.888976446375485807e+01
4.140000000000000000e+02	4.140000000000000000e+05	7.917444285777450830e+01
4.150000000000000000e+02	4.150000000000000000e+05	7.938465512814266845e+01
4.160000000000000000e+02	4.160000000000000000e+05	7.948626041212226312e+01
4.170000000000000000e+02	4.170000000000000000e+05	7.977350124028474454e+01
4.180000000000000000e+02	4.180000000000000000e+05	7.995048104896832797e+01
4.190000000000000000e+02	4.190000000000000000e+05	8.023324895793366807e+01
4.200000000000000000e+02	4.200000000000000000e+05	8.035325160464635985e+01
4.210000000000000000e+02	4.210000000000000000e+05	8.051914640315744975e+01
4.220000000000000000e+02	4.220000000000000000e+05	8.088451246428913066e+01
4.230000000000000000e+02	4.230000000000000000e+05	8.096691463244985698e+01
4.240000000000000000e+02	4.240000000000000000e+05	8.089837445978277231e+01
4.250000000000000000e+02	4.250000000000000000e+05	8.111220603567164744e+01
4.260000000000000000e+02	4.260000000000000000e+05	8.119734272837995093e+01
4.270000000000000000e+02	4.270000000000000000e+05	8.144799940369509272e+01
4.280000000000000000e+02	4.280000000000000000e+05	8.164964350835735729e+01
4.290000000000000000e+02	4.290000000000000000e+05	8.174153514075092630e+01
4.300000000000000000e+02	4.300000000000000000e+05	8.183881432298379366e+01
4.310000000000000000e+02	4.310000000000000000e+05	8.189759536196959289e+01
4.320000000000000000e+02	4.320000000000000000e+05	8.204207658543818127e+01
4.330000000000000000e+02	4.330000000000000000e+05	8.228366067820431340e+01
4.340000000000000000e+02	4.340000000000000000e+05	8.233101934357351581e+01
4.350000000000000000e+02	4.350000000000000000e+05	8.260374089734789038e+01
4.360000000000000000e+02	4.360000000000000000e+05	8.272973765713372529e+01
4.370000000000000000e+02	4.370000000000000000e+05	8.268663857009430274e+01
4.380000000000000000e+02	4.380000000000000000e+05	8.284234970680648757e+01
4.390000000000000000e+02	4.390000000000000000e+05	8.290949822253010382e+01
4.400000000000000000e+02	4.400000000000000000e+05	8.304149847051280631e+01
4.410000000000000000e+02	4.410000000000000000e+05	8.306029095618943359e+01
4.420000000000000000e+02	4.420000000000000000e+05	8.340469027909983879e+01
4.430000000000000000e+02	4.430000000000000000e+05	8.351779569677209736e+01
4.440000000000000000e+02	4.440000000000000000e+05	8.368942139506188482e+01
4.450000000000000000e+02	4.450000000000000000e+05	8.359821209131602870e+01
4.460000000000000000e+02	4.460000000000000000e+05	8.361925010040647521e+01
4.470000000000000000e+02	4.470000000000000000e+05	8.401071461370483462e+01
4.480000000000000000e+02	4.480000000000000000e+05	8.394060669305021349e+01
4.490000000000000000e+02	4.490000000000000000e+05	8.422655668234281734e+01
4.500000000000000000e+02	4.500000000000000000e+05	8.417340702191096113e+01
4.510000000000000000e+02	4.510000000000000000e+05	8.450291785406056988e+01
4.520000000000000000e+02	4.520000000000000000e+05	8.444053793140561481e+01
4.530000000000000000e+02	4.530000000000000000e+05	8.463409962777772932e+01
4.540000000000000000e+02	4.540000000000000000e+05	8.488742261031821101e+01
4.550000000000000000e+02	4.550000000000000000e+05	8.493206249393819007e+01
4.560000000000000000e+02	4.560000000000000000e+05	8.502244850577005764e+01
4.570000000000000000e+02	4.570000000000000000e+05	8.505546323424613320e+01
4.580000000000000000e+02	4.580000000000000000e+05	8.522823268055873314e+01
4.590000000000000000e+02	4.590000000000000000e+05	8.542268968148451336e+01
4.600000000000000000e+02	4.600000000000000000e+05	8.528225380289353552e+01
4.610000000000000000e+02	4.610000000000000000e+05	8.560365831697839667e+01
4.620000000000000000e+02	4.620000000000000000e+05	8.584017537944762921e+01
4.630000000000000000e+02	4.630000000000000000e+05	8.604670333031097584e+01
4.640000000000000000e+02	4.640000000000000000e+05	8.607802990262138110e+01
4.650000000000000000e+02	4.650000000000000000e+05	8.615601270238298071e+01
4.660000000000000000e+02	4.660000000000000000e+05	8.635634830702420572e+01
4.670000000000000000e+02	4.670000000000000000e+05	8.657226734147636193e+01
4.680000000000000000e+02	4.680000000000000000e+05	8.659473256129274432e+01
4.690000000000000000e+02	4.690000000000000000e+05	8.679215671489984629e+01
4.700000000000000000e+02	4.700000000000000000e+05	8.707889161517856280e+01
4.710000000000000000e+02	4.710000000000000000e+05	8.733819446351303384e+01
4.720000000000000000e+02	4.720000000000000000e+05	8.748481379671601132e+01
4.730000000000000000e+02	4.730000000000000000e+05	8.769618549827389131e+01
4.740000000000000000e+02	4.740000000000000000e+05	8.762225752957004943e+01
4.750000000000000000e+02	4.750000000000000000e+05	8.767527419601361771e+01
4.760000000000000000e+02	4.760000000000000000e+05	8.788487469162497234e+01
4.770000000000000000e+02	4.770000000000000000e+05	8.799190799590924428e+01
4.780000000000000000e+02	4.780000000000000000e+05	8.795486263139407868e+01
4.790000000000000000e+02	4.790000000000000000e+05	8.829140774357293253e+01
4.800000000000000000e+02	4.800000000000000000e+05	8.827226894285749381e+01
4.810000000000000000e+02	4.810000000000000000e+05	8.860283993365531785e+01
4.820000000000000000e+02	4.820000000000000000e+05	8.867815231482578042e+01
4.830000000000000000e+02	4.830000000000000000e+05	8.885685888579068603e+01
4.840000000000000000e+02	4.840000000000000000e+05	8.899985597751729927e+01
4.850000000000000000e+02	4.850000000000000000e+05	8.930613105643875826e+01
4.860000000000000000e+02	4.860000000000000000e+05	8.950904121102236388e+01
4.870000000000000000e+02	4.870000000000000000e+05	8.969640584769315694e+01
4.880000000000000000e+02	4.880000000000000000e+05	8.970774724436478209e+01
4.890000000000000000e+02	4.890000000000000000e+05	8.970924911406405045e+01
4.900000000000000000e+02	4.900000000000000000e+05	8.976979640732760402e+01
4.910000000000000000e+02	4.910000000000000000e+05	8.997016948272366221e+01
4.920000000000000000e+02	4.920000000000000000e+05	8.990044020733962782e+01
4.930000000000000000e+02	4.930000000000000000e+05	9.009135287917031576e+01
4.940000000000000000e+02	4.940000000000000000e+05	9.028913717382408777e+01
4.950000000000000000e+02	4.950000000000000000e+05	9.047593672868282511e+01
4.960000000000000000e+02	4.960000000000000000e+05	9.057164989187501192e+01
4.970000000000000000e+02	4.970000000000000000e+05	9.077775245495934087e+01
4.980000000000000000e+02	4.980000000000000000e+05	9.099135756342428749e+01
4.990000000000000000e+02	4.990000000000000000e+05	9.111738898369050332e+01
5.000000000000000000e+02	5.000000000000000000e+05	9.128377371641863647e+01
5.010000000000000000e+02	5.010000000000000000e+05	9.127408846971272283e+01
5.020000000000000000e+02	5.020000000000000000e+05	9.137259964591461880e+01
5.030000000000000000e+02	5.030000000000000000e+05	9.134542862677152186e+01
5.040000000000000000e+02	5.040000000000000000e+05	9.134825603108292569e+01
5.050000000000000000e+02	5.050000000000000000e+05	9.159613263160355245e+01
5.060000000000000000e+02	5.060000000000000000e+05	9.192298884221168009e+01
5.070000000000000000e+02	5.070000000000000000e+05	9.186988566153368652e+01
5.080000000000000000e+02	5.080000000000000000e+05	9.197767594252515266e+01
5.090000000000000000e+02	5.090000000000000000e+05	9.183116901758779704e+01
5.100000000000000000e+02	5.100000000000000000e+05	9.209211434437199273e+01
5.110000000000000000e+02	5.110000000000000000e+05	9.240916261588608904e+01
5.120000000000000000e+02	5.120000000000000000e+05	9.259337489544846278e+01
5.130000000000000000e+02	5.130000000000000000e+05	9.262485662826117050e+01
5.140000000000000000e+02	5.140000000000000000e+05	9.265089734988566761e+01
5.150000000000000000e+02	5.150000000000000000e+05	9.293139334966109288e+01
5.160000000000000000e+02	5.160000000000000000e+05	9.301339422616374009e+01
5.170000000000000000e+02	5.170000000000000000e+05	9.340855335154407157e+01
5.180000000000000000e+02	5.180000000000000000e+05	9.354197251688263748e+01
5.190000000000000000e+02	5.190000000000000000e+05	9.375168575686753059e+01
5.200000000000000000e+02	5.200000000000000000e+05	9.371486443299980351e+01
5.210000000000000000e+02	5.210000000000000000e+05	9.389492182903303785e+01
5.220000000000000000e+02	5.220000000000000000e+05	9.416119887746542361e+01
5.230000000000000000e+02	5.230000000000000000e+05	9.439235318703666167e+01
5.240000000000000000e+02	5.240000000000000000e+05	9.436359441574481366e+01
5.250000000000000000e+02	5.250000000000000000e+05	9.465227592886837726e+01
5.260000000000000000e+02	5.260000000000000000e+05	9.484444409522716057e+01
5.270000000000000000e+02	5.270000000000000000e+05	9.498101801661795207e+01
5.280000000000000000e+02	5.280000000000000000e+05	9.525803196492726954e+01
5.290000000000000000e+02	5.290000000000000000e+05	9.520327266519473142e+01
5.300000000000000000e+02	5.300000000000000000e+05	9.537175509309483346e+01
5.310000000000000000e+02	5.310000000000000000e+05	9.553464395750283700e+01
5.320000000000000000e+02	5.320000000000000000e+05	9.559726189089387560e+01
5.330000000000000000e+02	5.330000000000000000e+05	9.545678253286466486e+01
5.340000000000000000e+02	5.340000000000000000e+05	9.551933187655053814e+01
5.350000000000000000e+02	5.350000000000000000e+05	9.572375811524138101e+01
5.360000000000000000e+02	5.360000000000000000e+05	9.577751487586677115e+01
5.370000000000000000e+02	5.370000000000000000e+05	9.593165372048814277e+01
5.380000000000000000e+02	5.380000000000000000e+05	9.612443525729041482e+01
5.390000000000000000e+02	5.390000000000000000e+05	9.643655948553599444e+01
5.400000000000000000e+02	5.400000000000000000e+05	9.682935285479744891e+01
5.410000000000000000e+02	5.410000000000000000e+05	9.716049495278376469e+01
5.420000000000000000e+02	5.420000000000000000e+05	9.722106154016171331e+01
5.430000000000000000e+02	5.430000000000000000e+05	9.727509584408845456e+01
5.440000000000000000e+02	5.440000000000000000e+05	9.727930530786132124e+01
5.450000000000000000e+02	5.450000000000000000e+05	9.729592265588199496e+01
5.460000000000000000e+02	5.460000000000000000e+05	9.752415865774621295e+01
5.470000000000000000e+02	5.470000000000000000e+05	9.806369625915213817e+01
5.480000000000000000e+02	5.480000000000000000e+05	9.824965197938011841e+01
5.490000000000000000e+02	5.490000000000000000e+05	9.823212987608613389e+01
5.500000000000000000e+02	5.500000000000000000e+05	9.837875280732079375e+01
5.510000000000000000e+02	5.510000000000000000e+05	9.848882452859642456e+01
5.520000000000000000e+02	5.520000000000000000e+05	9.871909185931261277e+01
5.530000000000000000e+02	5.530000000000000000e+05	9.874162878516918340e+01
5.540000000000000000e+02	5.540000000000000000e+05	9.901883180523719830e+01
5.550000000000000000e+02	5.550000000000000000e+05	9.909817351769262928e+01
5.560000000000000000e+02	5.560000000000000000e+05	9.912490700743518346e+01
5.570000000000000000e+02	5.570000000000000000e+05	9.916350677057569385e+01
5.580000000000000000e+02	5.580000000000000000e+05	9.902152759145596406e+01
5.590000000000000000e+02	5.590000000000000000e+05	9.908124745422851731e+01
5.600000000000000000e+02	5.600000000000000000e+05	9.945920497541946759e+01
5.610000000000000000e+02	5.610000000000000000e+05	9.953644178706878165e+01
5.620000000000000000e+02	5.620000000000000000e+05	9.972291716119435989e+01
5.630000000000000000e+02	5.630000000000000000e+05	9.988431717161624590e+01
5.640000000000000000e+02	5.640000000000000000e+05	1.000830112004261423e+02
5.650000000000000000e+02	5.650000000000000000e+05	1.002421271058341432e+02
5.660000000000000000e+02	5.660000000000000000e+05	1.004317296437410079e+02
5.670000000000000000e+02	5.670000000000000000e+05	1.006125643316617015e+02
5.680000000000000000e+02	5.680000000000000000e+05	1.007616881046214132e+02
5.690000000000000000e+02	5.690000000000000000e+05	1.007815669836203369e+02
5.700000000000000000e+02	5.700000000000000000e+05	1.008165241870934636e+02
5.710000000000000000e+02	5.710000000000000000e+05	1.008906903944172058e+02
5.720000000000000000e+02	5.720000000000000000e+05	1.009587476167270665e+02
5.730000000000000000e+02	5.730000000000000000e+05	1.010433226190580740e+02
5.740000000000000000e+02	5.740000000000000000e+05	1.013813774725210948e+02
5.750000000000000000e+02	5.750000000000000000e+05	1.014228364160014593e+02
5.760000000000000000e+02	5.760000000000000000e+05	1.012522464043849340e+02
5.770000000000000000e+02	5.770000000000000000e+05	1.013887213714305773e+02
5.780000000000000000e+02	5.780000000000000000e+05	1.016221512555472657e+02
5.790000000000000000e+02	5.790000000000000000e+05	1.017827635118932079e+02
5.800000000000000000e+02	5.800000000000000000e+05	1.019886548960261052e+02
5.810000000000000000e+02	5.810000000000000000e+05	1.021236198284537409e+02
5.820000000000000000e+02	5.820000000000000000e+05	1.025224288232705732e+02
5.830000000000000000e+02	5.830000000000000000e+05	1.026764801944612913e+02
5.840000000000000000e+02	5.840000000000000000e+05	1.028139951761285005e+02
5.850000000000000000e+02	5.850000000000000000e+05	1.029803345665318801e+02
5.860000000000000000e+02	5.860000000000000000e+05	1.032268633574525438e+02
5.870000000000000000e+02	5.870000000000000000e+05	1.032566500467774091e+02
5.880000000000000000e+02	5.880000000000000000e+05	1.033840697897120720e+02
5.890000000000000000e+02	5.890000000000000000e+05	1.036015890187617572e+02
5.900000000000000000e+02	5.900000000000000000e+05	1.036012190994163831e+02
5.910000000000000000e+02	5.910000000000000000e+05	1.038877372213468959e+02
5.920000000000000000e+02	5.920000000000000000e+05	1.038160130571728530e+02
5.930000000000000000e+02	5.930000000000000000e+05	1.039155674755065633e+02
5.940000000000000000e+02	5.940000000000000000e+05	1.040901720651826849e+02
5.950000000000000000e+02	5.950000000000000000e+05	1.042951714982075089e+02
5.960000000000000000e+02	5.960000000000000000e+05	1.043737250986681033e+02
5.970000000000000000e+02	5.970000000000000000e+05	1.043667148443309856e+02
5.980000000000000000e+02	5.980000000000000000e+05	1.046609306198561455e+02
5.990000000000000000e+02	5.990000000000000000e+05	1.047871741982440881e+02
6.000000000000000000e+02	6.000000000000000000e+05	1.049569893931063547e+02
6.010000000000000000e+02	6.010000000000000000e+05	1.051084005160502386e+02
6.020000000000000000e+02	6.020000000000000000e+05	1.051283031029212083e+02
6.030000000000000000e+02	6.030000000000000000e+05	1.052935126405012056e+02
6.040000000000000000e+02	6.040000000000000000e+05	1.053861221663653538e+02
6.050000000000000000e+02	6.050000000000000000e+05	1.057702971804826007e+02
6.060000000000000000e+02	6.060000000000000000e+05	1.058148209521631173e+02
6.070000000000000000e+02	6.070000000000000000e+05	1.060083173977601092e+02
6.080000000000000000e+02	6.080000000000000000e+05	1.060212700240193726e+02
6.090000000000000000e+02	6.090000000000000000e+05	1.059948779107105992e+02
6.100000000000000000e+02	6.100000000000000000e+05	1.060639332972206432e+02
6.110000000000000000e+02	6.110000000000000000e+05	1.063507221278725154e+02
6.120000000000000000e+02	6.120000000000000000e+05	1.063428133534526410e+02
6.130000000000000000e+02	6.130000000000000000e+05	1.062897023270560339e+02
6.140000000000000000e+02	6.140000000000000000e+05	1.063600306672995259e+02
6.150000000000000000e+02	6.150000000000000000e+05	1.063992262737908732e+02
6.160000000000000000e+02	6.160000000000000000e+05	1.066063619927548416e+02
6.170000000000000000e+02	6.170000000000000000e+05	1.067963970111903222e+02
6.180000000000000000e+02	6.180000000000000000e+05	1.069486599864617631e+02
6.190000000000000000e+02	6.190000000000000000e+05	1.073105782045151386e+02
6.200000000000000000e+02	6.200000000000000000e+05	1.073336153923709588e+02
6.210000000000000000e+02	6.210000000000000000e+05	1.072553672440017323e+02
6.220000000000000000e+02	6.220000000000000000e+05	1.074576941089932092e+02
6.230000000000000000e+02	6.230000000000000000e+05	1.074714094716258614e+02
6.240000000000000000e+02	6.240000000000000000e+05	1.077450604795531888e+02
6.250000000000000000e+02	6.250000000000000000e+05	1.079147747679364784e+02
6.260000000000000000e+02	6.260000000000000000e+05	1.079718859238322182e+02
6.270000000000000000e+02	6.270000000000000000e+05	1.080562411604048236e+02
6.280000000000000000e+02	6.280000000000000000e+05	1.081055635918225022e+02
6.290000000000000000e+02	6.290000000000000000e+05	1.082789797836756378e+02
6.300000000000000000e+02	6.300000000000000000e+05	1.084272214141007566e+02
6.310000000000000000e+02	6.310000000000000000e+05	1.084817476753623566e+02
6.320000000000000000e+02	6.320000000000000000e+05	1.086136587316852911e+02
6.330000000000000000e+02	6.330000000000000000e+05	1.086977630027617323e+02
6.340000000000000000e+02	6.340000000000000000e+05	1.088828194307193797e+02
6.350000000000000000e+02	6.350000000000000000e+05	1.090732077630475914e+02
6.360000000000000000e+02	6.360000000000000000e+05	1.090609645899617135e+02
6.370000000000000000e+02	6.370000000000000000e+05	1.093000308295448235e+02
6.380000000000000000e+02	6.380000000000000000e+05	1.093844225011918212e+02
6.390000000000000000e+02	6.390000000000000000e+05	1.095870670925933581e+02
6.400000000000000000e+02	6.400000000000000000e+05	1.095911707433743203e+02
6.410000000000000000e+02	6.410000000000000000e+05	1.095876678357071796e+02
6.420000000000000000e+02	6.420000000000000000e+05	1.097287073554169297e+02
6.430000000000000000e+02	6.430000000000000000e+05	1.098207905139185527e+02
6.440000000000000000e+02	6.440000000000000000e+05	1.098879429680156221e+02
6.450000000000000000e+02	6.450000000000000000e+05	1.101741548140574309e+02
6.460000000000000000e+02	6.460000000000000000e+05	1.103382617006595012e+02
6.470000000000000000e+02	6.470000000000000000e+05	1.105754504445812074e+02
6.480000000000000000e+02	6.480000000000000000e+05	1.108463924256166706e+02
6.490000000000000000e+02	6.490000000000000000e+05	1.107829282861908951e+02
6.500000000000000000e+02	6.500000000000000000e+05	1.109858836288059365e+02
6.510000000000000000e+02	6.510000000000000000e+05	1.110868031712284392e+02
6.520000000000000000e+02	6.520000000000000000e+05	1.111448526758590560e+02
6.530000000000000000e+02	6.530000000000000000e+05	1.112607276505753902e+02
6.540000000000000000e+02	6.540000000000000000e+05	1.115730082633389628e+02
6.550000000000000000e+02	6.550000000000000000e+05	1.117895902136783519e+02
6.560000000000000000e+02	6.560000000000000000e+05	1.119970555639758629e+02
6.570000000000000000e+02	6.570000000000000000e+05	1.122297822869780646e+02
6.580000000000000000e+02	6.580000000000000000e+05	1.123403286305942714e+02
6.590000000000000000e+02	6.590000000000000000e+05	1.124662580372606584e+02
6.600000000000000000e+02	6.600000000000000000e+05	1.126179469720833737e+02
6.610000000000000000e+02	6.610000000000000000e+05	1.126672247913854790e+02
6.620000000000000000e+02	6.620000000000000000e+05	1.130981562976045467e+02
6.630000000000000000e+02	6.630000000000000000e+05	1.133174573192636103e+02
6.640000000000000000e+02	6.640000000000000000e+05	1.135000077942315642e+02
