0.000000000000000000e+00	0.000000000000000000e+00	3.260138492661337283e-06
1.000000000000000000e+00	1.000000000000000000e+03	1.775350259600584790e+00
2.000000000000000000e+00	2.000000000000000000e+03	2.540797619420595232e+00
3.000000000000000000e+00	3.000000000000000000e+03	3.093012080004942099e+00
4.000000000000000000e+00	4.000000000000000000e+03	3.720477504558485915e+00
5.000000000000000000e+00	5.000000000000000000e+03	4.346040132929370081e+00
6.000000000000000000e+00	6.000000000000000000e+03	4.893286124646342827e+00
7.000000000000000000e+00	7.000000000000000000e+03	5.576960962165407487e+00
8.000000000000000000e+00	8.000000000000000000e+03	6.269229283763647409e+00
9.000000000000000000e+00	9.000000000000000000e+03	6.635520373605094058e+00
1.000000000000000000e+01	1.000000000000000000e+04	6.777724506656741532e+00
1.100000000000000000e+01	1.100000000000000000e+04	7.339070742033546146e+00
1.200000000000000000e+01	1.200000000000000000e+04	7.777000378586194529e+00
1.300000000000000000e+01	1.300000000000000000e+04	8.420665405530193937e+00
1.400000000000000000e+01	1.400000000000000000e+04	8.661969811192717472e+00
1.500000000000000000e+01	1.500000000000000000e+04	9.175652292701691692e+00
1.600000000000000000e+01	1.600000000000000000e+04	9.678488607413667566e+00
1.700000000000000000e+01	1.700000000000000000e+04	1.023966288736994912e+01
1.800000000000000000e+01	1.800000000000000000e+04	1.078729918515841568e+01
1.900000000000000000e+01	1.900000000000000000e+04	1.122209511807671412e+01
2.000000000000000000e+01	2.000000000000000000e+04	1.158392263468298466e+01
2.100000000000000000e+01	2.100000000000000000e+04	1.189768628911519244e+01
2.200000000000000000e+01	2.200000000000000000e+04	1.205146566986097945e+01
2.300000000000000000e+01	2.300000000000000000e+04	1.236984301888845295e+01
2.400000000000000000e+01	2.400000000000000000e+04	1.274093908982928092e+01
2.500000000000000000e+01	2.500000000000000000e+04	1.288040742088958623e+01
2.600000000000000000e+01	2.600000000000000000e+04	1.318363645131444528e+01
2.700000000000000000e+01	2.700000000000000000e+04	1.342071867040011846e+01
2.800000000000000000e+01	2.800000000000000000e+04	1.351123750636018883e+01
2.900000000000000000e+01	2.900000000000000000e+04	1.364160948143886998e+01
3.000000000000000000e+01	3.000000000000000000e+04	1.400775724424472024e+01
3.100000000000000000e+01	3.100000000000000000e+04	1.426371326240937876e+01
3.200000000000000000e+01	3.200000000000000000e+04	1.446449293237401612e+01
3.300000000000000000e+01	3.300000000000000000e+04	1.484781746696206461e+01
3.400000000000000000e+01	3.400000000000000000e+04	1.495141841435675190e+01
3.500000000000000000e+01	3.500000000000000000e+04	1.528134846812032954e+01
3.600000000000000000e+01	3.600000000000000000e+04	1.554623302375818561e+01
3.700000000000000000e+01	3.700000000000000000e+04	1.579455565945567663e+01
3.800000000000000000e+01	3.800000000000000000e+04	1.601356809151171490e+01
3.900000000000000000e+01	3.900000000000000000e+04	1.625352139020082376e+01
4.000000000000000000e+01	4.000000000000000000e+04	1.635715438930085242e+01
4.100000000000000000e+01	4.100000000000000000e+04	1.661623058512374840e+01
4.200000000000000000e+01	4.200000000000000000e+04	1.671995441517094250e+01
4.300000000000000000e+01	4.300000000000000000e+04	1.706833941358525664e+01
4.400000000000000000e+01	4.400000000000000000e+04	1.732179283324638774e+01
4.500000000000000000e+01	4.500000000000000000e+04	1.760739071570815284e+01
4.600000000000000000e+01	4.600000000000000000e+04	1.762773560058898425e+01
4.700000000000000000e+01	4.700000000000000000e+04	1.785657545444061611e+01
4.800000000000000000e+01	4.800000000000000000e+04	1.815692156869284446e+01
4.900000000000000000e+01	4.900000000000000000e+04	1.829190596741753083e+01
5.000000000000000000e+01	5.000000000000000000e+04	1.842075290499516171e+01
5.100000000000000000e+01	5.100000000000000000e+04	1.870408779050604409e+01
5.200000000000000000e+01	5.200000000000000000e+04	1.873174311545199799e+01
5.300000000000000000e+01	5.300000000000000000e+04	1.898972599845279419e+01
5.400000000000000000e+01	5.400000000000000000e+04	1.924118052629211206e+01
5.500000000000000000e+01	5.500000000000000000e+04	1.939014228809058338e+01
5.600000000000000000e+01	5.600000000000000000e+04	1.967689193790534929e+01
5.700000000000000000e+01	5.700000000000000000e+04	1.998584519880038002e+01
5.800000000000000000e+01	5.800000000000000000e+04	2.036834797123345808e+01
5.900000000000000000e+01	5.900000000000000000e+04	2.057664210683786976e+01
6.000000000000000000e+01	6.000000000000000000e+04	2.081562280778470964e+01
6.100000000000000000e+01	6.100000000000000000e+04	2.100174444523987916e+01
6.200000000000000000e+01	6.200000000000000000e+04	2.123613373378433522e+01
6.300000000000000000e+01	6.300000000000000000e+04	2.175312196838755696e+01
6.400000000000000000e+01	6.400000000000000000e+04	2.210222223201338210e+01
6.500000000000000000e+01	6.500000000000000000e+04	2.231551553914406938e+01
6.600000000000000000e+01	6.600000000000000000e+04	2.241356868284949400e+01
6.700000000000000000e+01	6.700000000000000000e+04	2.244394102474454655e+01
6.800000000000000000e+01	6.800000000000000000e+04	2.264706398112845065e+01
6.900000000000000000e+01	6.900000000000000000e+04	2.289212059888656370e+01
7.000000000000000000e+01	7.000000000000000000e+04	2.305699151857112739e+01
7.100000000000000000e+01	7.100000000000000000e+04	2.301842475055277859e+01
7.200000000000000000e+01	7.200000000000000000e+04	2.315698497667584022e+01
7.300000000000000000e+01	7.300000000000000000e+04	2.341735417403885222e+01
7.400000000000000000e+01	7.400000000000000000e+04	2.336904603713688289e+01
7.500000000000000000e+01	7.500000000000000000e+04	2.367237814411313579e+01
7.600000000000000000e+01	7.600000000000000000e+04	2.400123043325544714e+01
7.700000000000000000e+01	7.700000000000000000e+04	2.402605219680938475e+01
7.800000000000000000e+01	7.800000000000000000e+04	2.442022787717964860e+01
7.900000000000000000e+01	7.900000000000000000e+04	2.448039952890793813e+01
8.000000000000000000e+01	8.000000000000000000e+04	2.466717012911622220e+01
8.100000000000000000e+01	8.100000000000000000e+04	2.526919300532821921e+01
8.200000000000000000e+01	8.200000000000000000e+04	2.545865872333759938e+01
8.300000000000000000e+01	8.300000000000000000e+04	2.553056345266766414e+01
8.400000000000000000e+01	8.400000000000000000e+04	2.542835046956588840e+01
8.500000000000000000e+01	8.500000000000000000e+04	2.566353281522804508e+01
8.600000000000000000e+01	8.600000000000000000e+04	2.559325126369698111e+01
8.700000000000000000e+01	8.700000000000000000e+04	2.566208788899936977e+01
8.800000000000000000e+01	8.800000000000000000e+04	2.584048101321768698e+01
8.900000000000000000e+01	8.900000000000000000e+04	2.561079357398258338e+01
9.000000000000000000e+01	9.000000000000000000e+04	2.573595679580502349e+01
9.100000000000000000e+01	9.100000000000000000e+04	2.591868178787518318e+01
9.200000000000000000e+01	9.200000000000000000e+04	2.588651510566738878e+01
9.300000000000000000e+01	9.300000000000000000e+04	2.597583310784487054e+01
9.400000000000000000e+01	9.400000000000000000e+04	2.598471063535779635e+01
9.500000000000000000e+01	9.500000000000000000e+04	2.602952954051984591e+01
9.600000000000000000e+01	9.600000000000000000e+04	2.613135559304405930e+01
9.700000000000000000e+01	9.700000000000000000e+04	2.634189312904651459e+01
9.800000000000000000e+01	9.800000000000000000e+04	2.634240846646240541e+01
9.900000000000000000e+01	9.900000000000000000e+04	2.612585377531764763e+01
1.000000000000000000e+02	1.000000000000000000e+05	2.607478157363379268e+01
1.010000000000000000e+02	1.010000000000000000e+05	2.613760786640170153e+01
1.020000000000000000e+02	1.020000000000000000e+05	2.638318604774349296e+01
1.030000000000000000e+02	1.030000000000000000e+05	2.662515090464027168e+01
1.040000000000000000e+02	1.040000000000000000e+05	2.659724596485785497e+01
1.050000000000000000e+02	1.050000000000000000e+05	2.687272840416428110e+01
1.060000000000000000e+02	1.060000000000000000e+05	2.710184361668135367e+01
1.070000000000000000e+02	1.070000000000000000e+05	2.720695078203986128e+01
1.080000000000000000e+02	1.080000000000000000e+05	2.753902905204746077e+01
1.090000000000000000e+02	1.090000000000000000e+05	2.759474648442247968e+01
1.100000000000000000e+02	1.100000000000000000e+05	2.805874472430267019e+01
1.110000000000000000e+02	1.110000000000000000e+05	2.814995987005454126e+01
1.120000000000000000e+02	1.120000000000000000e+05	2.832418287386554212e+01
1.130000000000000000e+02	1.130000000000000000e+05	2.860712197905141352e+01
1.140000000000000000e+02	1.140000000000000000e+05	2.882589738661866008e+01
1.150000000000000000e+02	1.150000000000000000e+05	2.907627641642307736e+01
1.160000000000000000e+02	1.160000000000000000e+05	2.954330150649218467e+01
1.170000000000000000e+02	1.170000000000000000e+05	3.001843056327485115e+01
1.180000000000000000e+02	1.180000000000000000e+05	3.031832963944254900e+01
1.190000000000000000e+02	1.190000000000000000e+05	3.070252731798526824e+01
1.200000000000000000e+02	1.200000000000000000e+05	3.097920309724137766e+01
1.210000000000000000e+02	1.210000000000000000e+05	3.104338618720384702e+01
1.220000000000000000e+02	1.220000000000000000e+05	3.137699041683736212e+01
1.230000000000000000e+02	1.230000000000000000e+05	3.155585269886174515e+01
1.240000000000000000e+02	1.240000000000000000e+05	3.181728041919003047e+01
1.250000000000000000e+02	1.250000000000000000e+05	3.182738774032789664e+01
1.260000000000000000e+02	1.260000000000000000e+05	3.196631527741554635e+01
1.270000000000000000e+02	1.270000000000000000e+05	3.220565886861353277e+01
1.280000000000000000e+02	1.280000000000000000e+05	3.226913453622187689e+01
1.290000000000000000e+02	1.290000000000000000e+05	3.253360782105038140e+01
1.300000000000000000e+02	1.300000000000000000e+05	3.251794895886866499e+01
1.310000000000000000e+02	1.310000000000000000e+05	3.255092380216829184e+01
1.320000000000000000e+02	1.320000000000000000e+05	3.302138688030827041e+01
1.330000000000000000e+02	1.330000000000000000e+05	3.343078720471508092e+01
1.340000000000000000e+02	1.340000000000000000e+05	3.373921309570615534e+01
1.350000000000000000e+02	1.350000000000000000e+05	3.402972880674986556e+01
1.360000000000000000e+02	1.360000000000000000e+05	3.443313534009336507e+01
1.370000000000000000e+02	1.370000000000000000e+05	3.476492883527271971e+01
1.380000000000000000e+02	1.380000000000000000e+05	3.481044927991869997e+01
1.390000000000000000e+02	1.390000000000000000e+05	3.511638377522890408e+01
1.400000000000000000e+02	1.400000000000000000e+05	3.527286779474330558e+01
1.410000000000000000e+02	1.410000000000000000e+05	3.574549001253943459e+01
1.420000000000000000e+02	1.420000000000000000e+05	3.603877082394073028e+01
1.430000000000000000e+02	1.430000000000000000e+05	3.633139696826509635e+01
1.440000000000000000e+02	1.440000000000000000e+05	3.666027046598060224e+01
1.450000000000000000e+02	1.450000000000000000e+05	3.711070908945440294e+01
1.460000000000000000e+02	1.460000000000000000e+05	3.718677527496564750e+01
1.470000000000000000e+02	1.470000000000000000e+05	3.714963271528650779e+01
1.480000000000000000e+02	1.480000000000000000e+05	3.755905976937843604e+01
1.490000000000000000e+02	1.490000000000000000e+05	3.798371972411709407e+01
1.500000000000000000e+02	1.500000000000000000e+05	3.802274142297824966e+01
1.510000000000000000e+02	1.510000000000000000e+05	3.845558898052189534e+01
1.520000000000000000e+02	1.520000000000000000e+05	3.870300647815458461e+01
1.530000000000000000e+02	1.530000000000000000e+05	3.888607084759757981e+01
1.540000000000000000e+02	1.540000000000000000e+05	3.923531147419412690e+01
1.550000000000000000e+02	1.550000000000000000e+05	3.928669185976230693e+01
1.560000000000000000e+02	1.560000000000000000e+05	3.928288814933993223e+01
1.570000000000000000e+02	1.570000000000000000e+05	3.918539110811533988e+01
1.580000000000000000e+02	1.580000000000000000e+05	3.923948435015698522e+01
1.590000000000000000e+02	1.590000000000000000e+05	3.940158100765802374e+01
1.600000000000000000e+02	1.600000000000000000e+05	3.983142791712006670e+01
1.610000000000000000e+02	1.610000000000000000e+05	4.027497560915801955e+01
1.620000000000000000e+02	1.620000000000000000e+05	4.058053331114914641e+01
1.630000000000000000e+02	1.630000000000000000e+05	4.073253040455837493e+01
1.640000000000000000e+02	1.640000000000000000e+05	4.104821365178327142e+01
1.650000000000000000e+02	1.650000000000000000e+05	4.130145133863523910e+01
1.660000000000000000e+02	1.660000000000000000e+05	4.152610264177219790e+01
1.670000000000000000e+02	1.670000000000000000e+05	4.180285923994895825e+01
1.680000000000000000e+02	1.680000000000000000e+05	4.189305817456947523e+01
1.690000000000000000e+02	1.690000000000000000e+05	4.184559988344020098e+01
1.700000000000000000e+02	1.700000000000000000e+05	4.176067443829188619e+01
1.710000000000000000e+02	1.710000000000000000e+05	4.192116383252486855e+01
1.720000000000000000e+02	1.720000000000000000e+05	4.217157615672383031e+01
1.730000000000000000e+02	1.730000000000000000e+05	4.243923177665629254e+01
1.740000000000000000e+02	1.740000000000000000e+05	4.270525762604456332e+01
1.750000000000000000e+02	1.750000000000000000e+05	4.302347583185633084e+01
1.760000000000000000e+02	1.760000000000000000e+05	4.301385167639673313e+01
1.770000000000000000e+02	1.770000000000000000e+05	4.328532884093678490e+01
1.780000000000000000e+02	1.780000000000000000e+05	4.332810665027496810e+01
1.790000000000000000e+02	1.790000000000000000e+05	4.354390434879652361e+01
1.800000000000000000e+02	1.800000000000000000e+05	4.343861796074102699e+01
1.810000000000000000e+02	1.810000000000000000e+05	4.371650295934178843e+01
1.820000000000000000e+02	1.820000000000000000e+05	4.432676019489946384e+01
1.830000000000000000e+02	1.830000000000000000e+05	4.456691171681465136e+01
1.840000000000000000e+02	1.840000000000000000e+05	4.485541442317926197e+01
1.850000000000000000e+02	1.850000000000000000e+05	4.515575739483994511e+01
1.860000000000000000e+02	1.860000000000000000e+05	4.532668322929993110e+01
1.870000000000000000e+02	1.870000000000000000e+05	4.543599090018032882e+01
1.880000000000000000e+02	1.880000000000000000e+05	4.528058956315544492e+01
1.890000000000000000e+02	1.890000000000000000e+05	4.539761466225038333e+01
1.900000000000000000e+02	1.900000000000000000e+05	4.563649003263072501e+01
1.910000000000000000e+02	1.910000000000000000e+05	4.581210061969926528e+01
1.920000000000000000e+02	1.920000000000000000e+05	4.609269227794945323e+01
1.930000000000000000e+02	1.930000000000000000e+05	4.627492039582894279e+01
1.940000000000000000e+02	1.940000000000000000e+05	4.646467372951635610e+01
1.950000000000000000e+02	1.950000000000000000e+05	4.648341077798708199e+01
1.960000000000000000e+02	1.960000000000000000e+05	4.658648797936776020e+01
1.970000000000000000e+02	1.970000000000000000e+05	4.672716076558408105e+01
1.980000000000000000e+02	1.980000000000000000e+05	4.701025052869893983e+01
1.990000000000000000e+02	1.990000000000000000e+05	4.701862308977063520e+01
2.000000000000000000e+02	2.000000000000000000e+05	4.700287760141907256e+01
2.010000000000000000e+02	2.010000000000000000e+05	4.727398391643352227e+01
2.020000000000000000e+02	2.020000000000000000e+05	4.742926489927148737e+01
2.030000000000000000e+02	2.030000000000000000e+05	4.768444641314955135e+01
2.040000000000000000e+02	2.040000000000000000e+05	4.811341881734157511e+01
2.050000000000000000e+02	2.050000000000000000e+05	4.834881746624206755e+01
2.060000000000000000e+02	2.060000000000000000e+05	4.840953190726335009e+01
2.070000000000000000e+02	2.070000000000000000e+05	4.836850132423445814e+01
2.080000000000000000e+02	2.080000000000000000e+05	4.858504870230403583e+01
2.090000000000000000e+02	2.090000000000000000e+05	4.871827305734247915e+01
2.100000000000000000e+02	2.100000000000000000e+05	4.898186685145030594e+01
2.110000000000000000e+02	2.110000000000000000e+05	4.932169989354095208e+01
2.120000000000000000e+02	2.120000000000000000e+05	4.934195257148451930e+01
2.130000000000000000e+02	2.130000000000000000e+05	4.950968911207274203e+01
2.140000000000000000e+02	2.140000000000000000e+05	4.994963380346928972e+01
2.150000000000000000e+02	2.150000000000000000e+05	5.022324219744713503e+01
2.160000000000000000e+02	2.160000000000000000e+05	5.022203606136238818e+01
2.170000000000000000e+02	2.170000000000000000e+05	5.050946672344913679e+01
2.180000000000000000e+02	2.180000000000000000e+05	5.059287207701240874e+01
2.190000000000000000e+02	2.190000000000000000e+05	5.039457661932819121e+01
2.200000000000000000e+02	2.200000000000000000e+05	5.054539665624920985e+01
2.210000000000000000e+02	2.210000000000000000e+05	5.078103504493923026e+01
2.220000000000000000e+02	2.220000000000000000e+05	5.097356272690281287e+01
2.230000000000000000e+02	2.230000000000000000e+05	5.108318132578219206e+01
2.240000000000000000e+02	2.240000000000000000e+05	5.112432932930796170e+01
2.250000000000000000e+02	2.250000000000000000e+05	5.146236845039440055e+01
2.260000000000000000e+02	2.260000000000000000e+05	5.163674666025135451e+01
2.270000000000000000e+02	2.270000000000000000e+05	5.167437485087651794e+01
2.280000000000000000e+02	2.280000000000000000e+05	5.187048556611543404e+01
2.290000000000000000e+02	2.290000000000000000e+05	5.204620282512050267e+01
2.300000000000000000e+02	2.300000000000000000e+05	5.218184560868780153e+01
2.310000000000000000e+02	2.310000000000000000e+05	5.237557269985759945e+01
2.320000000000000000e+02	2.320000000000000000e+05	5.299533368862334015e+01
2.330000000000000000e+02	2.330000000000000000e+05	5.306778936958784954e+01
2.340000000000000000e+02	2.340000000000000000e+05	5.326299195227598915e+01
2.350000000000000000e+02	2.350000000000000000e+05	5.327036414914428519e+01
2.360000000000000000e+02	2.360000000000000000e+05	5.360637328640449084e+01
2.370000000000000000e+02	2.370000000000000000e+05	5.377015755424251608e+01
2.380000000000000000e+02	2.380000000000000000e+05	5.399656179180405502e+01
2.390000000000000000e+02	2.390000000000000000e+05	5.441838899650498718e+01
2.400000000000000000e+02	2.400000000000000000e+05	5.452555942443854065e+01
2.410000000000000000e+02	2.410000000000000000e+05	5.507637025599354530e+01
2.420000000000000000e+02	2.420000000000000000e+05	5.542443361425537773e+01
2.430000000000000000e+02	2.430000000000000000e+05	5.550228821479723962e+01
2.440000000000000000e+02	2.440000000000000000e+05	5.572998929881337915e+01
2.450000000000000000e+02	2.450000000000000000e+05	5.577400447191549659e+01
2.460000000000000000e+02	2.460000000000000000e+05	5.580639220908571474e+01
2.470000000000000000e+02	2.470000000000000000e+05	5.611887766623788565e+01
2.480000000000000000e+02	2.480000000000000000e+05	5.635436414266989402e+01
2.490000000000000000e+02	2.490000000000000000e+05	5.678352711102785833e+01
2.500000000000000000e+02	2.500000000000000000e+05	5.699629859120002351e+01
2.510000000000000000e+02	2.510000000000000000e+05	5.734258095888811368e+01
2.520000000000000000e+02	2.520000000000000000e+05	5.759284370745682935e+01
2.530000000000000000e+02	2.530000000000000000e+05	5.807051313721077435e+01
2.540000000000000000e+02	2.540000000000000000e+05	5.816668066993889141e+01
2.550000000000000000e+02	2.550000000000000000e+05	5.808849665773048088e+01
2.560000000000000000e+02	2.560000000000000000e+05	5.840535101123453643e+01
2.570000000000000000e+02	2.570000000000000000e+05	5.862983074273559936e+01
2.580000000000000000e+02	2.580000000000000000e+05	5.867240861396077634e+01
2.590000000000000000e+02	2.590000000000000000e+05	5.893527082453093868e+01
2.600000000000000000e+02	2.600000000000000000e+05	5.891126239156437094e+01
2.610000000000000000e+02	2.610000000000000000e+05	5.912585189682043563e+01
2.620000000000000000e+02	2.620000000000000000e+05	5.917922788321154570e+01
2.630000000000000000e+02	2.630000000000000000e+05	5.944879507355735626e+01
2.640000000000000000e+02	2.640000000000000000e+05	5.963233456186225112e+01
2.650000000000000000e+02	2.650000000000000000e+05	5.986282397476425388e+01
2.660000000000000000e+02	2.660000000000000000e+05	5.993129062875616597e+01
2.670000000000000000e+02	2.670000000000000000e+05	6.042464794205642420e+01
2.680000000000000000e+02	2.680000000000000000e+05	6.069257695958717136e+01
2.690000000000000000e+02	2.690000000000000000e+05	6.071528610349777466e+01
2.700000000000000000e+02	2.700000000000000000e+05	6.086634268790712099e+01
2.710000000000000000e+02	2.710000000000000000e+05	6.124423430595978601e+01
2.720000000000000000e+02	2.720000000000000000e+05	6.153858401062571915e+01
2.730000000000000000e+02	2.730000000000000000e+05	6.180323168107161536e+01
2.740000000000000000e+02	2.740000000000000000e+05	6.202352809911006659e+01
2.750000000000000000e+02	2.750000000000000000e+05	6.254329235471075776e+01
2.760000000000000000e+02	2.760000000000000000e+05	6.281808829339692579e+01
2.770000000000000000e+02	2.770000000000000000e+05	6.323567596596742391e+01
2.780000000000000000e+02	2.780000000000000000e+05	6.331434180214763785e+01
2.790000000000000000e+02	2.790000000000000000e+05	6.338193440647704335e+01
2.800000000000000000e+02	2.800000000000000000e+05	6.342093995186995414e+01
2.810000000000000000e+02	2.810000000000000000e+05	6.387774753801245708e+01
2.820000000000000000e+02	2.820000000000000000e+05	6.412216997716208766e+01
2.830000000000000000e+02	2.830000000000000000e+05	6.424425338554223686e+01
2.840000000000000000e+02	2.840000000000000000e+05	6.433694827306626962e+01
2.850000000000000000e+02	2.850000000000000000e+05	6.451933637278010281e+01
2.860000000000000000e+02	2.860000000000000000e+05	6.462198474136567938e+01
2.870000000000000000e+02	2.870000000000000000e+05	6.488542461211918067e+01
2.880000000000000000e+02	2.880000000000000000e+05	6.495299195089454258e+01
2.890000000000000000e+02	2.890000000000000000e+05	6.520997388284907004e+01
2.900000000000000000e+02	2.900000000000000000e+05	6.530851191659878907e+01
2.910000000000000000e+02	2.910000000000000000e+05	6.570763849790124311e+01
2.920000000000000000e+02	2.920000000000000000e+05	6.583185080858366689e+01
2.930000000000000000e+02	2.930000000000000000e+05	6.590741931628315342e+01
2.940000000000000000e+02	2.940000000000000000e+05	6.597341388800056450e+01
2.950000000000000000e+02	2.950000000000000000e+05	6.621876752504745411e+01
2.960000000000000000e+02	2.960000000000000000e+05	6.613920590472254446e+01
2.970000000000000000e+02	2.970000000000000000e+05	6.638268592490555875e+01
2.980000000000000000e+02	2.980000000000000000e+05	6.645081202330314341e+01
2.990000000000000000e+02	2.990000000000000000e+05	6.659352607374620447e+01
3.000000000000000000e+02	3.000000000000000000e+05	6.663421653383721832e+01
3.010000000000000000e+02	3.010000000000000000e+05	6.683408573879486880e+01
3.020000000000000000e+02	3.020000000000000000e+05	6.711779083976493609e+01
3.030000000000000000e+02	3.030000000000000000e+05	6.723719280142694288e+01
3.040000000000000000e+02	3.040000000000000000e+05	6.741152650323689954e+01
3.050000000000000000e+02	3.050000000000000000e+05	6.777221076437778891e+01
3.060000000000000000e+02	3.060000000000000000e+05	6.803686574807170473e+01
3.070000000000000000e+02	3.070000000000000000e+05	6.813258133302107922e+01
3.080000000000000000e+02	3.080000000000000000e+05	6.828517879274333779e+01
3.090000000000000000e+02	3.090000000000000000e+05	6.840409850155253935e+01
3.100000000000000000e+02	3.100000000000000000e+05	6.860229840870474050e+01
3.110000000000000000e+02	3.110000000000000000e+05	6.883210517105167980e+01
3.120000000000000000e+02	3.120000000000000000e+05	6.912998589118281245e+01
3.130000000000000000e+02	3.130000000000000000e+05	6.949177920847178314e+01
3.140000000000000000e+02	3.140000000000000000e+05	6.998560963232759491e+01
3.150000000000000000e+02	3.150000000000000000e+05	7.006196726500218119e+01
3.160000000000000000e+02	3.160000000000000000e+05	7.018398803125352003e+01
3.170000000000000000e+02	3.170000000000000000e+05	6.997097333027573995e+01
3.180000000000000000e+02	3.180000000000000000e+05	7.015790609020265833e+01
3.190000000000000000e+02	3.190000000000000000e+05	7.032829732075362017e+01
3.200000000000000000e+02	3.200000000000000000e+05	7.068068690684069111e+01
3.210000000000000000e+02	3.210000000000000000e+05	7.113848097783557023e+01
3.220000000000000000e+02	3.220000000000000000e+05	7.142498314401453285e+01
3.230000000000000000e+02	3.230000000000000000e+05	7.145207254178271228e+01
3.240000000000000000e+02	3.240000000000000000e+05	7.146106047335899802e+01
3.250000000000000000e+02	3.250000000000000000e+05	7.160122002157926602e+01
3.260000000000000000e+02	3.260000000000000000e+05	7.173811391289463302e+01
3.270000000000000000e+02	3.270000000000000000e+05	7.189174600282611038e+01
3.280000000000000000e+02	3.280000000000000000e+05	7.193057508563769886e+01
3.290000000000000000e+02	3.290000000000000000e+05	7.205072634574260348e+01
3.300000000000000000e+02	3.300000000000000000e+05	7.212906016113136332e+01
3.310000000000000000e+02	3.310000000000000000e+05	7.228608496415760953e+01
3.320000000000000000e+02	3.320000000000000000e+05	7.241756817849464767e+01
3.330000000000000000e+02	3.330000000000000000e+05	7.260008965294689176e+01
3.340000000000000000e+02	3.340000000000000000e+05	7.286410394286473036e+01
3.350000000000000000e+02	3.350000000000000000e+05	7.304467400480456263e+01
3.360000000000000000e+02	3.360000000000000000e+05	7.327070601401770489e+01
3.370000000000000000e+02	3.370000000000000000e+05	7.366918762781224927e+01
3.380000000000000000e+02	3.380000000000000000e+05	7.385589889640016281e+01
3.390000000000000000e+02	3.390000000000000000e+05	7.421793146193763846e+01
3.400000000000000000e+02	3.400000000000000000e+05	7.418054287719219531e+01
3.410000000000000000e+02	3.410000000000000000e+05	7.455985442946142427e+01
3.420000000000000000e+02	3.420000000000000000e+05	7.452300830239504137e+01
3.430000000000000000e+02	3.430000000000000000e+05	7.486320940274919167e+01
3.440000000000000000e+02	3.440000000000000000e+05	7.500688777763663495e+01
3.450000000000000000e+02	3.450000000000000000e+05	7.509514008530751994e+01
3.460000000000000000e+02	3.460000000000000000e+05	7.526660578730412965e+01
3.470000000000000000e+02	3.470000000000000000e+05	7.546745851203884570e+01
3.480000000000000000e+02	3.480000000000000000e+05	7.554363361777360808e+01
3.490000000000000000e+02	3.490000000000000000e+05	7.588488229729446743e+01
3.500000000000000000e+02	3.500000000000000000e+05	7.575746704831864520e+01
3.510000000000000000e+02	3.510000000000000000e+05	7.583314042576000702e+01
3.520000000000000000e+02	3.520000000000000000e+05	7.593266900048284640e+01
3.530000000000000000e+02	3.530000000000000000e+05	7.627422176857760405e+01
3.540000000000000000e+02	3.540000000000000000e+05	7.632153933616338293e+01
3.550000000000000000e+02	3.550000000000000000e+05	7.648991245479344059e+01
3.560000000000000000e+02	3.560000000000000000e+05	7.648330108097209745e+01
3.570000000000000000e+02	3.570000000000000000e+05	7.670976761227861118e+01
3.580000000000000000e+02	3.580000000000000000e+05	7.712086085248897405e+01
3.590000000000000000e+02	3.590000000000000000e+05	7.732111264579559418e+01
3.600000000000000000e+02	3.600000000000000000e+05	7.751401880282526236e+01
3.610000000000000000e+02	3.610000000000000000e+05	7.760270309329231964e+01
3.620000000000000000e+02	3.620000000000000000e+05	7.781582353379806705e+01
3.630000000000000000e+02	3.630000000000000000e+05	7.803670642096854237e+01
3.640000000000000000e+02	3.640000000000000000e+05	7.833254268345898197e+01
3.650000000000000000e+02	3.650000000000000000e+05	7.852141691436426640e+01
3.660000000000000000e+02	3.660000000000000000e+05	7.870309688558080552e+01
3.670000000000000000e+02	3.670000000000000000e+05	7.878490129976150058e+01
3.680000000000000000e+02	3.680000000000000000e+05	7.869553583770402838e+01
3.690000000000000000e+02	3.690000000000000000e+05	7.903094772976545812e+01
3.700000000000000000e+02	3.700000000000000000e+05	7.913206878581644332e+01
3.710000000000000000e+02	3.710000000000000000e+05	7.921404177080448505e+01
3.720000000000000000e+02	3.720000000000000000e+05	7.939094487815600587e+01
3.730000000000000000e+02	3.730000000000000000e+05	7.933652940282316024e+01
3.740000000000000000e+02	3.740000000000000000e+05	7.949518594715767961e+01
3.750000000000000000e+02	3.750000000000000000e+05	7.987883008486601000e+01
3.760000000000000000e+02	3.760000000000000000e+05	8.009206538052016811e+01
3.770000000000000000e+02	3.770000000000000000e+05	8.020579054567160426e+01
3.780000000000000000e+02	3.780000000000000000e+05	8.034610964174599701e+01
3.790000000000000000e+02	3.790000000000000000e+05	8.051065763897450722e+01
3.800000000000000000e+02	3.800000000000000000e+05	8.058687041622319214e+01
3.810000000000000000e+02	3.810000000000000000e+05	8.086553879583476601e+01
3.820000000000000000e+02	3.820000000000000000e+05	8.114752232132083520e+01
3.830000000000000000e+02	3.830000000000000000e+05	8.131650087589146381e+01
3.840000000000000000e+02	3.840000000000000000e+05	8.141796496932059313e+01
3.850000000000000000e+02	3.850000000000000000e+05	8.163164439795150429e+01
3.860000000000000000e+02	3.860000000000000000e+05	8.174327866035814338e+01
3.870000000000000000e+02	3.870000000000000000e+05	8.181301562999112775e+01
3.880000000000000000e+02	3.880000000000000000e+05	8.200028824020968443e+01
3.890000000000000000e+02	3.890000000000000000e+05	8.202018337919824376e+01
3.900000000000000000e+02	3.900000000000000000e+05	8.218658860524283227e+01
3.910000000000000000e+02	3.910000000000000000e+05	8.218153406163497721e+01
3.920000000000000000e+02	3.920000000000000000e+05	8.210526072243710871e+01
3.930000000000000000e+02	3.930000000000000000e+05	8.217779041420335773e+01
3.940000000000000000e+02	3.940000000000000000e+05	8.208403515243269055e+01
3.950000000000000000e+02	3.950000000000000000e+05	8.204287786704318819e+01
3.960000000000000000e+02	3.960000000000000000e+05	8.208891113479700152e+01
3.970000000000000000e+02	3.970000000000000000e+05	8.226749718776544285e+01
3.980000000000000000e+02	3.980000000000000000e+05	8.212976747877632988e+01
3.990000000000000000e+02	3.990000000000000000e+05	8.223344418331839734e+01
4.000000000000000000e+02	4.000000000000000000e+05	8.229099082203769910e+01
4.010000000000000000e+02	4.010000000000000000e+05	8.232870176170884235e+01
4.020000000000000000e+02	4.020000000000000000e+05	8.244042812613787419e+01
4.030000000000000000e+02	4.030000000000000000e+05	8.253061517007982673e+01
4.040000000000000000e+02	4.040000000000000000e+05	8.253350031055822456e+01
4.050000000000000000e+02	4.050000000000000000e+05	8.265563040346613377e+01
4.060000000000000000e+02	4.060000000000000000e+05	8.279710780271807380e+01
4.070000000000000000e+02	4.070000000000000000e+05	8.322457197198788492e+01
4.080000000000000000e+02	4.080000000000000000e+05	8.335565424213568519e+01
4.090000000000000000e+02	4.090000000000000000e+05	8.354358584763966178e+01
4.100000000000000000e+02	4.100000000000000000e+05	8.383062852087844874e+01
4.110000000000000000e+02	4.110000000000000000e+05	8.411202560526517402e+01
4.120000000000000000e+02	4.120000000000000000e+05	8.418671246836920830e+01
4.130000000000000000e+02	4.130000000000000000e+05	8.439916978334625242e+01
4.140000000000000000e+02	4.140000000000000000e+05	8.453806502190974470e+01
4.150000000000000000e+02	4.150000000000000000e+05	8.462193402691575272e+01
4.160000000000000000e+02	4.160000000000000000e+05	8.444512546834245370e+01
4.170000000000000000e+02	4.170000000000000000e+05	8.465272866141492614e+01
4.180000000000000000e+02	4.180000000000000000e+05	8.473791496176673377e+01
4.190000000000000000e+02	4.190000000000000000e+05	8.483865803977482756e+01
4.200000000000000000e+02	4.200000000000000000e+05	8.483832454388129918e+01
4.210000000000000000e+02	4.210000000000000000e+05	8.507174521006584200e+01
4.220000000000000000e+02	4.220000000000000000e+05	8.507871171106552310e+01
4.230000000000000000e+02	4.230000000000000000e+05	8.530453456678336011e+01
4.240000000000000000e+02	4.240000000000000000e+05	8.534666467743781482e+01
4.250000000000000000e+02	4.250000000000000000e+05	8.561461460790570754e+01
4.260000000000000000e+02	4.260000000000000000e+05	8.597588001867291041e+01
4.270000000000000000e+02	4.270000000000000000e+05	8.611152077822912076e+01
4.280000000000000000e+02	4.280000000000000000e+05	8.643699917314921777e+01
4.290000000000000000e+02	4.290000000000000000e+05	8.665092878044836766e+01
4.300000000000000000e+02	4.300000000000000000e+05	8.676408532419155506e+01
4.310000000000000000e+02	4.310000000000000000e+05	8.693041553036971436e+01
4.320000000000000000e+02	4.320000000000000000e+05	8.715325987064129265e+01
4.330000000000000000e+02	4.330000000000000000e+05	8.734921321461645505e+01
4.340000000000000000e+02	4.340000000000000000e+05	8.732257867830340103e+01
4.350000000000000000e+02	4.350000000000000000e+05	8.740818498511264067e+01
4.360000000000000000e+02	4.360000000000000000e+05	8.756345843167552800e+01
