0.000000000000000000e+00	0.000000000000000000e+00	2.728211403000941004e-06
1.000000000000000000e+00	1.000000000000000000e+03	1.767274718440982939e+00
2.000000000000000000e+00	2.000000000000000000e+03	2.449766766032765553e+00
3.000000000000000000e+00	3.000000000000000000e+03	2.931122855221875323e+00
4.000000000000000000e+00	4.000000000000000000e+03	3.799537312171295866e+00
5.000000000000000000e+00	5.000000000000000000e+03	4.286140039289869641e+00
6.000000000000000000e+00	6.000000000000000000e+03	4.824133672875381862e+00
7.000000000000000000e+00	7.000000000000000000e+03	5.204982161233099092e+00
8.000000000000000000e+00	8.000000000000000000e+03	5.705501406466636283e+00
9.000000000000000000e+00	9.000000000000000000e+03	6.033316479743593419e+00
1.000000000000000000e+01	1.000000000000000000e+04	6.602325649207958058e+00
1.100000000000000000e+01	1.100000000000000000e+04	6.904472877947411824e+00
1.200000000000000000e+01	1.200000000000000000e+04	7.455850679201591724e+00
1.300000000000000000e+01	1.300000000000000000e+04	7.812006777291952808e+00
1.400000000000000000e+01	1.400000000000000000e+04	8.218471757293993818e+00
1.500000000000000000e+01	1.500000000000000000e+04	8.658413766384541077e+00
1.600000000000000000e+01	1.600000000000000000e+04	8.977335428463625533e+00
1.700000000000000000e+01	1.700000000000000000e+04	9.320944019255760438e+00
1.800000000000000000e+01	1.800000000000000000e+04	9.445836577156280001e+00
1.900000000000000000e+01	1.900000000000000000e+04	9.837628506804199091e+00
2.000000000000000000e+01	2.000000000000000000e+04	9.996830232946683381e+00
2.100000000000000000e+01	2.100000000000000000e+04	1.030446325828324738e+01
2.200000000000000000e+01	2.200000000000000000e+04	1.075715605774225203e+01
2.300000000000000000e+01	2.300000000000000000e+04	1.118714863182840169e+01
2.400000000000000000e+01	2.400000000000000000e+04	1.131328182375894364e+01
2.500000000000000000e+01	2.500000000000000000e+04	1.165191358854564641e+01
2.600000000000000000e+01	2.600000000000000000e+04	1.203637204893025547e+01
2.700000000000000000e+01	2.700000000000000000e+04	1.249884888290650053e+01
2.800000000000000000e+01	2.800000000000000000e+04	1.289259087445508811e+01
2.900000000000000000e+01	2.900000000000000000e+04	1.303168788344957463e+01
3.000000000000000000e+01	3.000000000000000000e+04	1.309145844492005928e+01
3.100000000000000000e+01	3.100000000000000000e+04	1.343310301633571946e+01
3.200000000000000000e+01	3.200000000000000000e+04	1.356633419821630149e+01
3.300000000000000000e+01	3.300000000000000000e+04	1.376205036242665436e+01
3.400000000000000000e+01	3.400000000000000000e+04	1.382813371237895161e+01
3.500000000000000000e+01	3.500000000000000000e+04	1.410294809344448197e+01
3.600000000000000000e+01	3.600000000000000000e+04	1.449007602015649177e+01
3.700000000000000000e+01	3.700000000000000000e+04	1.459982347752095500e+01
3.800000000000000000e+01	3.800000000000000000e+04	1.483781482496642035e+01
3.900000000000000000e+01	3.900000000000000000e+04	1.529411708163784844e+01
4.000000000000000000e+01	4.000000000000000000e+04	1.547087990641833777e+01
4.100000000000000000e+01	4.100000000000000000e+04	1.561643426257143474e+01
4.200000000000000000e+01	4.200000000000000000e+04	1.606446688309341297e+01
4.300000000000000000e+01	4.300000000000000000e+04	1.617117188847207743e+01
4.400000000000000000e+01	4.400000000000000000e+04	1.652249611512133498e+01
4.500000000000000000e+01	4.500000000000000000e+04	1.655548451717667291e+01
4.600000000000000000e+01	4.600000000000000000e+04	1.697698916372257472e+01
4.700000000000000000e+01	4.700000000000000000e+04	1.708866482082702376e+01
4.800000000000000000e+01	4.800000000000000000e+04	1.733820489441393065e+01
4.900000000000000000e+01	4.900000000000000000e+04	1.754365078466683414e+01
5.000000000000000000e+01	5.000000000000000000e+04	1.766868189350237373e+01
5.100000000000000000e+01	5.100000000000000000e+04	1.769044650945174979e+01
5.200000000000000000e+01	5.200000000000000000e+04	1.830007124220132297e+01
5.300000000000000000e+01	5.300000000000000000e+04	1.857002404432211762e+01
5.400000000000000000e+01	5.400000000000000000e+04	1.865395747270373050e+01
5.500000000000000000e+01	5.500000000000000000e+04	1.881087740539723896e+01
5.600000000000000000e+01	5.600000000000000000e+04	1.881131327664478547e+01
5.700000000000000000e+01	5.700000000000000000e+04	1.900865815483716403e+01
5.800000000000000000e+01	5.800000000000000000e+04	1.915124181911356160e+01
5.900000000000000000e+01	5.900000000000000000e+04	1.964519055551307503e+01
6.000000000000000000e+01	6.000000000000000000e+04	2.001098656492022343e+01
6.100000000000000000e+01	6.100000000000000000e+04	2.028992024132225680e+01
6.200000000000000000e+01	6.200000000000000000e+04	2.032035605149197366e+01
6.300000000000000000e+01	6.300000000000000000e+04	2.051509377205383089e+01
6.400000000000000000e+01	6.400000000000000000e+04	2.083498342843446594e+01
6.500000000000000000e+01	6.500000000000000000e+04	2.115293871513251744e+01
6.600000000000000000e+01	6.600000000000000000e+04	2.144907497215640646e+01
6.700000000000000000e+01	6.700000000000000000e+04	2.164898998538818731e+01
6.800000000000000000e+01	6.800000000000000000e+04	2.186340933801585251e+01
6.900000000000000000e+01	6.900000000000000000e+04	2.197516108331550200e+01
7.000000000000000000e+01	7.000000000000000000e+04	2.224646600905523997e+01
7.100000000000000000e+01	7.100000000000000000e+04	2.223513522673396281e+01
7.200000000000000000e+01	7.200000000000000000e+04	2.233990401608120280e+01
7.300000000000000000e+01	7.300000000000000000e+04	2.259159463208906260e+01
7.400000000000000000e+01	7.400000000000000000e+04	2.277764896220287838e+01
7.500000000000000000e+01	7.500000000000000000e+04	2.323654395217340252e+01
7.600000000000000000e+01	7.600000000000000000e+04	2.350903060415725676e+01
7.700000000000000000e+01	7.700000000000000000e+04	2.371458299455708740e+01
7.800000000000000000e+01	7.800000000000000000e+04	2.391331258776981628e+01
7.900000000000000000e+01	7.900000000000000000e+04	2.390000651655839192e+01
8.000000000000000000e+01	8.000000000000000000e+04	2.385876248766414065e+01
8.100000000000000000e+01	8.100000000000000000e+04	2.426588335166862720e+01
8.200000000000000000e+01	8.200000000000000000e+04	2.441388552631612541e+01
8.300000000000000000e+01	8.300000000000000000e+04	2.439366569363902215e+01
8.400000000000000000e+01	8.400000000000000000e+04	2.455385580641387122e+01
8.500000000000000000e+01	8.500000000000000000e+04	2.462898094292295781e+01
8.600000000000000000e+01	8.600000000000000000e+04	2.502172432064923058e+01
8.700000000000000000e+01	8.700000000000000000e+04	2.490942181582489212e+01
8.800000000000000000e+01	8.800000000000000000e+04	2.520376240936863255e+01
8.900000000000000000e+01	8.900000000000000000e+04	2.543657221986125094e+01
9.000000000000000000e+01	9.000000000000000000e+04	2.543668478262398125e+01
9.100000000000000000e+01	9.100000000000000000e+04	2.549368409369321498e+01
9.200000000000000000e+01	9.200000000000000000e+04	2.580700092055255368e+01
9.300000000000000000e+01	9.300000000000000000e+04	2.607758382621294757e+01
9.400000000000000000e+01	9.400000000000000000e+04	2.629368473853751809e+01
9.500000000000000000e+01	9.500000000000000000e+04	2.624607652934025026e+01
9.600000000000000000e+01	9.600000000000000000e+04	2.633855385905650337e+01
9.700000000000000000e+01	9.700000000000000000e+04	2.640789725729487358e+01
9.800000000000000000e+01	9.800000000000000000e+04	2.654128815206167502e+01
9.900000000000000000e+01	9.900000000000000000e+04	2.659739343571029124e+01
1.000000000000000000e+02	1.000000000000000000e+05	2.688361008155689191e+01
1.010000000000000000e+02	1.010000000000000000e+05	2.706673787139736831e+01
1.020000000000000000e+02	1.020000000000000000e+05	2.720095384525473392e+01
1.030000000000000000e+02	1.030000000000000000e+05	2.747268592886561578e+01
1.040000000000000000e+02	1.040000000000000000e+05	2.763371236967079270e+01
1.050000000000000000e+02	1.050000000000000000e+05	2.768533956111072314e+01
1.060000000000000000e+02	1.060000000000000000e+05	2.775428329821071571e+01
1.070000000000000000e+02	1.070000000000000000e+05	2.801827361422790830e+01
1.080000000000000000e+02	1.080000000000000000e+05	2.819692260485781787e+01
1.090000000000000000e+02	1.090000000000000000e+05	2.854806712999129203e+01
1.100000000000000000e+02	1.100000000000000000e+05	2.883575989989355293e+01
1.110000000000000000e+02	1.110000000000000000e+05	2.923320834068679375e+01
1.120000000000000000e+02	1.120000000000000000e+05	2.929097376684443432e+01
1.130000000000000000e+02	1.130000000000000000e+05	2.947767532791863587e+01
1.140000000000000000e+02	1.140000000000000000e+05	2.958060111817004412e+01
1.150000000000000000e+02	1.150000000000000000e+05	2.960718276444882591e+01
1.160000000000000000e+02	1.160000000000000000e+05	2.976989261280231958e+01
1.170000000000000000e+02	1.170000000000000000e+05	2.995964600582722426e+01
1.180000000000000000e+02	1.180000000000000000e+05	3.016022713936230915e+01
1.190000000000000000e+02	1.190000000000000000e+05	3.045790585316834864e+01
1.200000000000000000e+02	1.200000000000000000e+05	3.063462177856058233e+01
1.210000000000000000e+02	1.210000000000000000e+05	3.099043886411429938e+01
1.220000000000000000e+02	1.220000000000000000e+05	3.130684988833800730e+01
1.230000000000000000e+02	1.230000000000000000e+05	3.164794894512394663e+01
1.240000000000000000e+02	1.240000000000000000e+05	3.174712369260867817e+01
1.250000000000000000e+02	1.250000000000000000e+05	3.200174585424201723e+01
1.260000000000000000e+02	1.260000000000000000e+05	3.225477922763290195e+01
1.270000000000000000e+02	1.270000000000000000e+05	3.226384250658281871e+01
1.280000000000000000e+02	1.280000000000000000e+05	3.258889268767964609e+01
1.290000000000000000e+02	1.290000000000000000e+05	3.290717078653953820e+01
1.300000000000000000e+02	1.300000000000000000e+05	3.282520103119657762e+01
1.310000000000000000e+02	1.310000000000000000e+05	3.305024431814577923e+01
1.320000000000000000e+02	1.320000000000000000e+05	3.358825369806933736e+01
1.330000000000000000e+02	1.330000000000000000e+05	3.380347471000212778e+01
1.340000000000000000e+02	1.340000000000000000e+05	3.380117429024029008e+01
1.350000000000000000e+02	1.350000000000000000e+05	3.375771619689432868e+01
1.360000000000000000e+02	1.360000000000000000e+05	3.393005260766092590e+01
1.370000000000000000e+02	1.370000000000000000e+05	3.396578589398823311e+01
1.380000000000000000e+02	1.380000000000000000e+05	3.419083993869381999e+01
1.390000000000000000e+02	1.390000000000000000e+05	3.419454048943373436e+01
1.400000000000000000e+02	1.400000000000000000e+05	3.449523922541322918e+01
1.410000000000000000e+02	1.410000000000000000e+05	3.460048954496478757e+01
1.420000000000000000e+02	1.420000000000000000e+05	3.486253723253273762e+01
1.430000000000000000e+02	1.430000000000000000e+05	3.469455610067630147e+01
1.440000000000000000e+02	1.440000000000000000e+05	3.499538965500212839e+01
1.450000000000000000e+02	1.450000000000000000e+05	3.510865825413834784e+01
1.460000000000000000e+02	1.460000000000000000e+05	3.543806768971332133e+01
1.470000000000000000e+02	1.470000000000000000e+05	3.568058635467612305e+01
1.480000000000000000e+02	1.480000000000000000e+05	3.558155440309087680e+01
1.490000000000000000e+02	1.490000000000000000e+05	3.565222831106833468e+01
1.500000000000000000e+02	1.500000000000000000e+05	3.575035505012755976e+01
1.510000000000000000e+02	1.510000000000000000e+05	3.584935623860122433e+01
1.520000000000000000e+02	1.520000000000000000e+05	3.616949916018565858e+01
1.530000000000000000e+02	1.530000000000000000e+05	3.627955447372730191e+01
1.540000000000000000e+02	1.540000000000000000e+05	3.629467072647493353e+01
1.550000000000000000e+02	1.550000000000000000e+05	3.651030669709022192e+01
1.560000000000000000e+02	1.560000000000000000e+05	3.694388339832366341e+01
1.570000000000000000e+02	1.570000000000000000e+05	3.719217449636693829e+01
1.580000000000000000e+02	1.580000000000000000e+05	3.733055901984212710e+01
1.590000000000000000e+02	1.590000000000000000e+05	3.772740678498976052e+01
1.600000000000000000e+02	1.600000000000000000e+05	3.803935631155155761e+01
1.610000000000000000e+02	1.610000000000000000e+05	3.807715339028598578e+01
1.620000000000000000e+02	1.620000000000000000e+05	3.818483231669200961e+01
1.630000000000000000e+02	1.630000000000000000e+05	3.845051392085827047e+01
1.640000000000000000e+02	1.640000000000000000e+05	3.860076771635579007e+01
1.650000000000000000e+02	1.650000000000000000e+05	3.882191765862741306e+01
1.660000000000000000e+02	1.660000000000000000e+05	3.899310700974809407e+01
1.670000000000000000e+02	1.670000000000000000e+05	3.933106233745682090e+01
1.680000000000000000e+02	1.680000000000000000e+05	3.961989274611985934e+01
1.690000000000000000e+02	1.690000000000000000e+05	3.993603381717097278e+01
1.700000000000000000e+02	1.700000000000000000e+05	4.012204016699993758e+01
1.710000000000000000e+02	1.710000000000000000e+05	4.029066808714640047e+01
1.720000000000000000e+02	1.720000000000000000e+05	4.047744462643383656e+01
1.730000000000000000e+02	1.730000000000000000e+05	4.077673594180585326e+01
1.740000000000000000e+02	1.740000000000000000e+05	4.093209540668424040e+01
1.750000000000000000e+02	1.750000000000000000e+05	4.092704287086937143e+01
1.760000000000000000e+02	1.760000000000000000e+05	4.106309869710499072e+01
1.770000000000000000e+02	1.770000000000000000e+05	4.133095839903501911e+01
1.780000000000000000e+02	1.780000000000000000e+05	4.143152272712083573e+01
1.790000000000000000e+02	1.790000000000000000e+05	4.156501361027707020e+01
1.800000000000000000e+02	1.800000000000000000e+05	4.172747403422026480e+01
1.810000000000000000e+02	1.810000000000000000e+05	4.187476237363411258e+01
1.820000000000000000e+02	1.820000000000000000e+05	4.207154420215245949e+01
1.830000000000000000e+02	1.830000000000000000e+05	4.210259200187195461e+01
1.840000000000000000e+02	1.840000000000000000e+05	4.225057279455744919e+01
1.850000000000000000e+02	1.850000000000000000e+05	4.226890215022410757e+01
1.860000000000000000e+02	1.860000000000000000e+05	4.240757279162941984e+01
1.870000000000000000e+02	1.870000000000000000e+05	4.238733981103892745e+01
1.880000000000000000e+02	1.880000000000000000e+05	4.263651672959667849e+01
1.890000000000000000e+02	1.890000000000000000e+05	4.296149040212972636e+01
1.900000000000000000e+02	1.900000000000000000e+05	4.327646911038230115e+01
1.910000000000000000e+02	1.910000000000000000e+05	4.363843769092511593e+01
1.920000000000000000e+02	1.920000000000000000e+05	4.378298237274022142e+01
1.930000000000000000e+02	1.930000000000000000e+05	4.410077238694560009e+01
1.940000000000000000e+02	1.940000000000000000e+05	4.434017498129132662e+01
1.950000000000000000e+02	1.950000000000000000e+05	4.430995468363546763e+01
1.960000000000000000e+02	1.960000000000000000e+05	4.453914668763379581e+01
1.970000000000000000e+02	1.970000000000000000e+05	4.481198018735828725e+01
1.980000000000000000e+02	1.980000000000000000e+05	4.498808789309472189e+01
1.990000000000000000e+02	1.990000000000000000e+05	4.514779184910624110e+01
2.000000000000000000e+02	2.000000000000000000e+05	4.543780538612453768e+01
2.010000000000000000e+02	2.010000000000000000e+05	4.569327124105536342e+01
2.020000000000000000e+02	2.020000000000000000e+05	4.581098524358093727e+01
2.030000000000000000e+02	2.030000000000000000e+05	4.607874130954543546e+01
2.040000000000000000e+02	2.040000000000000000e+05	4.599495755527251362e+01
2.050000000000000000e+02	2.050000000000000000e+05	4.600512070184534963e+01
2.060000000000000000e+02	2.060000000000000000e+05	4.622949744818374285e+01
2.070000000000000000e+02	2.070000000000000000e+05	4.608690427787266941e+01
2.080000000000000000e+02	2.080000000000000000e+05	4.630355887328647668e+01
2.090000000000000000e+02	2.090000000000000000e+05	4.656190199761899606e+01
2.100000000000000000e+02	2.100000000000000000e+05	4.665460054821201652e+01
2.110000000000000000e+02	2.110000000000000000e+05	4.682564961630841793e+01
2.120000000000000000e+02	2.120000000000000000e+05	4.688347129063802754e+01
2.130000000000000000e+02	2.130000000000000000e+05	4.694975633357836386e+01
2.140000000000000000e+02	2.140000000000000000e+05	4.693780988863436221e+01
2.150000000000000000e+02	2.150000000000000000e+05	4.721360672106728629e+01
2.160000000000000000e+02	2.160000000000000000e+05	4.764717743685644535e+01
2.170000000000000000e+02	2.170000000000000000e+05	4.753951819125931166e+01
2.180000000000000000e+02	2.180000000000000000e+05	4.767102241274056240e+01
2.190000000000000000e+02	2.190000000000000000e+05	4.778434522462486456e+01
2.200000000000000000e+02	2.200000000000000000e+05	4.804739226717882872e+01
2.210000000000000000e+02	2.210000000000000000e+05	4.835556613318365038e+01
2.220000000000000000e+02	2.220000000000000000e+05	4.860806047937214913e+01
2.230000000000000000e+02	2.230000000000000000e+05	4.883357146562178031e+01
2.240000000000000000e+02	2.240000000000000000e+05	4.898399202103362882e+01
2.250000000000000000e+02	2.250000000000000000e+05	4.910549153693388291e+01
2.260000000000000000e+02	2.260000000000000000e+05	4.925780387443606401e+01
2.270000000000000000e+02	2.270000000000000000e+05	4.952700369595975616e+01
2.280000000000000000e+02	2.280000000000000000e+05	4.988340151516199938e+01
2.290000000000000000e+02	2.290000000000000000e+05	5.022017273602482135e+01
2.300000000000000000e+02	2.300000000000000000e+05	5.041908531126046711e+01
2.310000000000000000e+02	2.310000000000000000e+05	5.054824368861078909e+01
2.320000000000000000e+02	2.320000000000000000e+05	5.067967762482814464e+01
2.330000000000000000e+02	2.330000000000000000e+05	5.071337276764511159e+01
2.340000000000000000e+02	2.340000000000000000e+05	5.080884736716009087e+01
2.350000000000000000e+02	2.350000000000000000e+05	5.083804693947585918e+01
2.360000000000000000e+02	2.360000000000000000e+05	5.118226001281765747e+01
2.370000000000000000e+02	2.370000000000000000e+05	5.150328454215912188e+01
2.380000000000000000e+02	2.380000000000000000e+05	5.145405794366303098e+01
2.390000000000000000e+02	2.390000000000000000e+05	5.168934361861415283e+01
2.400000000000000000e+02	2.400000000000000000e+05	5.159798112077873355e+01
2.410000000000000000e+02	2.410000000000000000e+05	5.178817279930921558e+01
2.420000000000000000e+02	2.420000000000000000e+05	5.174293088939521112e+01
2.430000000000000000e+02	2.430000000000000000e+05	5.193463792604662643e+01
2.440000000000000000e+02	2.440000000000000000e+05	5.213785285737874631e+01
2.450000000000000000e+02	2.450000000000000000e+05	5.241547343639016532e+01
2.460000000000000000e+02	2.460000000000000000e+05	5.241657485816836015e+01
2.470000000000000000e+02	2.470000000000000000e+05	5.284593899205010814e+01
2.480000000000000000e+02	2.480000000000000000e+05	5.288093897695526380e+01
2.490000000000000000e+02	2.490000000000000000e+05	5.309320010160692505e+01
2.500000000000000000e+02	2.500000000000000000e+05	5.331004523573807319e+01
2.510000000000000000e+02	2.510000000000000000e+05	5.327804681251747354e+01
2.520000000000000000e+02	2.520000000000000000e+05	5.328066978170893009e+01
2.530000000000000000e+02	2.530000000000000000e+05	5.348971959213510274e+01
2.540000000000000000e+02	2.540000000000000000e+05	5.366392002157047614e+01
2.550000000000000000e+02	2.550000000000000000e+05	5.386375779648391671e+01
2.560000000000000000e+02	2.560000000000000000e+05	5.384455365645977309e+01
2.570000000000000000e+02	2.570000000000000000e+05	5.401884126620787185e+01
2.580000000000000000e+02	2.580000000000000000e+05	5.427908420720615368e+01
2.590000000000000000e+02	2.590000000000000000e+05	5.457412837185536603e+01
2.600000000000000000e+02	2.600000000000000000e+05	5.469527012187106862e+01
2.610000000000000000e+02	2.610000000000000000e+05	5.482826563441049217e+01
2.620000000000000000e+02	2.620000000000000000e+05	5.507783654950509344e+01
2.630000000000000000e+02	2.630000000000000000e+05	5.510440379195938476e+01
2.640000000000000000e+02	2.640000000000000000e+05	5.518900596714591700e+01
2.650000000000000000e+02	2.650000000000000000e+05	5.534570675617786151e+01
2.660000000000000000e+02	2.660000000000000000e+05	5.546696874204763361e+01
2.670000000000000000e+02	2.670000000000000000e+05	5.552960151787703325e+01
2.680000000000000000e+02	2.680000000000000000e+05	5.573491326740348484e+01
2.690000000000000000e+02	2.690000000000000000e+05	5.578251791308704810e+01
2.700000000000000000e+02	2.700000000000000000e+05	5.578907423413996014e+01
2.710000000000000000e+02	2.710000000000000000e+05	5.592469562352093959e+01
2.720000000000000000e+02	2.720000000000000000e+05	5.594487119507691375e+01
2.730000000000000000e+02	2.730000000000000000e+05	5.618981324339804928e+01
2.740000000000000000e+02	2.740000000000000000e+05	5.623901828699508343e+01
2.750000000000000000e+02	2.750000000000000000e+05	5.651641872921388909e+01
2.760000000000000000e+02	2.760000000000000000e+05	5.678431611576239391e+01
2.770000000000000000e+02	2.770000000000000000e+05	5.697532823476596775e+01
2.780000000000000000e+02	2.780000000000000000e+05	5.729390616524928248e+01
2.790000000000000000e+02	2.790000000000000000e+05	5.732192384014847875e+01
2.800000000000000000e+02	2.800000000000000000e+05	5.722950816031960386e+01
2.810000000000000000e+02	2.810000000000000000e+05	5.732983583171776587e+01
2.820000000000000000e+02	2.820000000000000000e+05	5.745151292856857594e+01
2.830000000000000000e+02	2.830000000000000000e+05	5.759609339913402692e+01
2.840000000000000000e+02	2.840000000000000000e+05	5.768705568317387389e+01
2.850000000000000000e+02	2.850000000000000000e+05	5.786047288450425441e+01
2.860000000000000000e+02	2.860000000000000000e+05	5.827752355011357821e+01
2.870000000000000000e+02	2.870000000000000000e+05	5.852157450901668767e+01
2.880000000000000000e+02	2.880000000000000000e+05	5.867283870659009892e+01
2.890000000000000000e+02	2.890000000000000000e+05	5.907879122808193983e+01
2.900000000000000000e+02	2.900000000000000000e+05	5.929963530619124157e+01
2.910000000000000000e+02	2.910000000000000000e+05	5.929974644698103958e+01
2.920000000000000000e+02	2.920000000000000000e+05	5.952444009231432176e+01
2.930000000000000000e+02	2.930000000000000000e+05	5.978136707520544491e+01
2.940000000000000000e+02	2.940000000000000000e+05	5.999048406235641551e+01
2.950000000000000000e+02	2.950000000000000000e+05	6.032140661525073000e+01
2.960000000000000000e+02	2.960000000000000000e+05	6.048273064145364941e+01
2.970000000000000000e+02	2.970000000000000000e+05	6.056402952816483065e+01
2.980000000000000000e+02	2.980000000000000000e+05	6.071669544429714449e+01
2.990000000000000000e+02	2.990000000000000000e+05	6.100231439105907327e+01
3.000000000000000000e+02	3.000000000000000000e+05	6.135959323089335982e+01
3.010000000000000000e+02	3.010000000000000000e+05	6.165604040976678846e+01
3.020000000000000000e+02	3.020000000000000000e+05	6.175527921685223731e+01
3.030000000000000000e+02	3.030000000000000000e+05	6.184132930266378025e+01
3.040000000000000000e+02	3.040000000000000000e+05	6.189599747851912070e+01
3.050000000000000000e+02	3.050000000000000000e+05	6.226510655257064286e+01
3.060000000000000000e+02	3.060000000000000000e+05	6.220679598198655924e+01
3.070000000000000000e+02	3.070000000000000000e+05	6.234307047920162859e+01
3.080000000000000000e+02	3.080000000000000000e+05	6.243652326477672432e+01
3.090000000000000000e+02	3.090000000000000000e+05	6.252680320264189362e+01
3.100000000000000000e+02	3.100000000000000000e+05	6.284962840164071451e+01
3.110000000000000000e+02	3.110000000000000000e+05	6.304502516053149463e+01
3.120000000000000000e+02	3.120000000000000000e+05	6.301184218260675607e+01
3.130000000000000000e+02	3.130000000000000000e+05	6.340883277898216619e+01
3.140000000000000000e+02	3.140000000000000000e+05	6.377795586897158842e+01
3.150000000000000000e+02	3.150000000000000000e+05	6.412760959775839353e+01
3.160000000000000000e+02	3.160000000000000000e+05	6.436008665739961998e+01
3.170000000000000000e+02	3.170000000000000000e+05	6.448636054342713919e+01
3.180000000000000000e+02	3.180000000000000000e+05	6.441717764396851464e+01
3.190000000000000000e+02	3.190000000000000000e+05	6.473597973296197949e+01
3.200000000000000000e+02	3.200000000000000000e+05	6.495248429146599278e+01
3.210000000000000000e+02	3.210000000000000000e+05	6.521371302244747881e+01
3.220000000000000000e+02	3.220000000000000000e+05	6.556813885696222144e+01
3.230000000000000000e+02	3.230000000000000000e+05	6.570261467526597698e+01
3.240000000000000000e+02	3.240000000000000000e+05	6.590529844194433906e+01
3.250000000000000000e+02	3.250000000000000000e+05	6.602770033951613016e+01
3.260000000000000000e+02	3.260000000000000000e+05	6.644094975636683387e+01
3.270000000000000000e+02	3.270000000000000000e+05	6.673297474612705571e+01
3.280000000000000000e+02	3.280000000000000000e+05	6.676368225354130459e+01
3.290000000000000000e+02	3.290000000000000000e+05	6.712642424602236702e+01
3.300000000000000000e+02	3.300000000000000000e+05	6.737280429346327537e+01
3.310000000000000000e+02	3.310000000000000000e+05	6.738075491708502796e+01
3.320000000000000000e+02	3.320000000000000000e+05	6.764696565879032164e+01
3.330000000000000000e+02	3.330000000000000000e+05	6.781454465939532383e+01
3.340000000000000000e+02	3.340000000000000000e+05	6.817239595397059304e+01
3.350000000000000000e+02	3.350000000000000000e+05	6.847294567685027289e+01
3.360000000000000000e+02	3.360000000000000000e+05	6.852562652894911821e+01
3.370000000000000000e+02	3.370000000000000000e+05	6.855867116923293736e+01
3.380000000000000000e+02	3.380000000000000000e+05	6.877113380444617974e+01
3.390000000000000000e+02	3.390000000000000000e+05	6.877798933774555223e+01
3.400000000000000000e+02	3.400000000000000000e+05	6.896094513154328354e+01
3.410000000000000000e+02	3.410000000000000000e+05	6.911213879463886656e+01
3.420000000000000000e+02	3.420000000000000000e+05	6.909728546482264733e+01
3.430000000000000000e+02	3.430000000000000000e+05	6.921819086477051997e+01
3.440000000000000000e+02	3.440000000000000000e+05	6.934455051673715786e+01
3.450000000000000000e+02	3.450000000000000000e+05	6.946258429065568407e+01
3.460000000000000000e+02	3.460000000000000000e+05	6.957720237359360738e+01
3.470000000000000000e+02	3.470000000000000000e+05	6.990672205096178971e+01
3.480000000000000000e+02	3.480000000000000000e+05	7.007953824203754323e+01
3.490000000000000000e+02	3.490000000000000000e+05	7.013537383877114451e+01
3.500000000000000000e+02	3.500000000000000000e+05	7.031171694531583682e+01
3.510000000000000000e+02	3.510000000000000000e+05	7.038763063556520194e+01
3.520000000000000000e+02	3.520000000000000000e+05	7.066043668323716531e+01
3.530000000000000000e+02	3.530000000000000000e+05	7.063376205958998355e+01
3.540000000000000000e+02	3.540000000000000000e+05	7.082843900295127071e+01
3.550000000000000000e+02	3.550000000000000000e+05	7.104712582899809092e+01
3.560000000000000000e+02	3.560000000000000000e+05	7.109978146698095713e+01
3.570000000000000000e+02	3.570000000000000000e+05	7.126861104565664107e+01
3.580000000000000000e+02	3.580000000000000000e+05	7.127156610187307706e+01
3.590000000000000000e+02	3.590000000000000000e+05	7.161898493253518438e+01
3.600000000000000000e+02	3.600000000000000000e+05	7.174942306194459718e+01
3.610000000000000000e+02	3.610000000000000000e+05	7.202998877949139001e+01
3.620000000000000000e+02	3.620000000000000000e+05	7.222301872844757042e+01
3.630000000000000000e+02	3.630000000000000000e+05	7.248634171750133248e+01
3.640000000000000000e+02	3.640000000000000000e+05	7.256730882548622219e+01
3.650000000000000000e+02	3.650000000000000000e+05	7.262962647408704697e+01
3.660000000000000000e+02	3.660000000000000000e+05	7.265603921980004998e+01
3.670000000000000000e+02	3.670000000000000000e+05	7.269127684391203559e+01
3.680000000000000000e+02	3.680000000000000000e+05	7.268871032093466056e+01
3.690000000000000000e+02	3.690000000000000000e+05	7.261095149452647490e+01
3.700000000000000000e+02	3.700000000000000000e+05	7.262439397284600773e+01
3.710000000000000000e+02	3.710000000000000000e+05	7.276778167110151685e+01
3.720000000000000000e+02	3.720000000000000000e+05	7.305774820187258456e+01
3.730000000000000000e+02	3.730000000000000000e+05	7.305461613480962058e+01
3.740000000000000000e+02	3.740000000000000000e+05	7.348887514734575177e+01
3.750000000000000000e+02	3.750000000000000000e+05	7.353499271199527243e+01
3.760000000000000000e+02	3.760000000000000000e+05	7.340526602179627957e+01
3.770000000000000000e+02	3.770000000000000000e+05	7.380584917098838105e+01
3.780000000000000000e+02	3.780000000000000000e+05	7.402963989221008489e+01
3.790000000000000000e+02	3.790000000000000000e+05	7.427654728591787148e+01
3.800000000000000000e+02	3.800000000000000000e+05	7.432845066509742082e+01
3.810000000000000000e+02	3.810000000000000000e+05	7.441837753397838640e+01
3.820000000000000000e+02	3.820000000000000000e+05	7.458613016154892250e+01
3.830000000000000000e+02	3.830000000000000000e+05	7.489570814563374768e+01
3.840000000000000000e+02	3.840000000000000000e+05	7.502161973337599932e+01
3.850000000000000000e+02	3.850000000000000000e+05	7.510089080951556184e+01
3.860000000000000000e+02	3.860000000000000000e+05	7.519497948090831585e+01
3.870000000000000000e+02	3.870000000000000000e+05	7.547008422937447847e+01
3.880000000000000000e+02	3.880000000000000000e+05	7.563023143517288815e+01
3.890000000000000000e+02	3.890000000000000000e+05	7.597210918372985589e+01
3.900000000000000000e+02	3.900000000000000000e+05	7.602305476070931434e+01
3.910000000000000000e+02	3.910000000000000000e+05	7.626599740970000596e+01
3.920000000000000000e+02	3.920000000000000000e+05	7.641508266336717270e+01
3.930000000000000000e+02	3.930000000000000000e+05	7.659773528462980607e+01
3.940000000000000000e+02	3.940000000000000000e+05	7.659249281706071599e+01
3.950000000000000000e+02	3.950000000000000000e+05	7.661244807328107242e+01
3.960000000000000000e+02	3.960000000000000000e+05	7.673602304244725758e+01
3.970000000000000000e+02	3.970000000000000000e+05	7.679955090346562940e+01
3.980000000000000000e+02	3.980000000000000000e+05	7.672696346152024205e+01
3.990000000000000000e+02	3.990000000000000000e+05	7.680705100679027453e+01
4.000000000000000000e+02	4.000000000000000000e+05	7.704849567637479879e+01
4.010000000000000000e+02	4.010000000000000000e+05	7.705717612591215016e+01
4.020000000000000000e+02	4.020000000000000000e+05	7.727937871205085685e+01
4.030000000000000000e+02	4.030000000000000000e+05	7.725478185563244438e+01
4.040000000000000000e+02	4.040000000000000000e+05	7.714478833110806022e+01
4.050000000000000000e+02	4.050000000000000000e+05	7.714451363091637859e+01
4.060000000000000000e+02	4.060000000000000000e+05	7.717542852911843454e+01
4.070000000000000000e+02	4.070000000000000000e+05	7.719177505954068863e+01
4.080000000000000000e+02	4.080000000000000000e+05	7.731523273026157028e+01
4.090000000000000000e+02	4.090000000000000000e+05	7.749359523701357944e+01
4.100000000000000000e+02	4.100000000000000000e+05	7.754616424999649382e+01
4.110000000000000000e+02	4.110000000000000000e+05	7.779162216473154956e+01
4.120000000000000000e+02	4.120000000000000000e+05	7.784964088831064544e+01
4.130000000000000000e+02	4.130000000000000000e+05	7.810365698855397909e+01
4.140000000000000000e+02	4.140000000000000000e+05	7.811589607353231202e+01
4.150000000000000000e+02	4.150000000000000000e+05	7.841391625131737442e+01
4.160000000000000000e+02	4.160000000000000000e+05	7.865182448883386712e+01
4.170000000000000000e+02	4.170000000000000000e+05	7.866506037079849989e+01
4.180000000000000000e+02	4.180000000000000000e+05	7.886946495947894675e+01
4.190000000000000000e+02	4.190000000000000000e+05	7.887135353588764985e+01
4.200000000000000000e+02	4.200000000000000000e+05	7.908760620989886547e+01
4.210000000000000000e+02	4.210000000000000000e+05	7.932804174193597646e+01
4.220000000000000000e+02	4.220000000000000000e+05	7.941890873643527016e+01
4.230000000000000000e+02	4.230000000000000000e+05	7.960661523111315319e+01
4.240000000000000000e+02	4.240000000000000000e+05	7.980609058041082449e+01
4.250000000000000000e+02	4.250000000000000000e+05	7.979559075807759427e+01
4.260000000000000000e+02	4.260000000000000000e+05	7.984971434228138776e+01
4.270000000000000000e+02	4.270000000000000000e+05	7.989224037249475430e+01
4.280000000000000000e+02	4.280000000000000000e+05	8.001160926703362009e+01
4.290000000000000000e+02	4.290000000000000000e+05	8.029640864644078135e+01
4.300000000000000000e+02	4.300000000000000000e+05	8.023119325384149647e+01
4.310000000000000000e+02	4.310000000000000000e+05	8.049313053205854374e+01
4.320000000000000000e+02	4.320000000000000000e+05	8.053514000272836881e+01
4.330000000000000000e+02	4.330000000000000000e+05	8.061711627650925038e+01
4.340000000000000000e+02	4.340000000000000000e+05	8.072273883827280372e+01
4.350000000000000000e+02	4.350000000000000000e+05	8.092209845585745143e+01
4.360000000000000000e+02	4.360000000000000000e+05	8.091903547318362655e+01
4.370000000000000000e+02	4.370000000000000000e+05	8.094558342746319113e+01
4.380000000000000000e+02	4.380000000000000000e+05	8.113791546573598623e+01
4.390000000000000000e+02	4.390000000000000000e+05	8.099723417783272339e+01
4.400000000000000000e+02	4.400000000000000000e+05	8.101428875593717294e+01
4.410000000000000000e+02	4.410000000000000000e+05	8.115407806218166797e+01
4.420000000000000000e+02	4.420000000000000000e+05	8.125595882206634712e+01
4.430000000000000000e+02	4.430000000000000000e+05	8.149138894201684025e+01
4.440000000000000000e+02	4.440000000000000000e+05	8.177286597481111130e+01
4.450000000000000000e+02	4.450000000000000000e+05	8.173362095579811637e+01
4.460000000000000000e+02	4.460000000000000000e+05	8.211157477724951548e+01
4.470000000000000000e+02	4.470000000000000000e+05	8.235486510075536160e+01
4.480000000000000000e+02	4.480000000000000000e+05	8.256527122319383238e+01
4.490000000000000000e+02	4.490000000000000000e+05	8.277698079924209651e+01
4.500000000000000000e+02	4.500000000000000000e+05	8.285317433767933437e+01
4.510000000000000000e+02	4.510000000000000000e+05	8.311657808690905824e+01
4.520000000000000000e+02	4.520000000000000000e+05	8.321015959227491976e+01
4.530000000000000000e+02	4.530000000000000000e+05	8.338080928262323255e+01
4.540000000000000000e+02	4.540000000000000000e+05	8.342809806120214944e+01
4.550000000000000000e+02	4.550000000000000000e+05	8.357585800825935962e+01
4.560000000000000000e+02	4.560000000000000000e+05	8.367308618234632434e+01
4.570000000000000000e+02	4.570000000000000000e+05	8.359770059341052217e+01
4.580000000000000000e+02	4.580000000000000000e+05	8.378576341175069331e+01
4.590000000000000000e+02	4.590000000000000000e+05	8.389410622314724719e+01
4.600000000000000000e+02	4.600000000000000000e+05	8.414837669416289145e+01
4.610000000000000000e+02	4.610000000000000000e+05	8.444092537181128932e+01
4.620000000000000000e+02	4.620000000000000000e+05	8.475456757901673654e+01
4.630000000000000000e+02	4.630000000000000000e+05	8.481625939628780486e+01
4.640000000000000000e+02	4.640000000000000000e+05	8.506717025586345926e+01
4.650000000000000000e+02	4.650000000000000000e+05	8.527689656372885452e+01
4.660000000000000000e+02	4.660000000000000000e+05	8.551060390730363281e+01
4.670000000000000000e+02	4.670000000000000000e+05	8.557050944144181415e+01
4.680000000000000000e+02	4.680000000000000000e+05	8.557638136704153453e+01
4.690000000000000000e+02	4.690000000000000000e+05	8.572619527552744501e+01
4.700000000000000000e+02	4.700000000000000000e+05	8.601651910971678205e+01
4.710000000000000000e+02	4.710000000000000000e+05	8.602412058554328667e+01
4.720000000000000000e+02	4.720000000000000000e+05	8.634217243239271511e+01
4.730000000000000000e+02	4.730000000000000000e+05	8.649392553801548900e+01
4.740000000000000000e+02	4.740000000000000000e+05	8.656733839538173925e+01
4.750000000000000000e+02	4.750000000000000000e+05	8.673831755488113515e+01
4.760000000000000000e+02	4.760000000000000000e+05	8.695274909469958402e+01
4.770000000000000000e+02	4.770000000000000000e+05	8.693854041695435342e+01
4.780000000000000000e+02	4.780000000000000000e+05	8.699835454967049486e+01
4.790000000000000000e+02	4.790000000000000000e+05	8.714380208288439178e+01
4.800000000000000000e+02	4.800000000000000000e+05	8.725198824729609726e+01
4.810000000000000000e+02	4.810000000000000000e+05	8.735312654839032120e+01
4.820000000000000000e+02	4.820000000000000000e+05	8.748356872397063455e+01
4.830000000000000000e+02	4.830000000000000000e+05	8.748470127887289038e+01
4.840000000000000000e+02	4.840000000000000000e+05	8.739917881495523488e+01
4.850000000000000000e+02	4.850000000000000000e+05	8.737955771153933426e+01
4.860000000000000000e+02	4.860000000000000000e+05	8.740935170174641655e+01
4.870000000000000000e+02	4.870000000000000000e+05	8.756178264219674645e+01
4.880000000000000000e+02	4.880000000000000000e+05	8.757788457607308885e+01
4.890000000000000000e+02	4.890000000000000000e+05	8.759834981566993406e+01
4.900000000000000000e+02	4.900000000000000000e+05	8.766899875877663817e+01
4.910000000000000000e+02	4.910000000000000000e+05	8.804705422619056776e+01
4.920000000000000000e+02	4.920000000000000000e+05	8.800852498754001374e+01
4.930000000000000000e+02	4.930000000000000000e+05	8.827988223112814126e+01
4.940000000000000000e+02	4.940000000000000000e+05	8.854639983156863536e+01
4.950000000000000000e+02	4.950000000000000000e+05	8.858656938579481732e+01
4.960000000000000000e+02	4.960000000000000000e+05	8.876352426649773975e+01
4.970000000000000000e+02	4.970000000000000000e+05	8.882239164305744339e+01
4.980000000000000000e+02	4.980000000000000000e+05	8.899264215260762967e+01
4.990000000000000000e+02	4.990000000000000000e+05	8.893795608314663070e+01
5.000000000000000000e+02	5.000000000000000000e+05	8.922130835261870629e+01
5.010000000000000000e+02	5.010000000000000000e+05	8.903881208060622043e+01
5.020000000000000000e+02	5.020000000000000000e+05	8.910435503231779819e+01
5.030000000000000000e+02	5.030000000000000000e+05	8.920005755983025608e+01
5.040000000000000000e+02	5.040000000000000000e+05	8.933635474232393392e+01
5.050000000000000000e+02	5.050000000000000000e+05	8.963752334348608031e+01
5.060000000000000000e+02	5.060000000000000000e+05	8.987151395800505327e+01
5.070000000000000000e+02	5.070000000000000000e+05	8.979836788433561878e+01
5.080000000000000000e+02	5.080000000000000000e+05	8.985034897930728448e+01
5.090000000000000000e+02	5.090000000000000000e+05	9.006333357621008417e+01
5.100000000000000000e+02	5.100000000000000000e+05	9.030580683479014681e+01
5.110000000000000000e+02	5.110000000000000000e+05	9.036900710779070778e+01
5.120000000000000000e+02	5.120000000000000000e+05	9.063250156085126719e+01
5.130000000000000000e+02	5.130000000000000000e+05	9.084773582288480043e+01
5.140000000000000000e+02	5.140000000000000000e+05	9.086405841932881344e+01
5.150000000000000000e+02	5.150000000000000000e+05	9.102091957677993150e+01
5.160000000000000000e+02	5.160000000000000000e+05	9.103769406642760487e+01
5.170000000000000000e+02	5.170000000000000000e+05	9.123188916843312768e+01
5.180000000000000000e+02	5.180000000000000000e+05	9.110899267022082881e+01
5.190000000000000000e+02	5.190000000000000000e+05	9.114687665149243401e+01
5.200000000000000000e+02	5.200000000000000000e+05	9.127450130509367909e+01
5.210000000000000000e+02	5.210000000000000000e+05	9.141890917772128944e+01
5.220000000000000000e+02	5.220000000000000000e+05	9.156110526873477795e+01
5.230000000000000000e+02	5.230000000000000000e+05	9.157287839280614605e+01
5.240000000000000000e+02	5.240000000000000000e+05	9.172714875099110543e+01
5.250000000000000000e+02	5.250000000000000000e+05	9.184633933658525962e+01
5.260000000000000000e+02	5.260000000000000000e+05	9.187555162779379714e+01
5.270000000000000000e+02	5.270000000000000000e+05	9.193625834691499676e+01
5.280000000000000000e+02	5.280000000000000000e+05	9.194425702227238162e+01
5.290000000000000000e+02	5.290000000000000000e+05	9.192476205857425953e+01
5.300000000000000000e+02	5.300000000000000000e+05	9.182148345683582136e+01
5.310000000000000000e+02	5.310000000000000000e+05	9.196588838104324282e+01
5.320000000000000000e+02	5.320000000000000000e+05	9.201513799056228038e+01
5.330000000000000000e+02	5.330000000000000000e+05	9.248697923409530119e+01
5.340000000000000000e+02	5.340000000000000000e+05	9.267047644123053374e+01
5.350000000000000000e+02	5.350000000000000000e+05	9.269096328249688099e+01
5.360000000000000000e+02	5.360000000000000000e+05	9.297965605087453866e+01
5.370000000000000000e+02	5.370000000000000000e+05	9.289502718997405850e+01
5.380000000000000000e+02	5.380000000000000000e+05	9.308739142462283667e+01
5.390000000000000000e+02	5.390000000000000000e+05	9.313716830496663590e+01
5.400000000000000000e+02	5.400000000000000000e+05	9.312642507459190711e+01
5.410000000000000000e+02	5.410000000000000000e+05	9.314451833145767523e+01
5.420000000000000000e+02	5.420000000000000000e+05	9.314100872328970127e+01
5.430000000000000000e+02	5.430000000000000000e+05	9.325003969923301383e+01
5.440000000000000000e+02	5.440000000000000000e+05	9.318559829322698818e+01
5.450000000000000000e+02	5.450000000000000000e+05	9.334658834814887030e+01
5.460000000000000000e+02	5.460000000000000000e+05	9.326900395484852879e+01
5.470000000000000000e+02	5.470000000000000000e+05	9.322704888620650365e+01
5.480000000000000000e+02	5.480000000000000000e+05	9.324116465336894066e+01
5.490000000000000000e+02	5.490000000000000000e+05	9.332272548770805543e+01
5.500000000000000000e+02	5.500000000000000000e+05	9.313916358435889720e+01
5.510000000000000000e+02	5.510000000000000000e+05	9.306385911010448808e+01
5.520000000000000000e+02	5.520000000000000000e+05	9.337335278439944375e+01
5.530000000000000000e+02	5.530000000000000000e+05	9.345402290365753117e+01
5.540000000000000000e+02	5.540000000000000000e+05	9.369601899876856521e+01
5.550000000000000000e+02	5.550000000000000000e+05	9.381981234998498564e+01
5.560000000000000000e+02	5.560000000000000000e+05	9.369383519792802417e+01
5.570000000000000000e+02	5.570000000000000000e+05	9.395076729545549199e+01
5.580000000000000000e+02	5.580000000000000000e+05	9.423037611254052592e+01
5.590000000000000000e+02	5.590000000000000000e+05	9.421829819673887130e+01
5.600000000000000000e+02	5.600000000000000000e+05	9.443995021454875882e+01
5.610000000000000000e+02	5.610000000000000000e+05	9.449883724358744530e+01
5.620000000000000000e+02	5.620000000000000000e+05	9.451304976006248637e+01
5.630000000000000000e+02	5.630000000000000000e+05	9.450413096438759908e+01
5.640000000000000000e+02	5.640000000000000000e+05	9.472283997604830574e+01
5.650000000000000000e+02	5.650000000000000000e+05	9.489253427174760702e+01
5.660000000000000000e+02	5.660000000000000000e+05	9.499608722210604128e+01
5.670000000000000000e+02	5.670000000000000000e+05	9.515929992394374892e+01
5.680000000000000000e+02	5.680000000000000000e+05	9.539020927599437982e+01
5.690000000000000000e+02	5.690000000000000000e+05	9.530159315535142639e+01
5.700000000000000000e+02	5.700000000000000000e+05	9.527877483309428897e+01
5.710000000000000000e+02	5.710000000000000000e+05	9.527115790102602944e+01
5.720000000000000000e+02	5.720000000000000000e+05	9.539562303340323979e+01
5.730000000000000000e+02	5.730000000000000000e+05	9.521849184128424781e+01
5.740000000000000000e+02	5.740000000000000000e+05	9.523766826303682365e+01
5.750000000000000000e+02	5.750000000000000000e+05	9.539061464017706271e+01
5.760000000000000000e+02	5.760000000000000000e+05	9.522165525184408352e+01
5.770000000000000000e+02	5.770000000000000000e+05	9.526380868743726182e+01
5.780000000000000000e+02	5.780000000000000000e+05	9.540536311711711903e+01
5.790000000000000000e+02	5.790000000000000000e+05	9.555757840926925439e+01
5.800000000000000000e+02	5.800000000000000000e+05	9.578132763343795375e+01
5.810000000000000000e+02	5.810000000000000000e+05	9.610571724147824568e+01
5.820000000000000000e+02	5.820000000000000000e+05	9.616784670714277183e+01
5.830000000000000000e+02	5.830000000000000000e+05	9.617801833949047818e+01
5.840000000000000000e+02	5.840000000000000000e+05	9.628414183208208499e+01
5.850000000000000000e+02	5.850000000000000000e+05	9.665321471826931088e+01
5.860000000000000000e+02	5.860000000000000000e+05	9.688983273789339989e+01
5.870000000000000000e+02	5.870000000000000000e+05	9.711089531812942255e+01
5.880000000000000000e+02	5.880000000000000000e+05	9.728381643541099777e+01
5.890000000000000000e+02	5.890000000000000000e+05	9.746147959443983666e+01
5.900000000000000000e+02	5.900000000000000000e+05	9.768876521098233923e+01
5.910000000000000000e+02	5.910000000000000000e+05	9.778397988638306515e+01
5.920000000000000000e+02	5.920000000000000000e+05	9.777201823009086468e+01
5.930000000000000000e+02	5.930000000000000000e+05	9.769922598657508672e+01
5.940000000000000000e+02	5.940000000000000000e+05	9.782145969395624263e+01
5.950000000000000000e+02	5.950000000000000000e+05	9.802324574837940929e+01
5.960000000000000000e+02	5.960000000000000000e+05	9.827406636228866432e+01
5.970000000000000000e+02	5.970000000000000000e+05	9.830134023338339944e+01
5.980000000000000000e+02	5.980000000000000000e+05	9.841934484979638853e+01
5.990000000000000000e+02	5.990000000000000000e+05	9.866315833846249461e+01
6.000000000000000000e+02	6.000000000000000000e+05	9.883812737651602731e+01
6.010000000000000000e+02	6.010000000000000000e+05	9.898753425030712094e+01
6.020000000000000000e+02	6.020000000000000000e+05	9.903552557553791758e+01
6.030000000000000000e+02	6.030000000000000000e+05	9.916288161934792811e+01
6.040000000000000000e+02	6.040000000000000000e+05	9.919696471717756481e+01
6.050000000000000000e+02	6.050000000000000000e+05	9.960345189574921676e+01
6.060000000000000000e+02	6.060000000000000000e+05	1.000109469043663921e+02
6.070000000000000000e+02	6.070000000000000000e+05	1.000631356288758553e+02
6.080000000000000000e+02	6.080000000000000000e+05	1.000493481148347570e+02
6.090000000000000000e+02	6.090000000000000000e+05	1.001724218915373967e+02
6.100000000000000000e+02	6.100000000000000000e+05	1.001713669916477301e+02
6.110000000000000000e+02	6.110000000000000000e+05	1.003832653263113457e+02
6.120000000000000000e+02	6.120000000000000000e+05	1.005461899400455366e+02
6.130000000000000000e+02	6.130000000000000000e+05	1.005843232486376877e+02
6.140000000000000000e+02	6.140000000000000000e+05	1.007961130131666607e+02
6.150000000000000000e+02	6.150000000000000000e+05	1.008403246257053638e+02
6.160000000000000000e+02	6.160000000000000000e+05	1.008133031263832606e+02
6.170000000000000000e+02	6.170000000000000000e+05	1.011605086646991083e+02
6.180000000000000000e+02	6.180000000000000000e+05	1.011236938295756715e+02
6.190000000000000000e+02	6.190000000000000000e+05	1.013103451953382148e+02
6.200000000000000000e+02	6.200000000000000000e+05	1.014442455947386890e+02
6.210000000000000000e+02	6.210000000000000000e+05	1.016253716680875812e+02
6.220000000000000000e+02	6.220000000000000000e+05	1.017578246884592374e+02
6.230000000000000000e+02	6.230000000000000000e+05	1.017445664153118088e+02
6.240000000000000000e+02	6.240000000000000000e+05	1.019996918492866627e+02
6.250000000000000000e+02	6.250000000000000000e+05	1.021966710430330352e+02
6.260000000000000000e+02	6.260000000000000000e+05	1.022456168784078585e+02
6.270000000000000000e+02	6.270000000000000000e+05	1.022766259238110251e+02
6.280000000000000000e+02	6.280000000000000000e+05	1.023016210266606549e+02
6.290000000000000000e+02	6.290000000000000000e+05	1.023717388136933550e+02
6.300000000000000000e+02	6.300000000000000000e+05	1.024338580743049505e+02
6.310000000000000000e+02	6.310000000000000000e+05	1.026365150206391235e+02
6.320000000000000000e+02	6.320000000000000000e+05	1.027983366131281429e+02
6.330000000000000000e+02	6.330000000000000000e+05	1.027310054125034071e+02
6.340000000000000000e+02	6.340000000000000000e+05	1.029680746397799709e+02
6.350000000000000000e+02	6.350000000000000000e+05	1.031664819454117463e+02
6.360000000000000000e+02	6.360000000000000000e+05	1.034347747353126437e+02
6.370000000000000000e+02	6.370000000000000000e+05	1.036016197898862714e+02
6.380000000000000000e+02	6.380000000000000000e+05	1.037116598040822879e+02
6.390000000000000000e+02	6.390000000000000000e+05	1.038703917185696639e+02
6.400000000000000000e+02	6.400000000000000000e+05	1.038289342188084845e+02
6.410000000000000000e+02	6.410000000000000000e+05	1.038411987371809460e+02
6.420000000000000000e+02	6.420000000000000000e+05	1.040444108091373465e+02
6.430000000000000000e+02	6.430000000000000000e+05	1.042510013246961194e+02
6.440000000000000000e+02	6.440000000000000000e+05	1.041807645825037980e+02
6.450000000000000000e+02	6.450000000000000000e+05	1.043201638235909030e+02
6.460000000000000000e+02	6.460000000000000000e+05	1.042637968625269167e+02
6.470000000000000000e+02	6.470000000000000000e+05	1.044904114451513095e+02
6.480000000000000000e+02	6.480000000000000000e+05	1.045792727254598162e+02
6.490000000000000000e+02	6.490000000000000000e+05	1.048376199935068058e+02
6.500000000000000000e+02	6.500000000000000000e+05	1.051114560684542738e+02
6.510000000000000000e+02	6.510000000000000000e+05	1.052477831993424928e+02
6.520000000000000000e+02	6.520000000000000000e+05	1.053385554174386414e+02
6.530000000000000000e+02	6.530000000000000000e+05	1.052873166615877381e+02
6.540000000000000000e+02	6.540000000000000000e+05	1.052293449195763912e+02
6.550000000000000000e+02	6.550000000000000000e+05	1.054492165358704909e+02
6.560000000000000000e+02	6.560000000000000000e+05	1.055356547800935374e+02
6.570000000000000000e+02	6.570000000000000000e+05	1.057477035607612947e+02
6.580000000000000000e+02	6.580000000000000000e+05	1.058936562778556834e+02
6.590000000000000000e+02	6.590000000000000000e+05	1.060908951492901338e+02
6.600000000000000000e+02	6.600000000000000000e+05	1.064355154230772627e+02
6.610000000000000000e+02	6.610000000000000000e+05	1.064967917202148442e+02
6.620000000000000000e+02	6.620000000000000000e+05	1.064241342764113938e+02
6.630000000000000000e+02	6.630000000000000000e+05	1.066790093766596073e+02
6.640000000000000000e+02	6.640000000000000000e+05	1.066859958189200199e+02
6.650000000000000000e+02	6.650000000000000000e+05	1.069049681872519102e+02
6.660000000000000000e+02	6.660000000000000000e+05	1.072085681053651172e+02
6.670000000000000000e+02	6.670000000000000000e+05	1.074881427404102254e+02
6.680000000000000000e+02	6.680000000000000000e+05	1.077105316826281864e+02
6.690000000000000000e+02	6.690000000000000000e+05	1.077926395593512723e+02
6.700000000000000000e+02	6.700000000000000000e+05	1.078303735170006377e+02
6.710000000000000000e+02	6.710000000000000000e+05	1.079318667191228087e+02
6.720000000000000000e+02	6.720000000000000000e+05	1.080439561910989994e+02
6.730000000000000000e+02	6.730000000000000000e+05	1.081495501308600780e+02
6.740000000000000000e+02	6.740000000000000000e+05	1.082577337497767189e+02
6.750000000000000000e+02	6.750000000000000000e+05	1.084573934042204399e+02
6.760000000000000000e+02	6.760000000000000000e+05	1.084371576540553690e+02
6.770000000000000000e+02	6.770000000000000000e+05	1.086737704051099485e+02
6.780000000000000000e+02	6.780000000000000000e+05	1.088636728060932057e+02
6.790000000000000000e+02	6.790000000000000000e+05	1.089728202253189835e+02
6.800000000000000000e+02	6.800000000000000000e+05	1.091319149399738251e+02
6.810000000000000000e+02	6.810000000000000000e+05	1.094583703552760170e+02
6.820000000000000000e+02	6.820000000000000000e+05	1.097306530066891526e+02
6.830000000000000000e+02	6.830000000000000000e+05	1.099089911427499544e+02
6.840000000000000000e+02	6.840000000000000000e+05	1.101847309027559021e+02
6.850000000000000000e+02	6.850000000000000000e+05	1.104169692748043872e+02
6.860000000000000000e+02	6.860000000000000000e+05	1.103891709549402975e+02
6.870000000000000000e+02	6.870000000000000000e+05	1.104142766816443242e+02
6.880000000000000000e+02	6.880000000000000000e+05	1.105729717769761038e+02
6.890000000000000000e+02	6.890000000000000000e+05	1.106982268475443618e+02
6.900000000000000000e+02	6.900000000000000000e+05	1.108679002459160898e+02
6.910000000000000000e+02	6.910000000000000000e+05	1.108357924200600593e+02
6.920000000000000000e+02	6.920000000000000000e+05	1.111229191972709174e+02
6.930000000000000000e+02	6.930000000000000000e+05	1.112813485497680830e+02
6.940000000000000000e+02	6.940000000000000000e+05	1.113343715682917860e+02
6.950000000000000000e+02	6.950000000000000000e+05	1.115115021711287540e+02
6.960000000000000000e+02	6.960000000000000000e+05	1.115466146138758603e+02
6.970000000000000000e+02	6.970000000000000000e+05	1.115996644373209676e+02
6.980000000000000000e+02	6.980000000000000000e+05	1.118139728976694158e+02
6.990000000000000000e+02	6.990000000000000000e+05	1.120908143193207849e+02
7.000000000000000000e+02	7.000000000000000000e+05	1.123345747469578555e+02
7.010000000000000000e+02	7.010000000000000000e+05	1.123845604459161791e+02
7.020000000000000000e+02	7.020000000000000000e+05	1.124792724137221995e+02
7.030000000000000000e+02	7.030000000000000000e+05	1.123270837780718523e+02
7.040000000000000000e+02	7.040000000000000000e+05	1.122839441725854215e+02
7.050000000000000000e+02	7.050000000000000000e+05	1.127023160384730147e+02
7.060000000000000000e+02	7.060000000000000000e+05	1.128210198227069583e+02
7.070000000000000000e+02	7.070000000000000000e+05	1.132273798164803367e+02
7.080000000000000000e+02	7.080000000000000000e+05	1.132826012068632906e+02
7.090000000000000000e+02	7.090000000000000000e+05	1.136449957690981876e+02
7.100000000000000000e+02	7.100000000000000000e+05	1.139068758089653386e+02
7.110000000000000000e+02	7.110000000000000000e+05	1.139569601173597846e+02
7.120000000000000000e+02	7.120000000000000000e+05	1.140506650210723194e+02
7.130000000000000000e+02	7.130000000000000000e+05	1.143568256088631472e+02
7.140000000000000000e+02	7.140000000000000000e+05	1.146296879922107195e+02
7.150000000000000000e+02	7.150000000000000000e+05	1.146775448929534065e+02
7.160000000000000000e+02	7.160000000000000000e+05	1.148582688362757551e+02
7.170000000000000000e+02	7.170000000000000000e+05	1.149023169957279293e+02
7.180000000000000000e+02	7.180000000000000000e+05	1.148987063789806768e+02
7.190000000000000000e+02	7.190000000000000000e+05	1.151057437646812360e+02
7.200000000000000000e+02	7.200000000000000000e+05	1.152639488679268567e+02
7.210000000000000000e+02	7.210000000000000000e+05	1.154075155127009822e+02
7.220000000000000000e+02	7.220000000000000000e+05	1.155709708328275411e+02
7.230000000000000000e+02	7.230000000000000000e+05	1.157147604568511809e+02
7.240000000000000000e+02	7.240000000000000000e+05	1.158290585198756304e+02
7.250000000000000000e+02	7.250000000000000000e+05	1.160170383797594411e+02
7.260000000000000000e+02	7.260000000000000000e+05	1.160067579429152289e+02
7.270000000000000000e+02	7.270000000000000000e+05	1.159434081428878329e+02
7.280000000000000000e+02	7.280000000000000000e+05	1.160426921075116837e+02
7.290000000000000000e+02	7.290000000000000000e+05	1.163903426726845822e+02
7.300000000000000000e+02	7.300000000000000000e+05	1.164506187093810610e+02
7.310000000000000000e+02	7.310000000000000000e+05	1.165026617416736485e+02
7.320000000000000000e+02	7.320000000000000000e+05	1.165583510104111298e+02
7.330000000000000000e+02	7.330000000000000000e+05	1.164938513198498811e+02
7.340000000000000000e+02	7.340000000000000000e+05	1.165743228663914550e+02
7.350000000000000000e+02	7.350000000000000000e+05	1.167116348975089863e+02
7.360000000000000000e+02	7.360000000000000000e+05	1.167063894289513115e+02
7.370000000000000000e+02	7.370000000000000000e+05	1.166750355233267840e+02
7.380000000000000000e+02	7.380000000000000000e+05	1.168627259365514846e+02
7.390000000000000000e+02	7.390000000000000000e+05	1.168182439097339085e+02
7.400000000000000000e+02	7.400000000000000000e+05	1.168830306441501392e+02
7.410000000000000000e+02	7.410000000000000000e+05	1.169837831782924411e+02
7.420000000000000000e+02	7.420000000000000000e+05	1.173069708604594581e+02
7.430000000000000000e+02	7.430000000000000000e+05	1.173904124081722671e+02
7.440000000000000000e+02	7.440000000000000000e+05	1.177193193440178192e+02
7.450000000000000000e+02	7.450000000000000000e+05	1.177585940679472003e+02
7.460000000000000000e+02	7.460000000000000000e+05	1.180771660481987766e+02
7.470000000000000000e+02	7.470000000000000000e+05	1.183061827418699892e+02
7.480000000000000000e+02	7.480000000000000000e+05	1.184091332394869198e+02
7.490000000000000000e+02	7.490000000000000000e+05	1.183558191635340364e+02
7.500000000000000000e+02	7.500000000000000000e+05	1.183296211793419701e+02
7.510000000000000000e+02	7.510000000000000000e+05	1.182353822851485035e+02
7.520000000000000000e+02	7.520000000000000000e+05	1.180724563547438350e+02
7.530000000000000000e+02	7.530000000000000000e+05	1.182281882171453447e+02
7.540000000000000000e+02	7.540000000000000000e+05	1.183430103041332586e+02
7.550000000000000000e+02	7.550000000000000000e+05	1.185317433986001987e+02
7.560000000000000000e+02	7.560000000000000000e+05	1.185593249227470949e+02
7.570000000000000000e+02	7.570000000000000000e+05	1.186520355559635220e+02
7.580000000000000000e+02	7.580000000000000000e+05	1.186094104074724811e+02
7.590000000000000000e+02	7.590000000000000000e+05	1.185277996434507770e+02
7.600000000000000000e+02	7.600000000000000000e+05	1.185624131552591791e+02
7.610000000000000000e+02	7.610000000000000000e+05	1.187079446985046474e+02
7.620000000000000000e+02	7.620000000000000000e+05	1.189413211986216226e+02
7.630000000000000000e+02	7.630000000000000000e+05	1.190149815521589858e+02
7.640000000000000000e+02	7.640000000000000000e+05	1.189685022411373154e+02
7.650000000000000000e+02	7.650000000000000000e+05	1.190123219287118701e+02
7.660000000000000000e+02	7.660000000000000000e+05	1.189658161373740910e+02
7.670000000000000000e+02	7.670000000000000000e+05	1.191016033559630358e+02
7.680000000000000000e+02	7.680000000000000000e+05	1.191577684174845189e+02
7.690000000000000000e+02	7.690000000000000000e+05	1.192710795795566696e+02
7.700000000000000000e+02	7.700000000000000000e+05	1.194387399864741894e+02
7.710000000000000000e+02	7.710000000000000000e+05	1.196109727449553048e+02
7.720000000000000000e+02	7.720000000000000000e+05	1.195688887923120092e+02
7.730000000000000000e+02	7.730000000000000000e+05	1.195834065621815228e+02
7.740000000000000000e+02	7.740000000000000000e+05	1.196141126372855155e+02
7.750000000000000000e+02	7.750000000000000000e+05	1.198278411150121627e+02
7.760000000000000000e+02	7.760000000000000000e+05	1.199890296387299600e+02
7.770000000000000000e+02	7.770000000000000000e+05	1.199966165047792828e+02
7.780000000000000000e+02	7.780000000000000000e+05	1.201636977935328474e+02
7.790000000000000000e+02	7.790000000000000000e+05	1.203741606741834573e+02
7.800000000000000000e+02	7.800000000000000000e+05	1.205735200418027517e+02
7.810000000000000000e+02	7.810000000000000000e+05	1.206789123801654711e+02
7.820000000000000000e+02	7.820000000000000000e+05	1.208063851712847026e+02
7.830000000000000000e+02	7.830000000000000000e+05	1.213636811306240446e+02
7.840000000000000000e+02	7.840000000000000000e+05	1.215430876197336545e+02
7.850000000000000000e+02	7.850000000000000000e+05	1.216565430783541899e+02
7.860000000000000000e+02	7.860000000000000000e+05	1.218873120890965538e+02
7.870000000000000000e+02	7.870000000000000000e+05	1.221020367628442216e+02
7.880000000000000000e+02	7.880000000000000000e+05	1.220793915255680986e+02
7.890000000000000000e+02	7.890000000000000000e+05	1.222496978744658520e+02
7.900000000000000000e+02	7.900000000000000000e+05	1.223961009644368545e+02
7.910000000000000000e+02	7.910000000000000000e+05	1.225690451069020384e+02
7.920000000000000000e+02	7.920000000000000000e+05	1.224058537813559013e+02
7.930000000000000000e+02	7.930000000000000000e+05	1.226214938382166082e+02
7.940000000000000000e+02	7.940000000000000000e+05	1.227422193198979699e+02
7.950000000000000000e+02	7.950000000000000000e+05	1.228463097181334689e+02
7.960000000000000000e+02	7.960000000000000000e+05	1.229101982233409416e+02
7.970000000000000000e+02	7.970000000000000000e+05	1.230092549098550307e+02
7.980000000000000000e+02	7.980000000000000000e+05	1.231573482376714139e+02
7.990000000000000000e+02	7.990000000000000000e+05	1.233960246336330329e+02
8.000000000000000000e+02	8.000000000000000000e+05	1.234206533603941409e+02
8.010000000000000000e+02	8.010000000000000000e+05	1.234108408285025860e+02
8.020000000000000000e+02	8.020000000000000000e+05	1.236128427279278981e+02
8.030000000000000000e+02	8.030000000000000000e+05	1.237695191583114109e+02
8.040000000000000000e+02	8.040000000000000000e+05	1.238827379689267616e+02
8.050000000000000000e+02	8.050000000000000000e+05	1.240812263283638543e+02
8.060000000000000000e+02	8.060000000000000000e+05	1.241586963305861246e+02
8.070000000000000000e+02	8.070000000000000000e+05	1.242704566716792698e+02
8.080000000000000000e+02	8.080000000000000000e+05	1.242475937839690374e+02
8.090000000000000000e+02	8.090000000000000000e+05	1.244073272308389306e+02
8.100000000000000000e+02	8.100000000000000000e+05	1.243509648352744250e+02
8.110000000000000000e+02	8.110000000000000000e+05	1.245711387238525703e+02
8.120000000000000000e+02	8.120000000000000000e+05	1.247618794221819343e+02
8.130000000000000000e+02	8.130000000000000000e+05	1.248209475594139093e+02
8.140000000000000000e+02	8.140000000000000000e+05	1.250223563057670901e+02
8.150000000000000000e+02	8.150000000000000000e+05	1.252091047854490142e+02
8.160000000000000000e+02	8.160000000000000000e+05	1.255121834494493527e+02
8.170000000000000000e+02	8.170000000000000000e+05	1.258006978940791498e+02
8.180000000000000000e+02	8.180000000000000000e+05	1.260424948402650074e+02
8.190000000000000000e+02	8.190000000000000000e+05	1.262190850662108943e+02
8.200000000000000000e+02	8.200000000000000000e+05	1.263031922435000212e+02
8.210000000000000000e+02	8.210000000000000000e+05	1.264654531170545226e+02
8.220000000000000000e+02	8.220000000000000000e+05	1.262792907980181241e+02
8.230000000000000000e+02	8.230000000000000000e+05	1.265567138262894673e+02
8.240000000000000000e+02	8.240000000000000000e+05	1.266785326124721820e+02
8.250000000000000000e+02	8.250000000000000000e+05	1.266571973810485332e+02
8.260000000000000000e+02	8.260000000000000000e+05	1.268387584028126440e+02
8.270000000000000000e+02	8.270000000000000000e+05	1.269271781664620704e+02
8.280000000000000000e+02	8.280000000000000000e+05	1.267566191159662026e+02
8.290000000000000000e+02	8.290000000000000000e+05	1.269853465727736648e+02
