0.000000000000000000e+00	0.000000000000000000e+00	2.641249526415499828e-06
1.000000000000000000e+00	1.000000000000000000e+03	2.155037481807620559e+00
2.000000000000000000e+00	2.000000000000000000e+03	3.284064272241239646e+00
3.000000000000000000e+00	3.000000000000000000e+03	4.042947580557097353e+00
4.000000000000000000e+00	4.000000000000000000e+03	4.942097906227190585e+00
5.000000000000000000e+00	5.000000000000000000e+03	5.665608115940852230e+00
6.000000000000000000e+00	6.000000000000000000e+03	6.259685149024395656e+00
7.000000000000000000e+00	7.000000000000000000e+03	6.630928916967453013e+00
8.000000000000000000e+00	8.000000000000000000e+03	7.271785788912995763e+00
9.000000000000000000e+00	9.000000000000000000e+03	7.651462333769646129e+00
1.000000000000000000e+01	1.000000000000000000e+04	8.379748789552355248e+00
1.100000000000000000e+01	1.100000000000000000e+04	8.783189882514600200e+00
1.200000000000000000e+01	1.200000000000000000e+04	9.025451124476980169e+00
1.300000000000000000e+01	1.300000000000000000e+04	9.484905811239267237e+00
1.400000000000000000e+01	1.400000000000000000e+04	9.792314923189067599e+00
1.500000000000000000e+01	1.500000000000000000e+04	1.029588439468090932e+01
1.600000000000000000e+01	1.600000000000000000e+04	1.088137121507736715e+01
1.700000000000000000e+01	1.700000000000000000e+04	1.129047986553776539e+01
1.800000000000000000e+01	1.800000000000000000e+04	1.151364660533112705e+01
1.900000000000000000e+01	1.900000000000000000e+04	1.162903609593190168e+01
2.000000000000000000e+01	2.000000000000000000e+04	1.160342358996582668e+01
2.100000000000000000e+01	2.100000000000000000e+04	1.176877577118456664e+01
2.200000000000000000e+01	2.200000000000000000e+04	1.188566724359916904e+01
2.300000000000000000e+01	2.300000000000000000e+04	1.230074253620472824e+01
2.400000000000000000e+01	2.400000000000000000e+04	1.291173413468507469e+01
2.500000000000000000e+01	2.500000000000000000e+04	1.312917658733586279e+01
2.600000000000000000e+01	2.600000000000000000e+04	1.329719230556041154e+01
2.700000000000000000e+01	2.700000000000000000e+04	1.357509266617611310e+01
2.800000000000000000e+01	2.800000000000000000e+04	1.399523953498327167e+01
2.900000000000000000e+01	2.900000000000000000e+04	1.433490192210627967e+01
3.000000000000000000e+01	3.000000000000000000e+04	1.447744559795821928e+01
3.100000000000000000e+01	3.100000000000000000e+04	1.469900973795797405e+01
3.200000000000000000e+01	3.200000000000000000e+04	1.520378703548710320e+01
3.300000000000000000e+01	3.300000000000000000e+04	1.533389457429685265e+01
3.400000000000000000e+01	3.400000000000000000e+04	1.573611945577583349e+01
3.500000000000000000e+01	3.500000000000000000e+04	1.569281672329550936e+01
3.600000000000000000e+01	3.600000000000000000e+04	1.615643207930944314e+01
3.700000000000000000e+01	3.700000000000000000e+04	1.616481754402574822e+01
3.800000000000000000e+01	3.800000000000000000e+04	1.651324503715450831e+01
3.900000000000000000e+01	3.900000000000000000e+04	1.667290957523121264e+01
4.000000000000000000e+01	4.000000000000000000e+04	1.657470665195152293e+01
4.100000000000000000e+01	4.100000000000000000e+04	1.680692896673249237e+01
4.200000000000000000e+01	4.200000000000000000e+04	1.712567404942916127e+01
4.300000000000000000e+01	4.300000000000000000e+04	1.727179064477671844e+01
4.400000000000000000e+01	4.400000000000000000e+04	1.733220863937685863e+01
4.500000000000000000e+01	4.500000000000000000e+04	1.742114178932972735e+01
4.600000000000000000e+01	4.600000000000000000e+04	1.768907444886422198e+01
4.700000000000000000e+01	4.700000000000000000e+04	1.794590529555736680e+01
4.800000000000000000e+01	4.800000000000000000e+04	1.802072763024367319e+01
4.900000000000000000e+01	4.900000000000000000e+04	1.825265483715500636e+01
5.000000000000000000e+01	5.000000000000000000e+04	1.842244275195497849e+01
5.100000000000000000e+01	5.100000000000000000e+04	1.877305455714326143e+01
5.200000000000000000e+01	5.200000000000000000e+04	1.884220878596905635e+01
5.300000000000000000e+01	5.300000000000000000e+04	1.895767026488399409e+01
5.400000000000000000e+01	5.400000000000000000e+04	1.901091633121703595e+01
5.500000000000000000e+01	5.500000000000000000e+04	1.916755367255550624e+01
5.600000000000000000e+01	5.600000000000000000e+04	1.911633213908275408e+01
5.700000000000000000e+01	5.700000000000000000e+04	1.910331821091657645e+01
5.800000000000000000e+01	5.800000000000000000e+04	1.924214678034942239e+01
5.900000000000000000e+01	5.900000000000000000e+04	1.946061124945267906e+01
6.000000000000000000e+01	6.000000000000000000e+04	1.952326650761826698e+01
6.100000000000000000e+01	6.100000000000000000e+04	1.962645998664315883e+01
6.200000000000000000e+01	6.200000000000000000e+04	1.963965362099704137e+01
6.300000000000000000e+01	6.300000000000000000e+04	1.973730677162468083e+01
6.400000000000000000e+01	6.400000000000000000e+04	1.950981517473135796e+01
6.500000000000000000e+01	6.500000000000000000e+04	1.977745857946344188e+01
6.600000000000000000e+01	6.600000000000000000e+04	1.984313205778637368e+01
6.700000000000000000e+01	6.700000000000000000e+04	1.996490713107418102e+01
6.800000000000000000e+01	6.800000000000000000e+04	2.019914185624917025e+01
6.900000000000000000e+01	6.900000000000000000e+04	2.025402420277291782e+01
7.000000000000000000e+01	7.000000000000000000e+04	2.024399953512270400e+01
7.100000000000000000e+01	7.100000000000000000e+04	2.033234041439759210e+01
7.200000000000000000e+01	7.200000000000000000e+04	2.065172286106754740e+01
7.300000000000000000e+01	7.300000000000000000e+04	2.081442368272679744e+01
7.400000000000000000e+01	7.400000000000000000e+04	2.087856492155680499e+01
7.500000000000000000e+01	7.500000000000000000e+04	2.116688058236834280e+01
7.600000000000000000e+01	7.600000000000000000e+04	2.134607568603671979e+01
7.700000000000000000e+01	7.700000000000000000e+04	2.131694259323164076e+01
7.800000000000000000e+01	7.800000000000000000e+04	2.168681505871535364e+01
7.900000000000000000e+01	7.900000000000000000e+04	2.173937623772962269e+01
8.000000000000000000e+01	8.000000000000000000e+04	2.181063469012541844e+01
8.100000000000000000e+01	8.100000000000000000e+04	2.174985577240865453e+01
8.200000000000000000e+01	8.200000000000000000e+04	2.170367090559066625e+01
8.300000000000000000e+01	8.300000000000000000e+04	2.188567421936139112e+01
8.400000000000000000e+01	8.400000000000000000e+04	2.208236917633820084e+01
8.500000000000000000e+01	8.500000000000000000e+04	2.218343096569561723e+01
8.600000000000000000e+01	8.600000000000000000e+04	2.241968017459252849e+01
8.700000000000000000e+01	8.700000000000000000e+04	2.243437847077161962e+01
8.800000000000000000e+01	8.800000000000000000e+04	2.281726112951641738e+01
8.900000000000000000e+01	8.900000000000000000e+04	2.308958724240500260e+01
9.000000000000000000e+01	9.000000000000000000e+04	2.318972888213328432e+01
9.100000000000000000e+01	9.100000000000000000e+04	2.318021806774454774e+01
9.200000000000000000e+01	9.200000000000000000e+04	2.336139801817855854e+01
9.300000000000000000e+01	9.300000000000000000e+04	2.341575455653911320e+01
9.400000000000000000e+01	9.400000000000000000e+04	2.350636130560856074e+01
9.500000000000000000e+01	9.500000000000000000e+04	2.401884590676844766e+01
9.600000000000000000e+01	9.600000000000000000e+04	2.398319516561636533e+01
9.700000000000000000e+01	9.700000000000000000e+04	2.378565466536117512e+01
9.800000000000000000e+01	9.800000000000000000e+04	2.413435888836954391e+01
9.900000000000000000e+01	9.900000000000000000e+04	2.440111242147652959e+01
1.000000000000000000e+02	1.000000000000000000e+05	2.464061695706521959e+01
1.010000000000000000e+02	1.010000000000000000e+05	2.487341253208887437e+01
1.020000000000000000e+02	1.020000000000000000e+05	2.498873033696110824e+01
1.030000000000000000e+02	1.030000000000000000e+05	2.536146962593733889e+01
1.040000000000000000e+02	1.040000000000000000e+05	2.567945100995249064e+01
1.050000000000000000e+02	1.050000000000000000e+05	2.609834972188680169e+01
1.060000000000000000e+02	1.060000000000000000e+05	2.646479276792511826e+01
1.070000000000000000e+02	1.070000000000000000e+05	2.696371203494957669e+01
1.080000000000000000e+02	1.080000000000000000e+05	2.712276786316382271e+01
1.090000000000000000e+02	1.090000000000000000e+05	2.745761675880014607e+01
1.100000000000000000e+02	1.100000000000000000e+05	2.784051584356625497e+01
1.110000000000000000e+02	1.110000000000000000e+05	2.791120976874178439e+01
1.120000000000000000e+02	1.120000000000000000e+05	2.846103790146064227e+01
1.130000000000000000e+02	1.130000000000000000e+05	2.873698398708107149e+01
1.140000000000000000e+02	1.140000000000000000e+05	2.900525289267688933e+01
1.150000000000000000e+02	1.150000000000000000e+05	2.926410832249723271e+01
1.160000000000000000e+02	1.160000000000000000e+05	2.975044854498096925e+01
1.170000000000000000e+02	1.170000000000000000e+05	2.995617655488513975e+01
1.180000000000000000e+02	1.180000000000000000e+05	3.036166348941755899e+01
1.190000000000000000e+02	1.190000000000000000e+05	3.075840669574646213e+01
1.200000000000000000e+02	1.200000000000000000e+05	3.116660214986155708e+01
1.210000000000000000e+02	1.210000000000000000e+05	3.160992052923393913e+01
1.220000000000000000e+02	1.220000000000000000e+05	3.219209165754067925e+01
1.230000000000000000e+02	1.230000000000000000e+05	3.255430771213266894e+01
1.240000000000000000e+02	1.240000000000000000e+05	3.280715358857494834e+01
1.250000000000000000e+02	1.250000000000000000e+05	3.320498548492297886e+01
1.260000000000000000e+02	1.260000000000000000e+05	3.353214793053358278e+01
1.270000000000000000e+02	1.270000000000000000e+05	3.396372158126919771e+01
1.280000000000000000e+02	1.280000000000000000e+05	3.456675932616760605e+01
1.290000000000000000e+02	1.290000000000000000e+05	3.478590385667403950e+01
1.300000000000000000e+02	1.300000000000000000e+05	3.496414496517505199e+01
1.310000000000000000e+02	1.310000000000000000e+05	3.520995699336575768e+01
1.320000000000000000e+02	1.320000000000000000e+05	3.563462029790983365e+01
1.330000000000000000e+02	1.330000000000000000e+05	3.608218948462356934e+01
1.340000000000000000e+02	1.340000000000000000e+05	3.646569817683130310e+01
1.350000000000000000e+02	1.350000000000000000e+05	3.668971241642406511e+01
1.360000000000000000e+02	1.360000000000000000e+05	3.701437179151859880e+01
1.370000000000000000e+02	1.370000000000000000e+05	3.733013453381770574e+01
1.380000000000000000e+02	1.380000000000000000e+05	3.754606290378269762e+01
1.390000000000000000e+02	1.390000000000000000e+05	3.774766215049930906e+01
1.400000000000000000e+02	1.400000000000000000e+05	3.783865516036208021e+01
1.410000000000000000e+02	1.410000000000000000e+05	3.808183031843758215e+01
1.420000000000000000e+02	1.420000000000000000e+05	3.826967036479911854e+01
1.430000000000000000e+02	1.430000000000000000e+05	3.855593478180002620e+01
1.440000000000000000e+02	1.440000000000000000e+05	3.870761566133210607e+01
1.450000000000000000e+02	1.450000000000000000e+05	3.912919014840021248e+01
1.460000000000000000e+02	1.460000000000000000e+05	3.939724180691567312e+01
1.470000000000000000e+02	1.470000000000000000e+05	3.977242769305675552e+01
1.480000000000000000e+02	1.480000000000000000e+05	3.987049390908692459e+01
1.490000000000000000e+02	1.490000000000000000e+05	3.984975387148209336e+01
1.500000000000000000e+02	1.500000000000000000e+05	4.002020529722816633e+01
1.510000000000000000e+02	1.510000000000000000e+05	3.989230151739828756e+01
1.520000000000000000e+02	1.520000000000000000e+05	3.994686912246760357e+01
1.530000000000000000e+02	1.530000000000000000e+05	4.007554284806409584e+01
1.540000000000000000e+02	1.540000000000000000e+05	4.027729632897866452e+01
1.550000000000000000e+02	1.550000000000000000e+05	4.024357658014812245e+01
1.560000000000000000e+02	1.560000000000000000e+05	4.031054269145211322e+01
1.570000000000000000e+02	1.570000000000000000e+05	4.044784886344178432e+01
1.580000000000000000e+02	1.580000000000000000e+05	4.064617767863941822e+01
1.590000000000000000e+02	1.590000000000000000e+05	4.072976042439918842e+01
1.600000000000000000e+02	1.600000000000000000e+05	4.081558452722536856e+01
1.610000000000000000e+02	1.610000000000000000e+05	4.101907089046119381e+01
1.620000000000000000e+02	1.620000000000000000e+05	4.115583664154201671e+01
1.630000000000000000e+02	1.630000000000000000e+05	4.131773980955338743e+01
1.640000000000000000e+02	1.640000000000000000e+05	4.131099128794575392e+01
1.650000000000000000e+02	1.650000000000000000e+05	4.142815153976161469e+01
1.660000000000000000e+02	1.660000000000000000e+05	4.156865921842184264e+01
1.670000000000000000e+02	1.670000000000000000e+05	4.172947420311189859e+01
1.680000000000000000e+02	1.680000000000000000e+05	4.185537754467566884e+01
1.690000000000000000e+02	1.690000000000000000e+05	4.197821630921053782e+01
1.700000000000000000e+02	1.700000000000000000e+05	4.202424899888377752e+01
1.710000000000000000e+02	1.710000000000000000e+05	4.206354313573740455e+01
1.720000000000000000e+02	1.720000000000000000e+05	4.227603230464890771e+01
1.730000000000000000e+02	1.730000000000000000e+05	4.235346091620277065e+01
1.740000000000000000e+02	1.740000000000000000e+05	4.236340377592366480e+01
1.750000000000000000e+02	1.750000000000000000e+05	4.254670308209861673e+01
1.760000000000000000e+02	1.760000000000000000e+05	4.270433361028540276e+01
1.770000000000000000e+02	1.770000000000000000e+05	4.271869260582798944e+01
1.780000000000000000e+02	1.780000000000000000e+05	4.273922570737988025e+01
1.790000000000000000e+02	1.790000000000000000e+05	4.278957502163132176e+01
1.800000000000000000e+02	1.800000000000000000e+05	4.289037151984371121e+01
1.810000000000000000e+02	1.810000000000000000e+05	4.292979263987365357e+01
1.820000000000000000e+02	1.820000000000000000e+05	4.317980018645294393e+01
1.830000000000000000e+02	1.830000000000000000e+05	4.331489505692790232e+01
1.840000000000000000e+02	1.840000000000000000e+05	4.315088582889027435e+01
1.850000000000000000e+02	1.850000000000000000e+05	4.312459845875033437e+01
1.860000000000000000e+02	1.860000000000000000e+05	4.316563720764653311e+01
1.870000000000000000e+02	1.870000000000000000e+05	4.299881210531946607e+01
1.880000000000000000e+02	1.880000000000000000e+05	4.316616964483328189e+01
1.890000000000000000e+02	1.890000000000000000e+05	4.335008584404705800e+01
1.900000000000000000e+02	1.900000000000000000e+05	4.352857570650258623e+01
1.910000000000000000e+02	1.910000000000000000e+05	4.344239414517528530e+01
1.920000000000000000e+02	1.920000000000000000e+05	4.347561519239068417e+01
1.930000000000000000e+02	1.930000000000000000e+05	4.370163735378361025e+01
1.940000000000000000e+02	1.940000000000000000e+05	4.351890993903417382e+01
1.950000000000000000e+02	1.950000000000000000e+05	4.352728691176393738e+01
1.960000000000000000e+02	1.960000000000000000e+05	4.338389821578407179e+01
1.970000000000000000e+02	1.970000000000000000e+05	4.353844914378921516e+01
1.980000000000000000e+02	1.980000000000000000e+05	4.376321331708172124e+01
1.990000000000000000e+02	1.990000000000000000e+05	4.371759562845802094e+01
2.000000000000000000e+02	2.000000000000000000e+05	4.394771888922025482e+01
2.010000000000000000e+02	2.010000000000000000e+05	4.401190356235484558e+01
2.020000000000000000e+02	2.020000000000000000e+05	4.394845883481383453e+01
2.030000000000000000e+02	2.030000000000000000e+05	4.406999247830892585e+01
2.040000000000000000e+02	2.040000000000000000e+05	4.430107529393703913e+01
2.050000000000000000e+02	2.050000000000000000e+05	4.455780611535142555e+01
2.060000000000000000e+02	2.060000000000000000e+05	4.462488480538286950e+01
2.070000000000000000e+02	2.070000000000000000e+05	4.453025035925633546e+01
2.080000000000000000e+02	2.080000000000000000e+05	4.470493043260396604e+01
2.090000000000000000e+02	2.090000000000000000e+05	4.493610979917087178e+01
2.100000000000000000e+02	2.100000000000000000e+05	4.499343344064995165e+01
2.110000000000000000e+02	2.110000000000000000e+05	4.500295074468509426e+01
2.120000000000000000e+02	2.120000000000000000e+05	4.512820257832611759e+01
2.130000000000000000e+02	2.130000000000000000e+05	4.525757206773164398e+01
2.140000000000000000e+02	2.140000000000000000e+05	4.563086382971090416e+01
2.150000000000000000e+02	2.150000000000000000e+05	4.562288954526859186e+01
2.160000000000000000e+02	2.160000000000000000e+05	4.554819796421628553e+01
2.170000000000000000e+02	2.170000000000000000e+05	4.549988867537199155e+01
2.180000000000000000e+02	2.180000000000000000e+05	4.551255251315794226e+01
2.190000000000000000e+02	2.190000000000000000e+05	4.549567101453463636e+01
2.200000000000000000e+02	2.200000000000000000e+05	4.547977286291566656e+01
2.210000000000000000e+02	2.210000000000000000e+05	4.552194068507190394e+01
2.220000000000000000e+02	2.220000000000000000e+05	4.546462868478509733e+01
2.230000000000000000e+02	2.230000000000000000e+05	4.552594552477086154e+01
2.240000000000000000e+02	2.240000000000000000e+05	4.551664949596737841e+01
2.250000000000000000e+02	2.250000000000000000e+05	4.555483161957896243e+01
2.260000000000000000e+02	2.260000000000000000e+05	4.567809028506540869e+01
2.270000000000000000e+02	2.270000000000000000e+05	4.571859798746351089e+01
2.280000000000000000e+02	2.280000000000000000e+05	4.571177051038696959e+01
2.290000000000000000e+02	2.290000000000000000e+05	4.588708846206441905e+01
2.300000000000000000e+02	2.300000000000000000e+05	4.573751040706255822e+01
2.310000000000000000e+02	2.310000000000000000e+05	4.581500400234237702e+01
2.320000000000000000e+02	2.320000000000000000e+05	4.595221402173506675e+01
2.330000000000000000e+02	2.330000000000000000e+05	4.597516542219602087e+01
2.340000000000000000e+02	2.340000000000000000e+05	4.596187555970892191e+01
2.350000000000000000e+02	2.350000000000000000e+05	4.612195851850407990e+01
2.360000000000000000e+02	2.360000000000000000e+05	4.624456996736034142e+01
2.370000000000000000e+02	2.370000000000000000e+05	4.649521902601565415e+01
2.380000000000000000e+02	2.380000000000000000e+05	4.656948508706797440e+01
2.390000000000000000e+02	2.390000000000000000e+05	4.669918302999985826e+01
2.400000000000000000e+02	2.400000000000000000e+05	4.694934282982107732e+01
2.410000000000000000e+02	2.410000000000000000e+05	4.700676320270842012e+01
2.420000000000000000e+02	2.420000000000000000e+05	4.710593533341905470e+01
2.430000000000000000e+02	2.430000000000000000e+05	4.706359358091082612e+01
2.440000000000000000e+02	2.440000000000000000e+05	4.705155504957999568e+01
2.450000000000000000e+02	2.450000000000000000e+05	4.715642274826264213e+01
2.460000000000000000e+02	2.460000000000000000e+05	4.737636686249792461e+01
2.470000000000000000e+02	2.470000000000000000e+05	4.749643427497026238e+01
2.480000000000000000e+02	2.480000000000000000e+05	4.755449840103015191e+01
2.490000000000000000e+02	2.490000000000000000e+05	4.762961718421504997e+01
2.500000000000000000e+02	2.500000000000000000e+05	4.780387459147156903e+01
2.510000000000000000e+02	2.510000000000000000e+05	4.789489161739192014e+01
2.520000000000000000e+02	2.520000000000000000e+05	4.772968881598379198e+01
2.530000000000000000e+02	2.530000000000000000e+05	4.783214806878911673e+01
2.540000000000000000e+02	2.540000000000000000e+05	4.782287769797981980e+01
2.550000000000000000e+02	2.550000000000000000e+05	4.813854658074529169e+01
2.560000000000000000e+02	2.560000000000000000e+05	4.830183413823515792e+01
2.570000000000000000e+02	2.570000000000000000e+05	4.850160054881589389e+01
2.580000000000000000e+02	2.580000000000000000e+05	4.866364929041479570e+01
2.590000000000000000e+02	2.590000000000000000e+05	4.883773637619123065e+01
2.600000000000000000e+02	2.600000000000000000e+05	4.874416903373167997e+01
2.610000000000000000e+02	2.610000000000000000e+05	4.865680620227133346e+01
2.620000000000000000e+02	2.620000000000000000e+05	4.875825508624019022e+01
2.630000000000000000e+02	2.630000000000000000e+05	4.875247506031850264e+01
2.640000000000000000e+02	2.640000000000000000e+05	4.874814639666211491e+01
2.650000000000000000e+02	2.650000000000000000e+05	4.877349693371151318e+01
2.660000000000000000e+02	2.660000000000000000e+05	4.876563494541347410e+01
2.670000000000000000e+02	2.670000000000000000e+05	4.878207748674469002e+01
2.680000000000000000e+02	2.680000000000000000e+05	4.895444825089145269e+01
2.690000000000000000e+02	2.690000000000000000e+05	4.896297950628397189e+01
2.700000000000000000e+02	2.700000000000000000e+05	4.895800214666725481e+01
2.710000000000000000e+02	2.710000000000000000e+05	4.900366368593508071e+01
2.720000000000000000e+02	2.720000000000000000e+05	4.916369334376128819e+01
2.730000000000000000e+02	2.730000000000000000e+05	4.934330806471827913e+01
2.740000000000000000e+02	2.740000000000000000e+05	4.932322724203577025e+01
2.750000000000000000e+02	2.750000000000000000e+05	4.935072762650106881e+01
2.760000000000000000e+02	2.760000000000000000e+05	4.944664117686080829e+01
2.770000000000000000e+02	2.770000000000000000e+05	4.942060357919419999e+01
2.780000000000000000e+02	2.780000000000000000e+05	4.950451933389781800e+01
2.790000000000000000e+02	2.790000000000000000e+05	4.952532838598197173e+01
2.800000000000000000e+02	2.800000000000000000e+05	4.954357727278787138e+01
2.810000000000000000e+02	2.810000000000000000e+05	4.982504629650232175e+01
2.820000000000000000e+02	2.820000000000000000e+05	5.000799305225253732e+01
2.830000000000000000e+02	2.830000000000000000e+05	5.017187350645472321e+01
2.840000000000000000e+02	2.840000000000000000e+05	5.014534299582173560e+01
2.850000000000000000e+02	2.850000000000000000e+05	5.019628719996737232e+01
2.860000000000000000e+02	2.860000000000000000e+05	5.008705121850431397e+01
2.870000000000000000e+02	2.870000000000000000e+05	5.013906847817872148e+01
2.880000000000000000e+02	2.880000000000000000e+05	5.018688001690768630e+01
2.890000000000000000e+02	2.890000000000000000e+05	5.018580588640864448e+01
2.900000000000000000e+02	2.900000000000000000e+05	5.026380456344486447e+01
2.910000000000000000e+02	2.910000000000000000e+05	5.046689006778522213e+01
2.920000000000000000e+02	2.920000000000000000e+05	5.062442023006948233e+01
2.930000000000000000e+02	2.930000000000000000e+05	5.069820410809628441e+01
2.940000000000000000e+02	2.940000000000000000e+05	5.081632258574054362e+01
2.950000000000000000e+02	2.950000000000000000e+05	5.094130400291170702e+01
2.960000000000000000e+02	2.960000000000000000e+05	5.118903201646303813e+01
2.970000000000000000e+02	2.970000000000000000e+05	5.143138587160252229e+01
2.980000000000000000e+02	2.980000000000000000e+05	5.143764252826697714e+01
2.990000000000000000e+02	2.990000000000000000e+05	5.155895134927223467e+01
3.000000000000000000e+02	3.000000000000000000e+05	5.164536108837985751e+01
3.010000000000000000e+02	3.010000000000000000e+05	5.166511062053615433e+01
3.020000000000000000e+02	3.020000000000000000e+05	5.185990062668932410e+01
3.030000000000000000e+02	3.030000000000000000e+05	5.198661259746825181e+01
3.040000000000000000e+02	3.040000000000000000e+05	5.207072923192764335e+01
3.050000000000000000e+02	3.050000000000000000e+05	5.220483665473297918e+01
3.060000000000000000e+02	3.060000000000000000e+05	5.239890510647265387e+01
3.070000000000000000e+02	3.070000000000000000e+05	5.245522101882630039e+01
3.080000000000000000e+02	3.080000000000000000e+05	5.259754478618452112e+01
3.090000000000000000e+02	3.090000000000000000e+05	5.279267254181744562e+01
3.100000000000000000e+02	3.100000000000000000e+05	5.293242323630784085e+01
3.110000000000000000e+02	3.110000000000000000e+05	5.291525169407647411e+01
3.120000000000000000e+02	3.120000000000000000e+05	5.278895588226801294e+01
3.130000000000000000e+02	3.130000000000000000e+05	5.292854154390789034e+01
3.140000000000000000e+02	3.140000000000000000e+05	5.318940364844036139e+01
3.150000000000000000e+02	3.150000000000000000e+05	5.311729637065623422e+01
3.160000000000000000e+02	3.160000000000000000e+05	5.319327964434393152e+01
3.170000000000000000e+02	3.170000000000000000e+05	5.330450374407680414e+01
3.180000000000000000e+02	3.180000000000000000e+05	5.324924612747698660e+01
3.190000000000000000e+02	3.190000000000000000e+05	5.314496115773456353e+01
3.200000000000000000e+02	3.200000000000000000e+05	5.321732683031628852e+01
3.210000000000000000e+02	3.210000000000000000e+05	5.317929263240435489e+01
3.220000000000000000e+02	3.220000000000000000e+05	5.345807632362576811e+01
3.230000000000000000e+02	3.230000000000000000e+05	5.352863699657519447e+01
3.240000000000000000e+02	3.240000000000000000e+05	5.347923599854050281e+01
3.250000000000000000e+02	3.250000000000000000e+05	5.357367564961393924e+01
3.260000000000000000e+02	3.260000000000000000e+05	5.376291231619158140e+01
3.270000000000000000e+02	3.270000000000000000e+05	5.381875925210629674e+01
3.280000000000000000e+02	3.280000000000000000e+05	5.357988387323462121e+01
3.290000000000000000e+02	3.290000000000000000e+05	5.374731380715160611e+01
3.300000000000000000e+02	3.300000000000000000e+05	5.374296687159761632e+01
3.310000000000000000e+02	3.310000000000000000e+05	5.382729326191761032e+01
3.320000000000000000e+02	3.320000000000000000e+05	5.388404288877731574e+01
3.330000000000000000e+02	3.330000000000000000e+05	5.398795409083960095e+01
3.340000000000000000e+02	3.340000000000000000e+05	5.424583606854498896e+01
3.350000000000000000e+02	3.350000000000000000e+05	5.435911448803397406e+01
3.360000000000000000e+02	3.360000000000000000e+05	5.452378321621035440e+01
3.370000000000000000e+02	3.370000000000000000e+05	5.456002307378140159e+01
3.380000000000000000e+02	3.380000000000000000e+05	5.451782301346589321e+01
3.390000000000000000e+02	3.390000000000000000e+05	5.452605676869681872e+01
3.400000000000000000e+02	3.400000000000000000e+05	5.477846300153020564e+01
3.410000000000000000e+02	3.410000000000000000e+05	5.504473134470873674e+01
3.420000000000000000e+02	3.420000000000000000e+05	5.504089679215265818e+01
3.430000000000000000e+02	3.430000000000000000e+05	5.499055158771056995e+01
3.440000000000000000e+02	3.440000000000000000e+05	5.489112408148175604e+01
3.450000000000000000e+02	3.450000000000000000e+05	5.486611827305995348e+01
3.460000000000000000e+02	3.460000000000000000e+05	5.477409220681968804e+01
3.470000000000000000e+02	3.470000000000000000e+05	5.485749852114432912e+01
3.480000000000000000e+02	3.480000000000000000e+05	5.496201854247881613e+01
3.490000000000000000e+02	3.490000000000000000e+05	5.514363185638435993e+01
3.500000000000000000e+02	3.500000000000000000e+05	5.506995571258577371e+01
3.510000000000000000e+02	3.510000000000000000e+05	5.527660738189722167e+01
3.520000000000000000e+02	3.520000000000000000e+05	5.550349685872738092e+01
3.530000000000000000e+02	3.530000000000000000e+05	5.567109839438268892e+01
3.540000000000000000e+02	3.540000000000000000e+05	5.576272240326371588e+01
3.550000000000000000e+02	3.550000000000000000e+05	5.580421505874195987e+01
3.560000000000000000e+02	3.560000000000000000e+05	5.581725084076840915e+01
3.570000000000000000e+02	3.570000000000000000e+05	5.601740968736616821e+01
3.580000000000000000e+02	3.580000000000000000e+05	5.609657961683752347e+01
3.590000000000000000e+02	3.590000000000000000e+05	5.607031982154909144e+01
3.600000000000000000e+02	3.600000000000000000e+05	5.610094925354866291e+01
3.610000000000000000e+02	3.610000000000000000e+05	5.614118664923019963e+01
3.620000000000000000e+02	3.620000000000000000e+05	5.622945566276653295e+01
3.630000000000000000e+02	3.630000000000000000e+05	5.623561036173290972e+01
3.640000000000000000e+02	3.640000000000000000e+05	5.654690415938441106e+01
3.650000000000000000e+02	3.650000000000000000e+05	5.660078443903790202e+01
3.660000000000000000e+02	3.660000000000000000e+05	5.667296865701095498e+01
3.670000000000000000e+02	3.670000000000000000e+05	5.677536251232092468e+01
3.680000000000000000e+02	3.680000000000000000e+05	5.684964627226950284e+01
3.690000000000000000e+02	3.690000000000000000e+05	5.700784368890559506e+01
3.700000000000000000e+02	3.700000000000000000e+05	5.713437569607248179e+01
3.710000000000000000e+02	3.710000000000000000e+05	5.715655459807920380e+01
3.720000000000000000e+02	3.720000000000000000e+05	5.724853901344418006e+01
3.730000000000000000e+02	3.730000000000000000e+05	5.729419129644776376e+01
3.740000000000000000e+02	3.740000000000000000e+05	5.744135612530391910e+01
3.750000000000000000e+02	3.750000000000000000e+05	5.751720946619067121e+01
3.760000000000000000e+02	3.760000000000000000e+05	5.761535962263378963e+01
3.770000000000000000e+02	3.770000000000000000e+05	5.744936863848729303e+01
3.780000000000000000e+02	3.780000000000000000e+05	5.732538906905740106e+01
3.790000000000000000e+02	3.790000000000000000e+05	5.737326784128538293e+01
3.800000000000000000e+02	3.800000000000000000e+05	5.755010775346787710e+01
3.810000000000000000e+02	3.810000000000000000e+05	5.764393126847745208e+01
3.820000000000000000e+02	3.820000000000000000e+05	5.772016846175990423e+01
3.830000000000000000e+02	3.830000000000000000e+05	5.796615058840709622e+01
3.840000000000000000e+02	3.840000000000000000e+05	5.800717686389909034e+01
3.850000000000000000e+02	3.850000000000000000e+05	5.792951911730413883e+01
3.860000000000000000e+02	3.860000000000000000e+05	5.764063189771993478e+01
3.870000000000000000e+02	3.870000000000000000e+05	5.760032106884009551e+01
3.880000000000000000e+02	3.880000000000000000e+05	5.777558809616058255e+01
3.890000000000000000e+02	3.890000000000000000e+05	5.779564451468505837e+01
3.900000000000000000e+02	3.900000000000000000e+05	5.782520701111129569e+01
3.910000000000000000e+02	3.910000000000000000e+05	5.787643815933880376e+01
3.920000000000000000e+02	3.920000000000000000e+05	5.764162942928269473e+01
3.930000000000000000e+02	3.930000000000000000e+05	5.781499399995971800e+01
3.940000000000000000e+02	3.940000000000000000e+05	5.786113780934692130e+01
3.950000000000000000e+02	3.950000000000000000e+05	5.775220539966064592e+01
3.960000000000000000e+02	3.960000000000000000e+05	5.779505609843861436e+01
3.970000000000000000e+02	3.970000000000000000e+05	5.789621723045558355e+01
3.980000000000000000e+02	3.980000000000000000e+05	5.800302540647671634e+01
3.990000000000000000e+02	3.990000000000000000e+05	5.801134411972582683e+01
4.000000000000000000e+02	4.000000000000000000e+05	5.809851612497740803e+01
4.010000000000000000e+02	4.010000000000000000e+05	5.819986598769395414e+01
4.020000000000000000e+02	4.020000000000000000e+05	5.839162371058846190e+01
4.030000000000000000e+02	4.030000000000000000e+05	5.840041126736147703e+01
4.040000000000000000e+02	4.040000000000000000e+05	5.852746843549907396e+01
4.050000000000000000e+02	4.050000000000000000e+05	5.853571671390719189e+01
4.060000000000000000e+02	4.060000000000000000e+05	5.860779271614034514e+01
4.070000000000000000e+02	4.070000000000000000e+05	5.843910151806363729e+01
4.080000000000000000e+02	4.080000000000000000e+05	5.850065364046937333e+01
4.090000000000000000e+02	4.090000000000000000e+05	5.855364457038912462e+01
4.100000000000000000e+02	4.100000000000000000e+05	5.846319165030374876e+01
4.110000000000000000e+02	4.110000000000000000e+05	5.854278319802654806e+01
4.120000000000000000e+02	4.120000000000000000e+05	5.853107103501732666e+01
4.130000000000000000e+02	4.130000000000000000e+05	5.859089998211444339e+01
4.140000000000000000e+02	4.140000000000000000e+05	5.839571371744422379e+01
4.150000000000000000e+02	4.150000000000000000e+05	5.826557869751024299e+01
4.160000000000000000e+02	4.160000000000000000e+05	5.834432001159771630e+01
4.170000000000000000e+02	4.170000000000000000e+05	5.843070098744649243e+01
4.180000000000000000e+02	4.180000000000000000e+05	5.846736379183717247e+01
4.190000000000000000e+02	4.190000000000000000e+05	5.852549878644217074e+01
4.200000000000000000e+02	4.200000000000000000e+05	5.846887595574141727e+01
4.210000000000000000e+02	4.210000000000000000e+05	5.858240506122015745e+01
4.220000000000000000e+02	4.220000000000000000e+05	5.849442694500685036e+01
4.230000000000000000e+02	4.230000000000000000e+05	5.866696886754009910e+01
4.240000000000000000e+02	4.240000000000000000e+05	5.868174255494921709e+01
4.250000000000000000e+02	4.250000000000000000e+05	5.872767875817615391e+01
4.260000000000000000e+02	4.260000000000000000e+05	5.876049767547253566e+01
4.270000000000000000e+02	4.270000000000000000e+05	5.884500152616353574e+01
4.280000000000000000e+02	4.280000000000000000e+05	5.874084527929728239e+01
4.290000000000000000e+02	4.290000000000000000e+05	5.879828577404290257e+01
4.300000000000000000e+02	4.300000000000000000e+05	5.888136767427042884e+01
4.310000000000000000e+02	4.310000000000000000e+05	5.897005618802760551e+01
4.320000000000000000e+02	4.320000000000000000e+05	5.897892138532036910e+01
4.330000000000000000e+02	4.330000000000000000e+05	5.907677086819053613e+01
4.340000000000000000e+02	4.340000000000000000e+05	5.936456900245652690e+01
4.350000000000000000e+02	4.350000000000000000e+05	5.959067256984552330e+01
4.360000000000000000e+02	4.360000000000000000e+05	5.961316072979425940e+01
4.370000000000000000e+02	4.370000000000000000e+05	5.962560369840086594e+01
4.380000000000000000e+02	4.380000000000000000e+05	5.961681825306484228e+01
4.390000000000000000e+02	4.390000000000000000e+05	5.963642736066881866e+01
4.400000000000000000e+02	4.400000000000000000e+05	5.960776222286713022e+01
4.410000000000000000e+02	4.410000000000000000e+05	5.990416787051974978e+01
4.420000000000000000e+02	4.420000000000000000e+05	5.993619020515740203e+01
4.430000000000000000e+02	4.430000000000000000e+05	6.002588646661362048e+01
4.440000000000000000e+02	4.440000000000000000e+05	6.006025466561213477e+01
4.450000000000000000e+02	4.450000000000000000e+05	6.013302553424640706e+01
4.460000000000000000e+02	4.460000000000000000e+05	6.037804919389170522e+01
4.470000000000000000e+02	4.470000000000000000e+05	6.057414504746155615e+01
4.480000000000000000e+02	4.480000000000000000e+05	6.058922321922116083e+01
4.490000000000000000e+02	4.490000000000000000e+05	6.061604672347824874e+01
4.500000000000000000e+02	4.500000000000000000e+05	6.067242959423202819e+01
4.510000000000000000e+02	4.510000000000000000e+05	6.066289543238863757e+01
4.520000000000000000e+02	4.520000000000000000e+05	6.059358310788106650e+01
4.530000000000000000e+02	4.530000000000000000e+05	6.066878331355508891e+01
4.540000000000000000e+02	4.540000000000000000e+05	6.055379635043447450e+01
4.550000000000000000e+02	4.550000000000000000e+05	6.059142828859328489e+01
4.560000000000000000e+02	4.560000000000000000e+05	6.074474206163593948e+01
4.570000000000000000e+02	4.570000000000000000e+05	6.074918779015843739e+01
4.580000000000000000e+02	4.580000000000000000e+05	6.084157115977519936e+01
4.590000000000000000e+02	4.590000000000000000e+05	6.078553563562512352e+01
4.600000000000000000e+02	4.600000000000000000e+05	6.089333819486672894e+01
4.610000000000000000e+02	4.610000000000000000e+05	6.080275207282347338e+01
4.620000000000000000e+02	4.620000000000000000e+05	6.097269619755897452e+01
4.630000000000000000e+02	4.630000000000000000e+05	6.113591235673791147e+01
4.640000000000000000e+02	4.640000000000000000e+05	6.128636320581019703e+01
4.650000000000000000e+02	4.650000000000000000e+05	6.126206890770298941e+01
4.660000000000000000e+02	4.660000000000000000e+05	6.116849815664294709e+01
4.670000000000000000e+02	4.670000000000000000e+05	6.124465323856142618e+01
4.680000000000000000e+02	4.680000000000000000e+05	6.103251250756323287e+01
4.690000000000000000e+02	4.690000000000000000e+05	6.119171241303877906e+01
4.700000000000000000e+02	4.700000000000000000e+05	6.105133929440214757e+01
4.710000000000000000e+02	4.710000000000000000e+05	6.123770814807789975e+01
4.720000000000000000e+02	4.720000000000000000e+05	6.131966608048610823e+01
4.730000000000000000e+02	4.730000000000000000e+05	6.142734169301554914e+01
4.740000000000000000e+02	4.740000000000000000e+05	6.128003888133504518e+01
4.750000000000000000e+02	4.750000000000000000e+05	6.129599496936946679e+01
4.760000000000000000e+02	4.760000000000000000e+05	6.135247192051459564e+01
4.770000000000000000e+02	4.770000000000000000e+05	6.141488362742926910e+01
4.780000000000000000e+02	4.780000000000000000e+05	6.145688862864052027e+01
4.790000000000000000e+02	4.790000000000000000e+05	6.158143143353234450e+01
4.800000000000000000e+02	4.800000000000000000e+05	6.158934914312175124e+01
4.810000000000000000e+02	4.810000000000000000e+05	6.158644201616746727e+01
4.820000000000000000e+02	4.820000000000000000e+05	6.164529131835801223e+01
4.830000000000000000e+02	4.830000000000000000e+05	6.167133177810091382e+01
4.840000000000000000e+02	4.840000000000000000e+05	6.181152538905034532e+01
4.850000000000000000e+02	4.850000000000000000e+05	6.186473547797502448e+01
4.860000000000000000e+02	4.860000000000000000e+05	6.189724731370186106e+01
4.870000000000000000e+02	4.870000000000000000e+05	6.200292977600194178e+01
4.880000000000000000e+02	4.880000000000000000e+05	6.205067405558533267e+01
4.890000000000000000e+02	4.890000000000000000e+05	6.193724649313858066e+01
4.900000000000000000e+02	4.900000000000000000e+05	6.188555610795069839e+01
4.910000000000000000e+02	4.910000000000000000e+05	6.192096374605171150e+01
4.920000000000000000e+02	4.920000000000000000e+05	6.205844234427958384e+01
4.930000000000000000e+02	4.930000000000000000e+05	6.219179198074127868e+01
4.940000000000000000e+02	4.940000000000000000e+05	6.208268793451940581e+01
4.950000000000000000e+02	4.950000000000000000e+05	6.230844431309892428e+01
4.960000000000000000e+02	4.960000000000000000e+05	6.226737140291673711e+01
4.970000000000000000e+02	4.970000000000000000e+05	6.221119962624405275e+01
4.980000000000000000e+02	4.980000000000000000e+05	6.221770315415228936e+01
4.990000000000000000e+02	4.990000000000000000e+05	6.241384236880870873e+01
5.000000000000000000e+02	5.000000000000000000e+05	6.257614980313096709e+01
5.010000000000000000e+02	5.010000000000000000e+05	6.262253475872244479e+01
5.020000000000000000e+02	5.020000000000000000e+05	6.278125945086080151e+01
