0.000000000000000000e+00	0.000000000000000000e+00	2.745879176134851454e-07
1.000000000000000000e+00	1.000000000000000000e+03	2.936934286566434071e+00
2.000000000000000000e+00	2.000000000000000000e+03	4.043544054669770738e+00
3.000000000000000000e+00	3.000000000000000000e+03	4.797722814712710004e+00
4.000000000000000000e+00	4.000000000000000000e+03	5.488570785119678774e+00
5.000000000000000000e+00	5.000000000000000000e+03	5.947630481462355512e+00
6.000000000000000000e+00	6.000000000000000000e+03	6.442803370366508631e+00
7.000000000000000000e+00	7.000000000000000000e+03	6.341644629692224200e+00
8.000000000000000000e+00	8.000000000000000000e+03	6.474914617982867604e+00
9.000000000000000000e+00	9.000000000000000000e+03	6.404067530106530626e+00
1.000000000000000000e+01	1.000000000000000000e+04	7.030477827302657801e+00
1.100000000000000000e+01	1.100000000000000000e+04	7.489345162678358925e+00
1.200000000000000000e+01	1.200000000000000000e+04	8.004219863655180234e+00
1.300000000000000000e+01	1.300000000000000000e+04	8.493184562858695941e+00
1.400000000000000000e+01	1.400000000000000000e+04	8.445518288447303235e+00
1.500000000000000000e+01	1.500000000000000000e+04	8.951078830314525447e+00
1.600000000000000000e+01	1.600000000000000000e+04	8.957448907264716098e+00
1.700000000000000000e+01	1.700000000000000000e+04	8.800668363958472185e+00
1.800000000000000000e+01	1.800000000000000000e+04	9.067971076364395699e+00
1.900000000000000000e+01	1.900000000000000000e+04	9.319793382421526218e+00
2.000000000000000000e+01	2.000000000000000000e+04	9.235206965766257881e+00
2.100000000000000000e+01	2.100000000000000000e+04	9.205250100534691171e+00
2.200000000000000000e+01	2.200000000000000000e+04	9.211593298787139616e+00
2.300000000000000000e+01	2.300000000000000000e+04	9.664454747670546908e+00
2.400000000000000000e+01	2.400000000000000000e+04	9.781500505276623514e+00
2.500000000000000000e+01	2.500000000000000000e+04	9.933886843866583050e+00
2.600000000000000000e+01	2.600000000000000000e+04	9.576034594422665691e+00
2.700000000000000000e+01	2.700000000000000000e+04	9.540225209168745835e+00
2.800000000000000000e+01	2.800000000000000000e+04	9.670829105570229345e+00
2.900000000000000000e+01	2.900000000000000000e+04	1.015835824029761447e+01
3.000000000000000000e+01	3.000000000000000000e+04	1.001531370360777551e+01
3.100000000000000000e+01	3.100000000000000000e+04	1.038368178663401764e+01
3.200000000000000000e+01	3.200000000000000000e+04	1.037194482874389223e+01
3.300000000000000000e+01	3.300000000000000000e+04	1.009630709288447825e+01
3.400000000000000000e+01	3.400000000000000000e+04	1.008540705764601952e+01
3.500000000000000000e+01	3.500000000000000000e+04	9.809825984969911872e+00
3.600000000000000000e+01	3.600000000000000000e+04	9.896700804223611314e+00
3.700000000000000000e+01	3.700000000000000000e+04	9.768314646842446436e+00
3.800000000000000000e+01	3.800000000000000000e+04	9.698864246063159555e+00
3.900000000000000000e+01	3.900000000000000000e+04	9.360455442161754291e+00
4.000000000000000000e+01	4.000000000000000000e+04	9.282671616109313462e+00
4.100000000000000000e+01	4.100000000000000000e+04	9.185435689474402920e+00
4.200000000000000000e+01	4.200000000000000000e+04	9.286777384530431334e+00
4.300000000000000000e+01	4.300000000000000000e+04	9.489415465508738379e+00
4.400000000000000000e+01	4.400000000000000000e+04	9.330897637769178132e+00
4.500000000000000000e+01	4.500000000000000000e+04	9.168850454616793044e+00
4.600000000000000000e+01	4.600000000000000000e+04	9.235641357434065668e+00
4.700000000000000000e+01	4.700000000000000000e+04	9.363835064936369079e+00
4.800000000000000000e+01	4.800000000000000000e+04	9.093012294555927966e+00
4.900000000000000000e+01	4.900000000000000000e+04	8.834486978678791402e+00
5.000000000000000000e+01	5.000000000000000000e+04	8.311446671545798637e+00
5.100000000000000000e+01	5.100000000000000000e+04	8.202717470697351132e+00
5.200000000000000000e+01	5.200000000000000000e+04	8.217046317943117018e+00
5.300000000000000000e+01	5.300000000000000000e+04	8.443271813238363066e+00
5.400000000000000000e+01	5.400000000000000000e+04	8.430720764837923653e+00
5.500000000000000000e+01	5.500000000000000000e+04	8.678110703844499341e+00
5.600000000000000000e+01	5.600000000000000000e+04	8.295999042677687285e+00
5.700000000000000000e+01	5.700000000000000000e+04	8.085175387362930621e+00
5.800000000000000000e+01	5.800000000000000000e+04	8.953496979611927031e+00
5.900000000000000000e+01	5.900000000000000000e+04	8.807887583806058629e+00
6.000000000000000000e+01	6.000000000000000000e+04	8.917019432123659328e+00
6.100000000000000000e+01	6.100000000000000000e+04	9.036651163765686334e+00
6.200000000000000000e+01	6.200000000000000000e+04	9.098060251275798649e+00
6.300000000000000000e+01	6.300000000000000000e+04	9.342882456647290113e+00
6.400000000000000000e+01	6.400000000000000000e+04	9.523761721689526283e+00
6.500000000000000000e+01	6.500000000000000000e+04	9.816610087180295707e+00
6.600000000000000000e+01	6.600000000000000000e+04	9.832207320389573013e+00
6.700000000000000000e+01	6.700000000000000000e+04	9.622822849549262259e+00
6.800000000000000000e+01	6.800000000000000000e+04	9.316313525863757050e+00
6.900000000000000000e+01	6.900000000000000000e+04	9.015549458272101191e+00
7.000000000000000000e+01	7.000000000000000000e+04	8.474738912316547967e+00
7.100000000000000000e+01	7.100000000000000000e+04	8.388893973433209084e+00
7.200000000000000000e+01	7.200000000000000000e+04	8.900272294281538876e+00
7.300000000000000000e+01	7.300000000000000000e+04	8.891912472454592375e+00
7.400000000000000000e+01	7.400000000000000000e+04	8.880707012441259707e+00
7.500000000000000000e+01	7.500000000000000000e+04	9.191304707090587556e+00
7.600000000000000000e+01	7.600000000000000000e+04	9.239414249855906647e+00
7.700000000000000000e+01	7.700000000000000000e+04	8.801506950879746327e+00
7.800000000000000000e+01	7.800000000000000000e+04	8.912209123368711516e+00
7.900000000000000000e+01	7.900000000000000000e+04	8.943976025644145622e+00
8.000000000000000000e+01	8.000000000000000000e+04	9.126053670236430548e+00
8.100000000000000000e+01	8.100000000000000000e+04	9.139951323149368534e+00
8.200000000000000000e+01	8.200000000000000000e+04	9.288514117981311102e+00
8.300000000000000000e+01	8.300000000000000000e+04	9.640675406740244924e+00
8.400000000000000000e+01	8.400000000000000000e+04	9.494027207906301058e+00
8.500000000000000000e+01	8.500000000000000000e+04	9.300231948638142399e+00
8.600000000000000000e+01	8.600000000000000000e+04	8.986465590912416701e+00
8.700000000000000000e+01	8.700000000000000000e+04	8.934543452814770248e+00
8.800000000000000000e+01	8.800000000000000000e+04	8.989704773279550309e+00
8.900000000000000000e+01	8.900000000000000000e+04	8.999668619701749250e+00
9.000000000000000000e+01	9.000000000000000000e+04	8.909084320763781761e+00
9.100000000000000000e+01	9.100000000000000000e+04	9.228065123139410630e+00
9.200000000000000000e+01	9.200000000000000000e+04	8.869262503462589819e+00
9.300000000000000000e+01	9.300000000000000000e+04	8.899527013982588386e+00
9.400000000000000000e+01	9.400000000000000000e+04	8.920881004972967432e+00
9.500000000000000000e+01	9.500000000000000000e+04	9.472713958544114021e+00
9.600000000000000000e+01	9.600000000000000000e+04	9.253454005793145143e+00
9.700000000000000000e+01	9.700000000000000000e+04	8.833731792337616184e+00
9.800000000000000000e+01	9.800000000000000000e+04	9.064828529386224076e+00
9.900000000000000000e+01	9.900000000000000000e+04	8.839416985472370314e+00
1.000000000000000000e+02	1.000000000000000000e+05	8.645955496671344775e+00
1.010000000000000000e+02	1.010000000000000000e+05	8.718945759300662957e+00
1.020000000000000000e+02	1.020000000000000000e+05	8.833270880662198010e+00
1.030000000000000000e+02	1.030000000000000000e+05	9.437512538807805385e+00
1.040000000000000000e+02	1.040000000000000000e+05	9.497373655706383033e+00
1.050000000000000000e+02	1.050000000000000000e+05	9.810653204780267700e+00
1.060000000000000000e+02	1.060000000000000000e+05	1.005259294475779797e+01
1.070000000000000000e+02	1.070000000000000000e+05	1.034176740159989905e+01
