0.000000000000000000e+00	0.000000000000000000e+00	7.472136717231193508e-06
1.000000000000000000e+00	1.000000000000000000e+03	1.568481148922144186e+00
2.000000000000000000e+00	2.000000000000000000e+03	2.118895808497081035e+00
3.000000000000000000e+00	3.000000000000000000e+03	2.752987725570154698e+00
4.000000000000000000e+00	4.000000000000000000e+03	3.487774971854529671e+00
5.000000000000000000e+00	5.000000000000000000e+03	4.069836345284529422e+00
6.000000000000000000e+00	6.000000000000000000e+03	4.474275835883586794e+00
7.000000000000000000e+00	7.000000000000000000e+03	4.761639522515764611e+00
8.000000000000000000e+00	8.000000000000000000e+03	5.463737849828130599e+00
9.000000000000000000e+00	9.000000000000000000e+03	5.861690847835285822e+00
1.000000000000000000e+01	1.000000000000000000e+04	6.190836524118685347e+00
1.100000000000000000e+01	1.100000000000000000e+04	6.589194843190109729e+00
1.200000000000000000e+01	1.200000000000000000e+04	6.932104346941968309e+00
1.300000000000000000e+01	1.300000000000000000e+04	7.391478125024399937e+00
1.400000000000000000e+01	1.400000000000000000e+04	7.847804219819267679e+00
1.500000000000000000e+01	1.500000000000000000e+04	8.003341792021611667e+00
1.600000000000000000e+01	1.600000000000000000e+04	8.624782740440185336e+00
1.700000000000000000e+01	1.700000000000000000e+04	9.028275818908170436e+00
1.800000000000000000e+01	1.800000000000000000e+04	9.206917307804955541e+00
1.900000000000000000e+01	1.900000000000000000e+04	9.564690064249361967e+00
2.000000000000000000e+01	2.000000000000000000e+04	9.953966141969646131e+00
2.100000000000000000e+01	2.100000000000000000e+04	1.017424646073932237e+01
2.200000000000000000e+01	2.200000000000000000e+04	1.032170353135078500e+01
2.300000000000000000e+01	2.300000000000000000e+04	1.074391087502401021e+01
2.400000000000000000e+01	2.400000000000000000e+04	1.120850933942797845e+01
2.500000000000000000e+01	2.500000000000000000e+04	1.153206337655173463e+01
2.600000000000000000e+01	2.600000000000000000e+04	1.170579374811669382e+01
2.700000000000000000e+01	2.700000000000000000e+04	1.190201845018254545e+01
2.800000000000000000e+01	2.800000000000000000e+04	1.221650729805961610e+01
2.900000000000000000e+01	2.900000000000000000e+04	1.235008901887922228e+01
3.000000000000000000e+01	3.000000000000000000e+04	1.259162159020889327e+01
3.100000000000000000e+01	3.100000000000000000e+04	1.285384464316007858e+01
3.200000000000000000e+01	3.200000000000000000e+04	1.306655780079530338e+01
3.300000000000000000e+01	3.300000000000000000e+04	1.338839071690079408e+01
3.400000000000000000e+01	3.400000000000000000e+04	1.385233514457890358e+01
3.500000000000000000e+01	3.500000000000000000e+04	1.404640393351460581e+01
3.600000000000000000e+01	3.600000000000000000e+04	1.419699914294529997e+01
3.700000000000000000e+01	3.700000000000000000e+04	1.443187798662572341e+01
3.800000000000000000e+01	3.800000000000000000e+04	1.466154240451434987e+01
3.900000000000000000e+01	3.900000000000000000e+04	1.484983248728531713e+01
4.000000000000000000e+01	4.000000000000000000e+04	1.515774290581132355e+01
4.100000000000000000e+01	4.100000000000000000e+04	1.553949206009822248e+01
4.200000000000000000e+01	4.200000000000000000e+04	1.560533493883983880e+01
4.300000000000000000e+01	4.300000000000000000e+04	1.568078704927769351e+01
4.400000000000000000e+01	4.400000000000000000e+04	1.577971092956112109e+01
4.500000000000000000e+01	4.500000000000000000e+04	1.600204510895002485e+01
4.600000000000000000e+01	4.600000000000000000e+04	1.619550677874405764e+01
4.700000000000000000e+01	4.700000000000000000e+04	1.645633590040498362e+01
4.800000000000000000e+01	4.800000000000000000e+04	1.672913262255923783e+01
4.900000000000000000e+01	4.900000000000000000e+04	1.704747661706313622e+01
5.000000000000000000e+01	5.000000000000000000e+04	1.739054431201385142e+01
5.100000000000000000e+01	5.100000000000000000e+04	1.754952888684616141e+01
5.200000000000000000e+01	5.200000000000000000e+04	1.776769633578462759e+01
5.300000000000000000e+01	5.300000000000000000e+04	1.812285668925470716e+01
5.400000000000000000e+01	5.400000000000000000e+04	1.816776713108134800e+01
5.500000000000000000e+01	5.500000000000000000e+04	1.828089812995843744e+01
5.600000000000000000e+01	5.600000000000000000e+04	1.852636914106430055e+01
5.700000000000000000e+01	5.700000000000000000e+04	1.887297443727387858e+01
5.800000000000000000e+01	5.800000000000000000e+04	1.909347007549501640e+01
5.900000000000000000e+01	5.900000000000000000e+04	1.920178499377534465e+01
6.000000000000000000e+01	6.000000000000000000e+04	1.937510271754856817e+01
6.100000000000000000e+01	6.100000000000000000e+04	1.954985013079242862e+01
6.200000000000000000e+01	6.200000000000000000e+04	1.958547892117595168e+01
6.300000000000000000e+01	6.300000000000000000e+04	1.981753503717994036e+01
6.400000000000000000e+01	6.400000000000000000e+04	2.010296511090933436e+01
6.500000000000000000e+01	6.500000000000000000e+04	2.045487718136310207e+01
6.600000000000000000e+01	6.600000000000000000e+04	2.060613858876691751e+01
6.700000000000000000e+01	6.700000000000000000e+04	2.092063933836450573e+01
6.800000000000000000e+01	6.800000000000000000e+04	2.099172069061037149e+01
6.900000000000000000e+01	6.900000000000000000e+04	2.114684861571977237e+01
7.000000000000000000e+01	7.000000000000000000e+04	2.142455847231526533e+01
7.100000000000000000e+01	7.100000000000000000e+04	2.174965715308488257e+01
7.200000000000000000e+01	7.200000000000000000e+04	2.205917302445470796e+01
7.300000000000000000e+01	7.300000000000000000e+04	2.228100933754241098e+01
7.400000000000000000e+01	7.400000000000000000e+04	2.254795721490709681e+01
7.500000000000000000e+01	7.500000000000000000e+04	2.295359954810522396e+01
7.600000000000000000e+01	7.600000000000000000e+04	2.316642437896164708e+01
7.700000000000000000e+01	7.700000000000000000e+04	2.328975655953403034e+01
7.800000000000000000e+01	7.800000000000000000e+04	2.343348309592305867e+01
7.900000000000000000e+01	7.900000000000000000e+04	2.361732838439277415e+01
8.000000000000000000e+01	8.000000000000000000e+04	2.391815627245006226e+01
8.100000000000000000e+01	8.100000000000000000e+04	2.411563860318245744e+01
8.200000000000000000e+01	8.200000000000000000e+04	2.419216338748028861e+01
8.300000000000000000e+01	8.300000000000000000e+04	2.403788574375658627e+01
8.400000000000000000e+01	8.400000000000000000e+04	2.461247395218175527e+01
8.500000000000000000e+01	8.500000000000000000e+04	2.495078234982294063e+01
8.600000000000000000e+01	8.600000000000000000e+04	2.509058163246294981e+01
8.700000000000000000e+01	8.700000000000000000e+04	2.510197755121397734e+01
8.800000000000000000e+01	8.800000000000000000e+04	2.540743358610690450e+01
8.900000000000000000e+01	8.900000000000000000e+04	2.546263999932869027e+01
9.000000000000000000e+01	9.000000000000000000e+04	2.570754229734501806e+01
9.100000000000000000e+01	9.100000000000000000e+04	2.576794901672642979e+01
9.200000000000000000e+01	9.200000000000000000e+04	2.582515114724733962e+01
9.300000000000000000e+01	9.300000000000000000e+04	2.586539746273150797e+01
9.400000000000000000e+01	9.400000000000000000e+04	2.604759847882112567e+01
9.500000000000000000e+01	9.500000000000000000e+04	2.633731480152501092e+01
9.600000000000000000e+01	9.600000000000000000e+04	2.644153037460919364e+01
9.700000000000000000e+01	9.700000000000000000e+04	2.656665189664178328e+01
9.800000000000000000e+01	9.800000000000000000e+04	2.686684046085451882e+01
9.900000000000000000e+01	9.900000000000000000e+04	2.703140398191151306e+01
1.000000000000000000e+02	1.000000000000000000e+05	2.714679883033857166e+01
1.010000000000000000e+02	1.010000000000000000e+05	2.709719629558253118e+01
1.020000000000000000e+02	1.020000000000000000e+05	2.746565501288875666e+01
1.030000000000000000e+02	1.030000000000000000e+05	2.768711341814551474e+01
1.040000000000000000e+02	1.040000000000000000e+05	2.784616938885982051e+01
1.050000000000000000e+02	1.050000000000000000e+05	2.813620241145402190e+01
1.060000000000000000e+02	1.060000000000000000e+05	2.838608399346311373e+01
1.070000000000000000e+02	1.070000000000000000e+05	2.860679754439851408e+01
1.080000000000000000e+02	1.080000000000000000e+05	2.877030311207460755e+01
1.090000000000000000e+02	1.090000000000000000e+05	2.873884634277639805e+01
1.100000000000000000e+02	1.100000000000000000e+05	2.896496320171842953e+01
1.110000000000000000e+02	1.110000000000000000e+05	2.925339832170712029e+01
1.120000000000000000e+02	1.120000000000000000e+05	2.941782166648349772e+01
1.130000000000000000e+02	1.130000000000000000e+05	2.971765761901586700e+01
1.140000000000000000e+02	1.140000000000000000e+05	2.997417354674079704e+01
1.150000000000000000e+02	1.150000000000000000e+05	3.031074238382132080e+01
1.160000000000000000e+02	1.160000000000000000e+05	3.018259514560549661e+01
1.170000000000000000e+02	1.170000000000000000e+05	3.055932348750302197e+01
1.180000000000000000e+02	1.180000000000000000e+05	3.082697430387590387e+01
1.190000000000000000e+02	1.190000000000000000e+05	3.098176182756003882e+01
1.200000000000000000e+02	1.200000000000000000e+05	3.120007112194646126e+01
1.210000000000000000e+02	1.210000000000000000e+05	3.134239457613436741e+01
1.220000000000000000e+02	1.220000000000000000e+05	3.146473538243090218e+01
1.230000000000000000e+02	1.230000000000000000e+05	3.164616643083972392e+01
1.240000000000000000e+02	1.240000000000000000e+05	3.181728909534421845e+01
1.250000000000000000e+02	1.250000000000000000e+05	3.197048675951719687e+01
1.260000000000000000e+02	1.260000000000000000e+05	3.210710675069177000e+01
1.270000000000000000e+02	1.270000000000000000e+05	3.235370495596692564e+01
1.280000000000000000e+02	1.280000000000000000e+05	3.272892049106418710e+01
1.290000000000000000e+02	1.290000000000000000e+05	3.283444492113444113e+01
1.300000000000000000e+02	1.300000000000000000e+05	3.306743374248993916e+01
1.310000000000000000e+02	1.310000000000000000e+05	3.318015578517307063e+01
1.320000000000000000e+02	1.320000000000000000e+05	3.335794935233523972e+01
1.330000000000000000e+02	1.330000000000000000e+05	3.355987448136521323e+01
1.340000000000000000e+02	1.340000000000000000e+05	3.371800069566122460e+01
1.350000000000000000e+02	1.350000000000000000e+05	3.395064352423245424e+01
1.360000000000000000e+02	1.360000000000000000e+05	3.423108047221625583e+01
1.370000000000000000e+02	1.370000000000000000e+05	3.462713544126104637e+01
1.380000000000000000e+02	1.380000000000000000e+05	3.480899882739220175e+01
1.390000000000000000e+02	1.390000000000000000e+05	3.487082312632368541e+01
1.400000000000000000e+02	1.400000000000000000e+05	3.513605565168193579e+01
1.410000000000000000e+02	1.410000000000000000e+05	3.545751442810615117e+01
1.420000000000000000e+02	1.420000000000000000e+05	3.559767677526661345e+01
1.430000000000000000e+02	1.430000000000000000e+05	3.593285040454360058e+01
1.440000000000000000e+02	1.440000000000000000e+05	3.623280329924568122e+01
1.450000000000000000e+02	1.450000000000000000e+05	3.651577540944471423e+01
1.460000000000000000e+02	1.460000000000000000e+05	3.652353439296418713e+01
1.470000000000000000e+02	1.470000000000000000e+05	3.670196595877555268e+01
1.480000000000000000e+02	1.480000000000000000e+05	3.660530559042581444e+01
1.490000000000000000e+02	1.490000000000000000e+05	3.682476536445534521e+01
1.500000000000000000e+02	1.500000000000000000e+05	3.691791189376387905e+01
1.510000000000000000e+02	1.510000000000000000e+05	3.699766789970780678e+01
1.520000000000000000e+02	1.520000000000000000e+05	3.714433585486417400e+01
1.530000000000000000e+02	1.530000000000000000e+05	3.731584424810811385e+01
1.540000000000000000e+02	1.540000000000000000e+05	3.744081120999552326e+01
1.550000000000000000e+02	1.550000000000000000e+05	3.749178732832159966e+01
1.560000000000000000e+02	1.560000000000000000e+05	3.777270958251954625e+01
1.570000000000000000e+02	1.570000000000000000e+05	3.820291284691354861e+01
1.580000000000000000e+02	1.580000000000000000e+05	3.816145445345208742e+01
1.590000000000000000e+02	1.590000000000000000e+05	3.857514406656220274e+01
1.600000000000000000e+02	1.600000000000000000e+05	3.870021132687048748e+01
1.610000000000000000e+02	1.610000000000000000e+05	3.895779561612469877e+01
1.620000000000000000e+02	1.620000000000000000e+05	3.911567977331120716e+01
1.630000000000000000e+02	1.630000000000000000e+05	3.921441015594476198e+01
1.640000000000000000e+02	1.640000000000000000e+05	3.936124499597345761e+01
1.650000000000000000e+02	1.650000000000000000e+05	3.949378197609667751e+01
1.660000000000000000e+02	1.660000000000000000e+05	3.962865554257431455e+01
1.670000000000000000e+02	1.670000000000000000e+05	3.963139506275152968e+01
1.680000000000000000e+02	1.680000000000000000e+05	3.969284099069277261e+01
1.690000000000000000e+02	1.690000000000000000e+05	4.000528363039270374e+01
1.700000000000000000e+02	1.700000000000000000e+05	4.029671844816374460e+01
1.710000000000000000e+02	1.710000000000000000e+05	4.073268191014047801e+01
1.720000000000000000e+02	1.720000000000000000e+05	4.076065282136129042e+01
1.730000000000000000e+02	1.730000000000000000e+05	4.095849202852173221e+01
1.740000000000000000e+02	1.740000000000000000e+05	4.112322343145933701e+01
1.750000000000000000e+02	1.750000000000000000e+05	4.118056705273868801e+01
1.760000000000000000e+02	1.760000000000000000e+05	4.152296151951863834e+01
1.770000000000000000e+02	1.770000000000000000e+05	4.193240912404826304e+01
1.780000000000000000e+02	1.780000000000000000e+05	4.215731641130116003e+01
1.790000000000000000e+02	1.790000000000000000e+05	4.255852638417562162e+01
1.800000000000000000e+02	1.800000000000000000e+05	4.275236076734210400e+01
1.810000000000000000e+02	1.810000000000000000e+05	4.284371094277491210e+01
1.820000000000000000e+02	1.820000000000000000e+05	4.297082515985833595e+01
1.830000000000000000e+02	1.830000000000000000e+05	4.295916495077384667e+01
1.840000000000000000e+02	1.840000000000000000e+05	4.312860151586146884e+01
1.850000000000000000e+02	1.850000000000000000e+05	4.346955403363902093e+01
1.860000000000000000e+02	1.860000000000000000e+05	4.364732068771947127e+01
1.870000000000000000e+02	1.870000000000000000e+05	4.387681723680624657e+01
1.880000000000000000e+02	1.880000000000000000e+05	4.380726067433945303e+01
1.890000000000000000e+02	1.890000000000000000e+05	4.381657761138203711e+01
1.900000000000000000e+02	1.900000000000000000e+05	4.407946517245237317e+01
1.910000000000000000e+02	1.910000000000000000e+05	4.437784521493915690e+01
1.920000000000000000e+02	1.920000000000000000e+05	4.469309475414414123e+01
1.930000000000000000e+02	1.930000000000000000e+05	4.466813634620115181e+01
1.940000000000000000e+02	1.940000000000000000e+05	4.506628692338180286e+01
1.950000000000000000e+02	1.950000000000000000e+05	4.506373044527568084e+01
1.960000000000000000e+02	1.960000000000000000e+05	4.526949447991320596e+01
1.970000000000000000e+02	1.970000000000000000e+05	4.541922611032836699e+01
1.980000000000000000e+02	1.980000000000000000e+05	4.547738859132878275e+01
1.990000000000000000e+02	1.990000000000000000e+05	4.577098965626810667e+01
2.000000000000000000e+02	2.000000000000000000e+05	4.582698817112390088e+01
2.010000000000000000e+02	2.010000000000000000e+05	4.582170715167654862e+01
2.020000000000000000e+02	2.020000000000000000e+05	4.604766030164218193e+01
2.030000000000000000e+02	2.030000000000000000e+05	4.622658300661829145e+01
2.040000000000000000e+02	2.040000000000000000e+05	4.616545432535168914e+01
2.050000000000000000e+02	2.050000000000000000e+05	4.639526422709267450e+01
2.060000000000000000e+02	2.060000000000000000e+05	4.655340443964909980e+01
2.070000000000000000e+02	2.070000000000000000e+05	4.689764243888757278e+01
2.080000000000000000e+02	2.080000000000000000e+05	4.707337842160485764e+01
2.090000000000000000e+02	2.090000000000000000e+05	4.717657924509288847e+01
2.100000000000000000e+02	2.100000000000000000e+05	4.724092657942345852e+01
2.110000000000000000e+02	2.110000000000000000e+05	4.747644694028854673e+01
2.120000000000000000e+02	2.120000000000000000e+05	4.778056168316732055e+01
2.130000000000000000e+02	2.130000000000000000e+05	4.802170309403650350e+01
2.140000000000000000e+02	2.140000000000000000e+05	4.813288378935666856e+01
2.150000000000000000e+02	2.150000000000000000e+05	4.841527185598879868e+01
2.160000000000000000e+02	2.160000000000000000e+05	4.841405554377538323e+01
2.170000000000000000e+02	2.170000000000000000e+05	4.848186870672143556e+01
2.180000000000000000e+02	2.180000000000000000e+05	4.861614843039168221e+01
2.190000000000000000e+02	2.190000000000000000e+05	4.883522877685965113e+01
2.200000000000000000e+02	2.200000000000000000e+05	4.903818725798214473e+01
2.210000000000000000e+02	2.210000000000000000e+05	4.917246363159767952e+01
2.220000000000000000e+02	2.220000000000000000e+05	4.931068875803171636e+01
2.230000000000000000e+02	2.230000000000000000e+05	4.946172328198692725e+01
2.240000000000000000e+02	2.240000000000000000e+05	4.958427921743646039e+01
2.250000000000000000e+02	2.250000000000000000e+05	4.974870921579316985e+01
2.260000000000000000e+02	2.260000000000000000e+05	4.988358854805807852e+01
2.270000000000000000e+02	2.270000000000000000e+05	4.991266279184980448e+01
2.280000000000000000e+02	2.280000000000000000e+05	4.985386646585678960e+01
2.290000000000000000e+02	2.290000000000000000e+05	5.001649918744634959e+01
2.300000000000000000e+02	2.300000000000000000e+05	5.032454384885480891e+01
2.310000000000000000e+02	2.310000000000000000e+05	5.044566099475557053e+01
2.320000000000000000e+02	2.320000000000000000e+05	5.065387672018687937e+01
2.330000000000000000e+02	2.330000000000000000e+05	5.084621363940443217e+01
2.340000000000000000e+02	2.340000000000000000e+05	5.094816326108389148e+01
2.350000000000000000e+02	2.350000000000000000e+05	5.091502407487584492e+01
2.360000000000000000e+02	2.360000000000000000e+05	5.127798706814999008e+01
2.370000000000000000e+02	2.370000000000000000e+05	5.142393482399864268e+01
2.380000000000000000e+02	2.380000000000000000e+05	5.141734647531953328e+01
2.390000000000000000e+02	2.390000000000000000e+05	5.159120710103816521e+01
2.400000000000000000e+02	2.400000000000000000e+05	5.170383229545902992e+01
2.410000000000000000e+02	2.410000000000000000e+05	5.205630314882242970e+01
2.420000000000000000e+02	2.420000000000000000e+05	5.218087291338039790e+01
2.430000000000000000e+02	2.430000000000000000e+05	5.230608915694439531e+01
2.440000000000000000e+02	2.440000000000000000e+05	5.261271394908046517e+01
2.450000000000000000e+02	2.450000000000000000e+05	5.261940235210717276e+01
2.460000000000000000e+02	2.460000000000000000e+05	5.285908033662956740e+01
2.470000000000000000e+02	2.470000000000000000e+05	5.286101630018696795e+01
2.480000000000000000e+02	2.480000000000000000e+05	5.287727194402180686e+01
2.490000000000000000e+02	2.490000000000000000e+05	5.313581831942453704e+01
2.500000000000000000e+02	2.500000000000000000e+05	5.347129868384266160e+01
2.510000000000000000e+02	2.510000000000000000e+05	5.364718121381924476e+01
2.520000000000000000e+02	2.520000000000000000e+05	5.377995300302345072e+01
2.530000000000000000e+02	2.530000000000000000e+05	5.400203981088966998e+01
2.540000000000000000e+02	2.540000000000000000e+05	5.402004398683867947e+01
2.550000000000000000e+02	2.550000000000000000e+05	5.406478080500043149e+01
2.560000000000000000e+02	2.560000000000000000e+05	5.405893090944161372e+01
2.570000000000000000e+02	2.570000000000000000e+05	5.411639325445281656e+01
2.580000000000000000e+02	2.580000000000000000e+05	5.421220460733215418e+01
2.590000000000000000e+02	2.590000000000000000e+05	5.420335834106223416e+01
2.600000000000000000e+02	2.600000000000000000e+05	5.436091786948091453e+01
2.610000000000000000e+02	2.610000000000000000e+05	5.432131797540638729e+01
2.620000000000000000e+02	2.620000000000000000e+05	5.469605179617080637e+01
2.630000000000000000e+02	2.630000000000000000e+05	5.478398824689635660e+01
2.640000000000000000e+02	2.640000000000000000e+05	5.491571800819028226e+01
2.650000000000000000e+02	2.650000000000000000e+05	5.513220957371708408e+01
2.660000000000000000e+02	2.660000000000000000e+05	5.533978239800654109e+01
2.670000000000000000e+02	2.670000000000000000e+05	5.534932206166948276e+01
2.680000000000000000e+02	2.680000000000000000e+05	5.553995939021763206e+01
2.690000000000000000e+02	2.690000000000000000e+05	5.590718710725384000e+01
2.700000000000000000e+02	2.700000000000000000e+05	5.618149724958049518e+01
2.710000000000000000e+02	2.710000000000000000e+05	5.620724949610239918e+01
2.720000000000000000e+02	2.720000000000000000e+05	5.659181796674771903e+01
2.730000000000000000e+02	2.730000000000000000e+05	5.669128670577904927e+01
2.740000000000000000e+02	2.740000000000000000e+05	5.687588158754591916e+01
2.750000000000000000e+02	2.750000000000000000e+05	5.717182482537865695e+01
2.760000000000000000e+02	2.760000000000000000e+05	5.735927820691423307e+01
2.770000000000000000e+02	2.770000000000000000e+05	5.748345586788916961e+01
2.780000000000000000e+02	2.780000000000000000e+05	5.760552843215389629e+01
2.790000000000000000e+02	2.790000000000000000e+05	5.770743191222354795e+01
2.800000000000000000e+02	2.800000000000000000e+05	5.772183818102767106e+01
2.810000000000000000e+02	2.810000000000000000e+05	5.777397563020301874e+01
2.820000000000000000e+02	2.820000000000000000e+05	5.797625082338222313e+01
2.830000000000000000e+02	2.830000000000000000e+05	5.810845861639015908e+01
2.840000000000000000e+02	2.840000000000000000e+05	5.849383536858232446e+01
2.850000000000000000e+02	2.850000000000000000e+05	5.886225768539861036e+01
2.860000000000000000e+02	2.860000000000000000e+05	5.896905112707423768e+01
2.870000000000000000e+02	2.870000000000000000e+05	5.919532558329427729e+01
2.880000000000000000e+02	2.880000000000000000e+05	5.927681761875651034e+01
2.890000000000000000e+02	2.890000000000000000e+05	5.946617645522074014e+01
2.900000000000000000e+02	2.900000000000000000e+05	5.965588683108099843e+01
2.910000000000000000e+02	2.910000000000000000e+05	5.989916698844729126e+01
2.920000000000000000e+02	2.920000000000000000e+05	5.990669141050369717e+01
2.930000000000000000e+02	2.930000000000000000e+05	6.013743294116535765e+01
2.940000000000000000e+02	2.940000000000000000e+05	6.030724021838340576e+01
2.950000000000000000e+02	2.950000000000000000e+05	6.051545814796623546e+01
2.960000000000000000e+02	2.960000000000000000e+05	6.057999499096420948e+01
2.970000000000000000e+02	2.970000000000000000e+05	6.080035025977989704e+01
2.980000000000000000e+02	2.980000000000000000e+05	6.089361813364312326e+01
2.990000000000000000e+02	2.990000000000000000e+05	6.094768835056225242e+01
3.000000000000000000e+02	3.000000000000000000e+05	6.114853263209719358e+01
3.010000000000000000e+02	3.010000000000000000e+05	6.128181977320132034e+01
3.020000000000000000e+02	3.020000000000000000e+05	6.150861753444828395e+01
3.030000000000000000e+02	3.030000000000000000e+05	6.158605227660324033e+01
3.040000000000000000e+02	3.040000000000000000e+05	6.150439068638095819e+01
3.050000000000000000e+02	3.050000000000000000e+05	6.162999103657570998e+01
3.060000000000000000e+02	3.060000000000000000e+05	6.186901846611335998e+01
3.070000000000000000e+02	3.070000000000000000e+05	6.197676210072608427e+01
3.080000000000000000e+02	3.080000000000000000e+05	6.199215692034331937e+01
3.090000000000000000e+02	3.090000000000000000e+05	6.221506705380058122e+01
3.100000000000000000e+02	3.100000000000000000e+05	6.244905613748662176e+01
3.110000000000000000e+02	3.110000000000000000e+05	6.247275085613507173e+01
3.120000000000000000e+02	3.120000000000000000e+05	6.245757565701322989e+01
3.130000000000000000e+02	3.130000000000000000e+05	6.265980652502885562e+01
3.140000000000000000e+02	3.140000000000000000e+05	6.269793011904857138e+01
3.150000000000000000e+02	3.150000000000000000e+05	6.284498370069959350e+01
3.160000000000000000e+02	3.160000000000000000e+05	6.293164613537953045e+01
3.170000000000000000e+02	3.170000000000000000e+05	6.308953347055547312e+01
3.180000000000000000e+02	3.180000000000000000e+05	6.333459277715876112e+01
3.190000000000000000e+02	3.190000000000000000e+05	6.342239294827989227e+01
3.200000000000000000e+02	3.200000000000000000e+05	6.356896468939221734e+01
3.210000000000000000e+02	3.210000000000000000e+05	6.376836912507943111e+01
3.220000000000000000e+02	3.220000000000000000e+05	6.404596389842433268e+01
3.230000000000000000e+02	3.230000000000000000e+05	6.428009771971376551e+01
3.240000000000000000e+02	3.240000000000000000e+05	6.445453859615307124e+01
3.250000000000000000e+02	3.250000000000000000e+05	6.454124792317574588e+01
3.260000000000000000e+02	3.260000000000000000e+05	6.488096790401287706e+01
3.270000000000000000e+02	3.270000000000000000e+05	6.501262041340734754e+01
3.280000000000000000e+02	3.280000000000000000e+05	6.521106687131732826e+01
3.290000000000000000e+02	3.290000000000000000e+05	6.532860696118663668e+01
3.300000000000000000e+02	3.300000000000000000e+05	6.538792347147945350e+01
3.310000000000000000e+02	3.310000000000000000e+05	6.560890445412888994e+01
3.320000000000000000e+02	3.320000000000000000e+05	6.582548680719301615e+01
3.330000000000000000e+02	3.330000000000000000e+05	6.602669647715947576e+01
3.340000000000000000e+02	3.340000000000000000e+05	6.616366520467539658e+01
3.350000000000000000e+02	3.350000000000000000e+05	6.637676957885521745e+01
3.360000000000000000e+02	3.360000000000000000e+05	6.649153934688703771e+01
3.370000000000000000e+02	3.370000000000000000e+05	6.655698801464538406e+01
3.380000000000000000e+02	3.380000000000000000e+05	6.701072689893452150e+01
3.390000000000000000e+02	3.390000000000000000e+05	6.742268606330934233e+01
3.400000000000000000e+02	3.400000000000000000e+05	6.773469365136540432e+01
3.410000000000000000e+02	3.410000000000000000e+05	6.794038457779839746e+01
3.420000000000000000e+02	3.420000000000000000e+05	6.796597160944000393e+01
3.430000000000000000e+02	3.430000000000000000e+05	6.827508904980925308e+01
3.440000000000000000e+02	3.440000000000000000e+05	6.857931263846259640e+01
3.450000000000000000e+02	3.450000000000000000e+05	6.875444127739905298e+01
3.460000000000000000e+02	3.460000000000000000e+05	6.886268567658555639e+01
3.470000000000000000e+02	3.470000000000000000e+05	6.888154579980964343e+01
3.480000000000000000e+02	3.480000000000000000e+05	6.880179769966363779e+01
3.490000000000000000e+02	3.490000000000000000e+05	6.912816817971001626e+01
3.500000000000000000e+02	3.500000000000000000e+05	6.923805267585890988e+01
3.510000000000000000e+02	3.510000000000000000e+05	6.929282842604089865e+01
3.520000000000000000e+02	3.520000000000000000e+05	6.937667372486862405e+01
3.530000000000000000e+02	3.530000000000000000e+05	6.953439419246284103e+01
3.540000000000000000e+02	3.540000000000000000e+05	6.968663082713928247e+01
3.550000000000000000e+02	3.550000000000000000e+05	6.970690959522255525e+01
3.560000000000000000e+02	3.560000000000000000e+05	6.959744791746018677e+01
3.570000000000000000e+02	3.570000000000000000e+05	6.972838858491937231e+01
3.580000000000000000e+02	3.580000000000000000e+05	6.975890674865944163e+01
3.590000000000000000e+02	3.590000000000000000e+05	6.956169325512233570e+01
3.600000000000000000e+02	3.600000000000000000e+05	6.985203420380651096e+01
3.610000000000000000e+02	3.610000000000000000e+05	6.990438911407530043e+01
3.620000000000000000e+02	3.620000000000000000e+05	6.995385306021640304e+01
3.630000000000000000e+02	3.630000000000000000e+05	7.009032467315003601e+01
3.640000000000000000e+02	3.640000000000000000e+05	7.000010278616151993e+01
3.650000000000000000e+02	3.650000000000000000e+05	7.025442424813689968e+01
3.660000000000000000e+02	3.660000000000000000e+05	7.049133932414100912e+01
3.670000000000000000e+02	3.670000000000000000e+05	7.058173919200555702e+01
3.680000000000000000e+02	3.680000000000000000e+05	7.074451052834258746e+01
3.690000000000000000e+02	3.690000000000000000e+05	7.097027383981790649e+01
3.700000000000000000e+02	3.700000000000000000e+05	7.111232144962258417e+01
3.710000000000000000e+02	3.710000000000000000e+05	7.112461447965388572e+01
3.720000000000000000e+02	3.720000000000000000e+05	7.130518366448632150e+01
3.730000000000000000e+02	3.730000000000000000e+05	7.128082648486872586e+01
3.740000000000000000e+02	3.740000000000000000e+05	7.146751541622550974e+01
3.750000000000000000e+02	3.750000000000000000e+05	7.160460863839948331e+01
3.760000000000000000e+02	3.760000000000000000e+05	7.167270472660825931e+01
3.770000000000000000e+02	3.770000000000000000e+05	7.188531246432627597e+01
3.780000000000000000e+02	3.780000000000000000e+05	7.205884528375393927e+01
3.790000000000000000e+02	3.790000000000000000e+05	7.218265055427784205e+01
3.800000000000000000e+02	3.800000000000000000e+05	7.244603513031125885e+01
3.810000000000000000e+02	3.810000000000000000e+05	7.262292566516190107e+01
3.820000000000000000e+02	3.820000000000000000e+05	7.267020072460015001e+01
3.830000000000000000e+02	3.830000000000000000e+05	7.298788466145821019e+01
3.840000000000000000e+02	3.840000000000000000e+05	7.326520870195233215e+01
3.850000000000000000e+02	3.850000000000000000e+05	7.352346729782816226e+01
3.860000000000000000e+02	3.860000000000000000e+05	7.360501816123309027e+01
3.870000000000000000e+02	3.870000000000000000e+05	7.360057518830518575e+01
3.880000000000000000e+02	3.880000000000000000e+05	7.367711342213245018e+01
3.890000000000000000e+02	3.890000000000000000e+05	7.392757468461098824e+01
3.900000000000000000e+02	3.900000000000000000e+05	7.426930031200200233e+01
3.910000000000000000e+02	3.910000000000000000e+05	7.450245007339344738e+01
3.920000000000000000e+02	3.920000000000000000e+05	7.468952405746682643e+01
3.930000000000000000e+02	3.930000000000000000e+05	7.496631844617540708e+01
3.940000000000000000e+02	3.940000000000000000e+05	7.520705127514509059e+01
3.950000000000000000e+02	3.950000000000000000e+05	7.535844494567017193e+01
3.960000000000000000e+02	3.960000000000000000e+05	7.525051331387979303e+01
3.970000000000000000e+02	3.970000000000000000e+05	7.535258127326430611e+01
3.980000000000000000e+02	3.980000000000000000e+05	7.538371983751660821e+01
3.990000000000000000e+02	3.990000000000000000e+05	7.536513301115425634e+01
4.000000000000000000e+02	4.000000000000000000e+05	7.541953217042238578e+01
4.010000000000000000e+02	4.010000000000000000e+05	7.557415390947227252e+01
4.020000000000000000e+02	4.020000000000000000e+05	7.580585589376315170e+01
4.030000000000000000e+02	4.030000000000000000e+05	7.586498645197069379e+01
4.040000000000000000e+02	4.040000000000000000e+05	7.600020982049008467e+01
4.050000000000000000e+02	4.050000000000000000e+05	7.615185260427540470e+01
4.060000000000000000e+02	4.060000000000000000e+05	7.630091442533772295e+01
4.070000000000000000e+02	4.070000000000000000e+05	7.626705462217714171e+01
4.080000000000000000e+02	4.080000000000000000e+05	7.643013987143554289e+01
4.090000000000000000e+02	4.090000000000000000e+05	7.645646649011239049e+01
4.100000000000000000e+02	4.100000000000000000e+05	7.666669391807943157e+01
4.110000000000000000e+02	4.110000000000000000e+05	7.682822611637293164e+01
4.120000000000000000e+02	4.120000000000000000e+05	7.697708129433290480e+01
4.130000000000000000e+02	4.130000000000000000e+05	7.703323588373156383e+01
4.140000000000000000e+02	4.140000000000000000e+05	7.735463490073321680e+01
4.150000000000000000e+02	4.150000000000000000e+05	7.725406687667188521e+01
4.160000000000000000e+02	4.160000000000000000e+05	7.720825436267030284e+01
4.170000000000000000e+02	4.170000000000000000e+05	7.740641482843255972e+01
4.180000000000000000e+02	4.180000000000000000e+05	7.739817865262000396e+01
4.190000000000000000e+02	4.190000000000000000e+05	7.745274859320431915e+01
4.200000000000000000e+02	4.200000000000000000e+05	7.762043516080083805e+01
4.210000000000000000e+02	4.210000000000000000e+05	7.778050001541723191e+01
4.220000000000000000e+02	4.220000000000000000e+05	7.798439608625299968e+01
4.230000000000000000e+02	4.230000000000000000e+05	7.798135367739622836e+01
4.240000000000000000e+02	4.240000000000000000e+05	7.799214488955189495e+01
4.250000000000000000e+02	4.250000000000000000e+05	7.834378217644697884e+01
4.260000000000000000e+02	4.260000000000000000e+05	7.869131604572238814e+01
4.270000000000000000e+02	4.270000000000000000e+05	7.901805574002672472e+01
4.280000000000000000e+02	4.280000000000000000e+05	7.901462228449040026e+01
4.290000000000000000e+02	4.290000000000000000e+05	7.910726498292845577e+01
4.300000000000000000e+02	4.300000000000000000e+05	7.933469894829187297e+01
4.310000000000000000e+02	4.310000000000000000e+05	7.946496564728668943e+01
4.320000000000000000e+02	4.320000000000000000e+05	7.962047097289421060e+01
4.330000000000000000e+02	4.330000000000000000e+05	7.965190926284881812e+01
4.340000000000000000e+02	4.340000000000000000e+05	7.988312951059438660e+01
4.350000000000000000e+02	4.350000000000000000e+05	7.986288836565238114e+01
4.360000000000000000e+02	4.360000000000000000e+05	8.006407152630512769e+01
4.370000000000000000e+02	4.370000000000000000e+05	8.023319754338436383e+01
4.380000000000000000e+02	4.380000000000000000e+05	8.022702083506987947e+01
4.390000000000000000e+02	4.390000000000000000e+05	8.034285225367416672e+01
4.400000000000000000e+02	4.400000000000000000e+05	8.055306087349329403e+01
4.410000000000000000e+02	4.410000000000000000e+05	8.070052530125215640e+01
4.420000000000000000e+02	4.420000000000000000e+05	8.094211702996115321e+01
4.430000000000000000e+02	4.430000000000000000e+05	8.090923980526017090e+01
4.440000000000000000e+02	4.440000000000000000e+05	8.109198245617770340e+01
4.450000000000000000e+02	4.450000000000000000e+05	8.124182198627080709e+01
4.460000000000000000e+02	4.460000000000000000e+05	8.145708371610062670e+01
4.470000000000000000e+02	4.470000000000000000e+05	8.146539721997349659e+01
4.480000000000000000e+02	4.480000000000000000e+05	8.169739517166611620e+01
4.490000000000000000e+02	4.490000000000000000e+05	8.218056224518613817e+01
4.500000000000000000e+02	4.500000000000000000e+05	8.236493386109879111e+01
4.510000000000000000e+02	4.510000000000000000e+05	8.226003002694211830e+01
4.520000000000000000e+02	4.520000000000000000e+05	8.243685115332631597e+01
4.530000000000000000e+02	4.530000000000000000e+05	8.278003381784745329e+01
4.540000000000000000e+02	4.540000000000000000e+05	8.284841669715643775e+01
4.550000000000000000e+02	4.550000000000000000e+05	8.311762053896310931e+01
4.560000000000000000e+02	4.560000000000000000e+05	8.332603947265796762e+01
4.570000000000000000e+02	4.570000000000000000e+05	8.341276328091548464e+01
4.580000000000000000e+02	4.580000000000000000e+05	8.347132660993277398e+01
4.590000000000000000e+02	4.590000000000000000e+05	8.353038927516743684e+01
4.600000000000000000e+02	4.600000000000000000e+05	8.368538677758373012e+01
4.610000000000000000e+02	4.610000000000000000e+05	8.365692567955933612e+01
4.620000000000000000e+02	4.620000000000000000e+05	8.374014828042668057e+01
4.630000000000000000e+02	4.630000000000000000e+05	8.379548327914011452e+01
4.640000000000000000e+02	4.640000000000000000e+05	8.388002256889295438e+01
4.650000000000000000e+02	4.650000000000000000e+05	8.406338745097994547e+01
4.660000000000000000e+02	4.660000000000000000e+05	8.405642787576374531e+01
4.670000000000000000e+02	4.670000000000000000e+05	8.412046734046580809e+01
4.680000000000000000e+02	4.680000000000000000e+05	8.430996178677632713e+01
4.690000000000000000e+02	4.690000000000000000e+05	8.434143198314144740e+01
4.700000000000000000e+02	4.700000000000000000e+05	8.450132686533483195e+01
4.710000000000000000e+02	4.710000000000000000e+05	8.464082890207185983e+01
4.720000000000000000e+02	4.720000000000000000e+05	8.473799485191437952e+01
4.730000000000000000e+02	4.730000000000000000e+05	8.473952502758992011e+01
4.740000000000000000e+02	4.740000000000000000e+05	8.490499532106039737e+01
4.750000000000000000e+02	4.750000000000000000e+05	8.510944961130833519e+01
4.760000000000000000e+02	4.760000000000000000e+05	8.524172578258092869e+01
4.770000000000000000e+02	4.770000000000000000e+05	8.549952139794933714e+01
4.780000000000000000e+02	4.780000000000000000e+05	8.558768568490273765e+01
4.790000000000000000e+02	4.790000000000000000e+05	8.591839510880721775e+01
4.800000000000000000e+02	4.800000000000000000e+05	8.619465591069953803e+01
4.810000000000000000e+02	4.810000000000000000e+05	8.627941995561732824e+01
4.820000000000000000e+02	4.820000000000000000e+05	8.628861999455034493e+01
4.830000000000000000e+02	4.830000000000000000e+05	8.656616272896840769e+01
4.840000000000000000e+02	4.840000000000000000e+05	8.649648793083785847e+01
4.850000000000000000e+02	4.850000000000000000e+05	8.662751861118653096e+01
4.860000000000000000e+02	4.860000000000000000e+05	8.661864098358589104e+01
4.870000000000000000e+02	4.870000000000000000e+05	8.677300447312066467e+01
4.880000000000000000e+02	4.880000000000000000e+05	8.685791121414182214e+01
4.890000000000000000e+02	4.890000000000000000e+05	8.685461812045660679e+01
4.900000000000000000e+02	4.900000000000000000e+05	8.715126521085998945e+01
4.910000000000000000e+02	4.910000000000000000e+05	8.722476265919355853e+01
4.920000000000000000e+02	4.920000000000000000e+05	8.730537799368929086e+01
4.930000000000000000e+02	4.930000000000000000e+05	8.752739872005344068e+01
4.940000000000000000e+02	4.940000000000000000e+05	8.768544634557730433e+01
4.950000000000000000e+02	4.950000000000000000e+05	8.791006432154993888e+01
4.960000000000000000e+02	4.960000000000000000e+05	8.794020870457032402e+01
4.970000000000000000e+02	4.970000000000000000e+05	8.807297422216973359e+01
4.980000000000000000e+02	4.980000000000000000e+05	8.821392916494185954e+01
4.990000000000000000e+02	4.990000000000000000e+05	8.821624393032912792e+01
5.000000000000000000e+02	5.000000000000000000e+05	8.815246493204872991e+01
5.010000000000000000e+02	5.010000000000000000e+05	8.841513513796134305e+01
5.020000000000000000e+02	5.020000000000000000e+05	8.865145897942527142e+01
5.030000000000000000e+02	5.030000000000000000e+05	8.866447789565359017e+01
5.040000000000000000e+02	5.040000000000000000e+05	8.879484540793221470e+01
5.050000000000000000e+02	5.050000000000000000e+05	8.901354809127374779e+01
5.060000000000000000e+02	5.060000000000000000e+05	8.922023000981121754e+01
5.070000000000000000e+02	5.070000000000000000e+05	8.915375906680989715e+01
5.080000000000000000e+02	5.080000000000000000e+05	8.937834527539129681e+01
5.090000000000000000e+02	5.090000000000000000e+05	8.942401837432572620e+01
5.100000000000000000e+02	5.100000000000000000e+05	8.973528919206410137e+01
5.110000000000000000e+02	5.110000000000000000e+05	8.994767225295730384e+01
5.120000000000000000e+02	5.120000000000000000e+05	9.008403892300212590e+01
5.130000000000000000e+02	5.130000000000000000e+05	9.017941243475264912e+01
5.140000000000000000e+02	5.140000000000000000e+05	9.030820063744252479e+01
5.150000000000000000e+02	5.150000000000000000e+05	9.041517444721694119e+01
5.160000000000000000e+02	5.160000000000000000e+05	9.063309519093171218e+01
5.170000000000000000e+02	5.170000000000000000e+05	9.071599428889204830e+01
5.180000000000000000e+02	5.180000000000000000e+05	9.087783041723719180e+01
5.190000000000000000e+02	5.190000000000000000e+05	9.098051669492168969e+01
5.200000000000000000e+02	5.200000000000000000e+05	9.105124056859611414e+01
5.210000000000000000e+02	5.210000000000000000e+05	9.109288115276120834e+01
5.220000000000000000e+02	5.220000000000000000e+05	9.100884486948102392e+01
5.230000000000000000e+02	5.230000000000000000e+05	9.094032286230468287e+01
5.240000000000000000e+02	5.240000000000000000e+05	9.122471035390090321e+01
5.250000000000000000e+02	5.250000000000000000e+05	9.144749180504220476e+01
5.260000000000000000e+02	5.260000000000000000e+05	9.151589606663002030e+01
5.270000000000000000e+02	5.270000000000000000e+05	9.173038121517383559e+01
5.280000000000000000e+02	5.280000000000000000e+05	9.200908605688158559e+01
5.290000000000000000e+02	5.290000000000000000e+05	9.201349658476151205e+01
5.300000000000000000e+02	5.300000000000000000e+05	9.219585119196361234e+01
5.310000000000000000e+02	5.310000000000000000e+05	9.236325522110244890e+01
5.320000000000000000e+02	5.320000000000000000e+05	9.245434444474692270e+01
5.330000000000000000e+02	5.330000000000000000e+05	9.259676061732119479e+01
5.340000000000000000e+02	5.340000000000000000e+05	9.267824706748548635e+01
5.350000000000000000e+02	5.350000000000000000e+05	9.265565290148681754e+01
5.360000000000000000e+02	5.360000000000000000e+05	9.273964215704754110e+01
5.370000000000000000e+02	5.370000000000000000e+05	9.274033870521768108e+01
5.380000000000000000e+02	5.380000000000000000e+05	9.277094566443513202e+01
5.390000000000000000e+02	5.390000000000000000e+05	9.276093624811673521e+01
5.400000000000000000e+02	5.400000000000000000e+05	9.274680216231516283e+01
5.410000000000000000e+02	5.410000000000000000e+05	9.292426980948303594e+01
5.420000000000000000e+02	5.420000000000000000e+05	9.309336535175185645e+01
5.430000000000000000e+02	5.430000000000000000e+05	9.327194054266199430e+01
5.440000000000000000e+02	5.440000000000000000e+05	9.325711583096911284e+01
5.450000000000000000e+02	5.450000000000000000e+05	9.340646736222286961e+01
5.460000000000000000e+02	5.460000000000000000e+05	9.347314898479274348e+01
5.470000000000000000e+02	5.470000000000000000e+05	9.359476969183589290e+01
5.480000000000000000e+02	5.480000000000000000e+05	9.373210978400391014e+01
5.490000000000000000e+02	5.490000000000000000e+05	9.384633000443905360e+01
5.500000000000000000e+02	5.500000000000000000e+05	9.375874119266507023e+01
5.510000000000000000e+02	5.510000000000000000e+05	9.400980302272768085e+01
5.520000000000000000e+02	5.520000000000000000e+05	9.425276547993098575e+01
5.530000000000000000e+02	5.530000000000000000e+05	9.442060437809232099e+01
5.540000000000000000e+02	5.540000000000000000e+05	9.464924045659019214e+01
5.550000000000000000e+02	5.550000000000000000e+05	9.463804460755892478e+01
5.560000000000000000e+02	5.560000000000000000e+05	9.455461513427917453e+01
5.570000000000000000e+02	5.570000000000000000e+05	9.472999213374994554e+01
5.580000000000000000e+02	5.580000000000000000e+05	9.481826001492531475e+01
5.590000000000000000e+02	5.590000000000000000e+05	9.488272218832389626e+01
5.600000000000000000e+02	5.600000000000000000e+05	9.508457343978555798e+01
5.610000000000000000e+02	5.610000000000000000e+05	9.502381929837203245e+01
5.620000000000000000e+02	5.620000000000000000e+05	9.504794015285747832e+01
5.630000000000000000e+02	5.630000000000000000e+05	9.527472445296210424e+01
5.640000000000000000e+02	5.640000000000000000e+05	9.546671845290207159e+01
5.650000000000000000e+02	5.650000000000000000e+05	9.559950091579125342e+01
5.660000000000000000e+02	5.660000000000000000e+05	9.578655629721481546e+01
5.670000000000000000e+02	5.670000000000000000e+05	9.592098995210542967e+01
5.680000000000000000e+02	5.680000000000000000e+05	9.605010203455175599e+01
5.690000000000000000e+02	5.690000000000000000e+05	9.623053420056756124e+01
5.700000000000000000e+02	5.700000000000000000e+05	9.607211996930240616e+01
5.710000000000000000e+02	5.710000000000000000e+05	9.613377321791651298e+01
5.720000000000000000e+02	5.720000000000000000e+05	9.632393603290671535e+01
5.730000000000000000e+02	5.730000000000000000e+05	9.648516389811665306e+01
5.740000000000000000e+02	5.740000000000000000e+05	9.666846478764136918e+01
5.750000000000000000e+02	5.750000000000000000e+05	9.680741449412721522e+01
5.760000000000000000e+02	5.760000000000000000e+05	9.692102924825442756e+01
5.770000000000000000e+02	5.770000000000000000e+05	9.701964429745984830e+01
5.780000000000000000e+02	5.780000000000000000e+05	9.711492847086880431e+01
5.790000000000000000e+02	5.790000000000000000e+05	9.717143729043861811e+01
5.800000000000000000e+02	5.800000000000000000e+05	9.709219871985656880e+01
5.810000000000000000e+02	5.810000000000000000e+05	9.712093019294985652e+01
5.820000000000000000e+02	5.820000000000000000e+05	9.724838104364667402e+01
5.830000000000000000e+02	5.830000000000000000e+05	9.734747707112029502e+01
5.840000000000000000e+02	5.840000000000000000e+05	9.719891580779194840e+01
5.850000000000000000e+02	5.850000000000000000e+05	9.733726650517810697e+01
5.860000000000000000e+02	5.860000000000000000e+05	9.758770150007244126e+01
5.870000000000000000e+02	5.870000000000000000e+05	9.774007779410008823e+01
5.880000000000000000e+02	5.880000000000000000e+05	9.793832942855505053e+01
5.890000000000000000e+02	5.890000000000000000e+05	9.809437561206503631e+01
5.900000000000000000e+02	5.900000000000000000e+05	9.808135196518421139e+01
5.910000000000000000e+02	5.910000000000000000e+05	9.819750175428139016e+01
5.920000000000000000e+02	5.920000000000000000e+05	9.828636938722816296e+01
5.930000000000000000e+02	5.930000000000000000e+05	9.850641957174455854e+01
5.940000000000000000e+02	5.940000000000000000e+05	9.860107722442666045e+01
5.950000000000000000e+02	5.950000000000000000e+05	9.849136072449002199e+01
5.960000000000000000e+02	5.960000000000000000e+05	9.874095333420426357e+01
5.970000000000000000e+02	5.970000000000000000e+05	9.903131242795849687e+01
5.980000000000000000e+02	5.980000000000000000e+05	9.912807843076735992e+01
5.990000000000000000e+02	5.990000000000000000e+05	9.928855262882689203e+01
6.000000000000000000e+02	6.000000000000000000e+05	9.945284480177508613e+01
6.010000000000000000e+02	6.010000000000000000e+05	9.941768836291674916e+01
6.020000000000000000e+02	6.020000000000000000e+05	9.952303857623824968e+01
6.030000000000000000e+02	6.030000000000000000e+05	9.965855318034638799e+01
6.040000000000000000e+02	6.040000000000000000e+05	9.985842478595102989e+01
6.050000000000000000e+02	6.050000000000000000e+05	1.001704875643215473e+02
6.060000000000000000e+02	6.060000000000000000e+05	1.004248152041870128e+02
6.070000000000000000e+02	6.070000000000000000e+05	1.003660393431345597e+02
6.080000000000000000e+02	6.080000000000000000e+05	1.004969083067886402e+02
6.090000000000000000e+02	6.090000000000000000e+05	1.007475402425113344e+02
6.100000000000000000e+02	6.100000000000000000e+05	1.007450714129891622e+02
6.110000000000000000e+02	6.110000000000000000e+05	1.006962051984930469e+02
6.120000000000000000e+02	6.120000000000000000e+05	1.008187648287462963e+02
6.130000000000000000e+02	6.130000000000000000e+05	1.010653857839437961e+02
6.140000000000000000e+02	6.140000000000000000e+05	1.013411468891180078e+02
6.150000000000000000e+02	6.150000000000000000e+05	1.013518280757848942e+02
6.160000000000000000e+02	6.160000000000000000e+05	1.016363991224623220e+02
6.170000000000000000e+02	6.170000000000000000e+05	1.016242385969149922e+02
6.180000000000000000e+02	6.180000000000000000e+05	1.016493913939559519e+02
6.190000000000000000e+02	6.190000000000000000e+05	1.019281609478333337e+02
6.200000000000000000e+02	6.200000000000000000e+05	1.022467661897578353e+02
6.210000000000000000e+02	6.210000000000000000e+05	1.022721473846827678e+02
6.220000000000000000e+02	6.220000000000000000e+05	1.022251241618828459e+02
6.230000000000000000e+02	6.230000000000000000e+05	1.024512196798318229e+02
6.240000000000000000e+02	6.240000000000000000e+05	1.027472466317110502e+02
6.250000000000000000e+02	6.250000000000000000e+05	1.027236049982650314e+02
6.260000000000000000e+02	6.260000000000000000e+05	1.027130914447989483e+02
6.270000000000000000e+02	6.270000000000000000e+05	1.028089728687819928e+02
6.280000000000000000e+02	6.280000000000000000e+05	1.029113282857772305e+02
6.290000000000000000e+02	6.290000000000000000e+05	1.029103209461663084e+02
6.300000000000000000e+02	6.300000000000000000e+05	1.029878393444004274e+02
6.310000000000000000e+02	6.310000000000000000e+05	1.030511288077335195e+02
6.320000000000000000e+02	6.320000000000000000e+05	1.032415431198221825e+02
6.330000000000000000e+02	6.330000000000000000e+05	1.034794838791762004e+02
6.340000000000000000e+02	6.340000000000000000e+05	1.035650948497401060e+02
6.350000000000000000e+02	6.350000000000000000e+05	1.037044776441818783e+02
6.360000000000000000e+02	6.360000000000000000e+05	1.038225013960591809e+02
6.370000000000000000e+02	6.370000000000000000e+05	1.038625629794213410e+02
6.380000000000000000e+02	6.380000000000000000e+05	1.040429107829582449e+02
6.390000000000000000e+02	6.390000000000000000e+05	1.042590170603616571e+02
6.400000000000000000e+02	6.400000000000000000e+05	1.045060895597612927e+02
6.410000000000000000e+02	6.410000000000000000e+05	1.046424332227758214e+02
6.420000000000000000e+02	6.420000000000000000e+05	1.048260000015910833e+02
6.430000000000000000e+02	6.430000000000000000e+05	1.049716114571588719e+02
6.440000000000000000e+02	6.440000000000000000e+05	1.051606649721149154e+02
6.450000000000000000e+02	6.450000000000000000e+05	1.051413835190551538e+02
6.460000000000000000e+02	6.460000000000000000e+05	1.052551157337765346e+02
6.470000000000000000e+02	6.470000000000000000e+05	1.054060582310777789e+02
6.480000000000000000e+02	6.480000000000000000e+05	1.055756713192253358e+02
6.490000000000000000e+02	6.490000000000000000e+05	1.057246596734471353e+02
6.500000000000000000e+02	6.500000000000000000e+05	1.057253281895519734e+02
6.510000000000000000e+02	6.510000000000000000e+05	1.058011132320530976e+02
6.520000000000000000e+02	6.520000000000000000e+05	1.057980034104045330e+02
6.530000000000000000e+02	6.530000000000000000e+05	1.060889721153343004e+02
6.540000000000000000e+02	6.540000000000000000e+05	1.062504067161137584e+02
6.550000000000000000e+02	6.550000000000000000e+05	1.061625208563891078e+02
6.560000000000000000e+02	6.560000000000000000e+05	1.062777139864641356e+02
6.570000000000000000e+02	6.570000000000000000e+05	1.065423666287053379e+02
6.580000000000000000e+02	6.580000000000000000e+05	1.066001602514151045e+02
6.590000000000000000e+02	6.590000000000000000e+05	1.067402409604490288e+02
6.600000000000000000e+02	6.600000000000000000e+05	1.068067739015212680e+02
6.610000000000000000e+02	6.610000000000000000e+05	1.066449532313689872e+02
6.620000000000000000e+02	6.620000000000000000e+05	1.068717287792900095e+02
6.630000000000000000e+02	6.630000000000000000e+05	1.068405811316269478e+02
6.640000000000000000e+02	6.640000000000000000e+05	1.069937935979275210e+02
6.650000000000000000e+02	6.650000000000000000e+05	1.071944051083806499e+02
6.660000000000000000e+02	6.660000000000000000e+05	1.073256620010325975e+02
6.670000000000000000e+02	6.670000000000000000e+05	1.074108906309516271e+02
6.680000000000000000e+02	6.680000000000000000e+05	1.075510187783811631e+02
6.690000000000000000e+02	6.690000000000000000e+05	1.077924731472481170e+02
6.700000000000000000e+02	6.700000000000000000e+05	1.079046409800224637e+02
6.710000000000000000e+02	6.710000000000000000e+05	1.080406764715436196e+02
6.720000000000000000e+02	6.720000000000000000e+05	1.081166763694710085e+02
6.730000000000000000e+02	6.730000000000000000e+05	1.083468361388427610e+02
6.740000000000000000e+02	6.740000000000000000e+05	1.082891157118294103e+02
6.750000000000000000e+02	6.750000000000000000e+05	1.082954125962909444e+02
6.760000000000000000e+02	6.760000000000000000e+05	1.084343758014531858e+02
6.770000000000000000e+02	6.770000000000000000e+05	1.086241602913648876e+02
6.780000000000000000e+02	6.780000000000000000e+05	1.087723129864274796e+02
6.790000000000000000e+02	6.790000000000000000e+05	1.087880752061803236e+02
6.800000000000000000e+02	6.800000000000000000e+05	1.089079756422010234e+02
6.810000000000000000e+02	6.810000000000000000e+05	1.090212655424131327e+02
6.820000000000000000e+02	6.820000000000000000e+05	1.089902962826890587e+02
6.830000000000000000e+02	6.830000000000000000e+05	1.090927812513693880e+02
6.840000000000000000e+02	6.840000000000000000e+05	1.095366822223834333e+02
6.850000000000000000e+02	6.850000000000000000e+05	1.096607094566879681e+02
6.860000000000000000e+02	6.860000000000000000e+05	1.100452088676817368e+02
6.870000000000000000e+02	6.870000000000000000e+05	1.100970358639445692e+02
6.880000000000000000e+02	6.880000000000000000e+05	1.100982364700461602e+02
6.890000000000000000e+02	6.890000000000000000e+05	1.102167724592009819e+02
6.900000000000000000e+02	6.900000000000000000e+05	1.102598056700561386e+02
6.910000000000000000e+02	6.910000000000000000e+05	1.103162898956456246e+02
6.920000000000000000e+02	6.920000000000000000e+05	1.102669763194703592e+02
6.930000000000000000e+02	6.930000000000000000e+05	1.103372898752217850e+02
6.940000000000000000e+02	6.940000000000000000e+05	1.105293787764746014e+02
6.950000000000000000e+02	6.950000000000000000e+05	1.104885151922464388e+02
6.960000000000000000e+02	6.960000000000000000e+05	1.105702940999028527e+02
6.970000000000000000e+02	6.970000000000000000e+05	1.108004339387714765e+02
6.980000000000000000e+02	6.980000000000000000e+05	1.109416628400045965e+02
6.990000000000000000e+02	6.990000000000000000e+05	1.109985346652046587e+02
7.000000000000000000e+02	7.000000000000000000e+05	1.109853400993346639e+02
7.010000000000000000e+02	7.010000000000000000e+05	1.110297218872203047e+02
7.020000000000000000e+02	7.020000000000000000e+05	1.112368319994758821e+02
7.030000000000000000e+02	7.030000000000000000e+05	1.112297471408537035e+02
7.040000000000000000e+02	7.040000000000000000e+05	1.113208618170660316e+02
7.050000000000000000e+02	7.050000000000000000e+05	1.113707231839757270e+02
7.060000000000000000e+02	7.060000000000000000e+05	1.115754801388082740e+02
7.070000000000000000e+02	7.070000000000000000e+05	1.116677232596916838e+02
7.080000000000000000e+02	7.080000000000000000e+05	1.117478278023960314e+02
7.090000000000000000e+02	7.090000000000000000e+05	1.119764705424326934e+02
7.100000000000000000e+02	7.100000000000000000e+05	1.119415256888544832e+02
7.110000000000000000e+02	7.110000000000000000e+05	1.118360232767797271e+02
7.120000000000000000e+02	7.120000000000000000e+05	1.119757507799869387e+02
7.130000000000000000e+02	7.130000000000000000e+05	1.121874075974025828e+02
7.140000000000000000e+02	7.140000000000000000e+05	1.124781181790230136e+02
7.150000000000000000e+02	7.150000000000000000e+05	1.125193987773989335e+02
7.160000000000000000e+02	7.160000000000000000e+05	1.126045642993847196e+02
7.170000000000000000e+02	7.170000000000000000e+05	1.126954765973930677e+02
7.180000000000000000e+02	7.180000000000000000e+05	1.127536466460387459e+02
7.190000000000000000e+02	7.190000000000000000e+05	1.129986542970862473e+02
7.200000000000000000e+02	7.200000000000000000e+05	1.130250954951820148e+02
7.210000000000000000e+02	7.210000000000000000e+05	1.131331721814573115e+02
7.220000000000000000e+02	7.220000000000000000e+05	1.132441909881717379e+02
7.230000000000000000e+02	7.230000000000000000e+05	1.133384106483849365e+02
7.240000000000000000e+02	7.240000000000000000e+05	1.133248414080152031e+02
7.250000000000000000e+02	7.250000000000000000e+05	1.133644056839659129e+02
7.260000000000000000e+02	7.260000000000000000e+05	1.134957626656725722e+02
7.270000000000000000e+02	7.270000000000000000e+05	1.135742181216454725e+02
7.280000000000000000e+02	7.280000000000000000e+05	1.137413295679201326e+02
7.290000000000000000e+02	7.290000000000000000e+05	1.137385067230939626e+02
7.300000000000000000e+02	7.300000000000000000e+05	1.136586805552987300e+02
7.310000000000000000e+02	7.310000000000000000e+05	1.136287784396962479e+02
7.320000000000000000e+02	7.320000000000000000e+05	1.136930296485908514e+02
7.330000000000000000e+02	7.330000000000000000e+05	1.135712130864512091e+02
7.340000000000000000e+02	7.340000000000000000e+05	1.138161903784376818e+02
7.350000000000000000e+02	7.350000000000000000e+05	1.138093241811243104e+02
7.360000000000000000e+02	7.360000000000000000e+05	1.139884319959359260e+02
7.370000000000000000e+02	7.370000000000000000e+05	1.141530518030533585e+02
7.380000000000000000e+02	7.380000000000000000e+05	1.145100248557581892e+02
7.390000000000000000e+02	7.390000000000000000e+05	1.146065972203051047e+02
7.400000000000000000e+02	7.400000000000000000e+05	1.146417853120180581e+02
7.410000000000000000e+02	7.410000000000000000e+05	1.149060331880731383e+02
7.420000000000000000e+02	7.420000000000000000e+05	1.149223970685172844e+02
7.430000000000000000e+02	7.430000000000000000e+05	1.150500189892155163e+02
7.440000000000000000e+02	7.440000000000000000e+05	1.150708913554724262e+02
7.450000000000000000e+02	7.450000000000000000e+05	1.153908851318476820e+02
7.460000000000000000e+02	7.460000000000000000e+05	1.155749535421797134e+02
7.470000000000000000e+02	7.470000000000000000e+05	1.158421555776067180e+02
7.480000000000000000e+02	7.480000000000000000e+05	1.158913332982283890e+02
7.490000000000000000e+02	7.490000000000000000e+05	1.160150122717814014e+02
7.500000000000000000e+02	7.500000000000000000e+05	1.161455322691696921e+02
7.510000000000000000e+02	7.510000000000000000e+05	1.160903065307191184e+02
7.520000000000000000e+02	7.520000000000000000e+05	1.160527909304592811e+02
7.530000000000000000e+02	7.530000000000000000e+05	1.160616278922903604e+02
7.540000000000000000e+02	7.540000000000000000e+05	1.161432554478884498e+02
7.550000000000000000e+02	7.550000000000000000e+05	1.161703797644082528e+02
7.560000000000000000e+02	7.560000000000000000e+05	1.163854936111322900e+02
7.570000000000000000e+02	7.570000000000000000e+05	1.163037773279807396e+02
7.580000000000000000e+02	7.580000000000000000e+05	1.163117665905698885e+02
7.590000000000000000e+02	7.590000000000000000e+05	1.164506038289263046e+02
7.600000000000000000e+02	7.600000000000000000e+05	1.163975881277800966e+02
7.610000000000000000e+02	7.610000000000000000e+05	1.164343249921891328e+02
7.620000000000000000e+02	7.620000000000000000e+05	1.165196052701058136e+02
7.630000000000000000e+02	7.630000000000000000e+05	1.165698045976588872e+02
7.640000000000000000e+02	7.640000000000000000e+05	1.165573845221102545e+02
7.650000000000000000e+02	7.650000000000000000e+05	1.166566224521656352e+02
7.660000000000000000e+02	7.660000000000000000e+05	1.165718837690192657e+02
7.670000000000000000e+02	7.670000000000000000e+05	1.166441414659170590e+02
7.680000000000000000e+02	7.680000000000000000e+05	1.166830811586290650e+02
7.690000000000000000e+02	7.690000000000000000e+05	1.169207516932059292e+02
7.700000000000000000e+02	7.700000000000000000e+05	1.170002100456744216e+02
7.710000000000000000e+02	7.710000000000000000e+05	1.171562474576581252e+02
7.720000000000000000e+02	7.720000000000000000e+05	1.174421227222781283e+02
7.730000000000000000e+02	7.730000000000000000e+05	1.176819529319225239e+02
7.740000000000000000e+02	7.740000000000000000e+05	1.177047835442974559e+02
7.750000000000000000e+02	7.750000000000000000e+05	1.178044441246072580e+02
7.760000000000000000e+02	7.760000000000000000e+05	1.180230278673855935e+02
7.770000000000000000e+02	7.770000000000000000e+05	1.181891704881790019e+02
7.780000000000000000e+02	7.780000000000000000e+05	1.182618586053019669e+02
7.790000000000000000e+02	7.790000000000000000e+05	1.185139539785878782e+02
7.800000000000000000e+02	7.800000000000000000e+05	1.187564648538969294e+02
7.810000000000000000e+02	7.810000000000000000e+05	1.188569998667522185e+02
7.820000000000000000e+02	7.820000000000000000e+05	1.188970929118494979e+02
7.830000000000000000e+02	7.830000000000000000e+05	1.190850292355101203e+02
7.840000000000000000e+02	7.840000000000000000e+05	1.191334248364725426e+02
7.850000000000000000e+02	7.850000000000000000e+05	1.194429835048202619e+02
7.860000000000000000e+02	7.860000000000000000e+05	1.196056046244996480e+02
7.870000000000000000e+02	7.870000000000000000e+05	1.197276700343313394e+02
7.880000000000000000e+02	7.880000000000000000e+05	1.199527804800579105e+02
7.890000000000000000e+02	7.890000000000000000e+05	1.200907284230073344e+02
7.900000000000000000e+02	7.900000000000000000e+05	1.199760478704809543e+02
7.910000000000000000e+02	7.910000000000000000e+05	1.202273069569041013e+02
7.920000000000000000e+02	7.920000000000000000e+05	1.205297560135722676e+02
7.930000000000000000e+02	7.930000000000000000e+05	1.207761679046639074e+02
7.940000000000000000e+02	7.940000000000000000e+05	1.209463783853248771e+02
7.950000000000000000e+02	7.950000000000000000e+05	1.210331990276200713e+02
7.960000000000000000e+02	7.960000000000000000e+05	1.212169927223699375e+02
7.970000000000000000e+02	7.970000000000000000e+05	1.213723483183019880e+02
7.980000000000000000e+02	7.980000000000000000e+05	1.213489442509967944e+02
7.990000000000000000e+02	7.990000000000000000e+05	1.214517031446768698e+02
8.000000000000000000e+02	8.000000000000000000e+05	1.216818595230054427e+02
8.010000000000000000e+02	8.010000000000000000e+05	1.216974598227691473e+02
8.020000000000000000e+02	8.020000000000000000e+05	1.215695070386587986e+02
8.030000000000000000e+02	8.030000000000000000e+05	1.217049186776949057e+02
8.040000000000000000e+02	8.040000000000000000e+05	1.219376167873417245e+02
8.050000000000000000e+02	8.050000000000000000e+05	1.219355384670942328e+02
8.060000000000000000e+02	8.060000000000000000e+05	1.221770294961910963e+02
8.070000000000000000e+02	8.070000000000000000e+05	1.222397996863082597e+02
8.080000000000000000e+02	8.080000000000000000e+05	1.223429261008838154e+02
8.090000000000000000e+02	8.090000000000000000e+05	1.225282000286312893e+02
8.100000000000000000e+02	8.100000000000000000e+05	1.225277306468986467e+02
8.110000000000000000e+02	8.110000000000000000e+05	1.226865338297821069e+02
8.120000000000000000e+02	8.120000000000000000e+05	1.227804822895582220e+02
8.130000000000000000e+02	8.130000000000000000e+05	1.229668581118928898e+02
8.140000000000000000e+02	8.140000000000000000e+05	1.228710915437954583e+02
8.150000000000000000e+02	8.150000000000000000e+05	1.229371919383414422e+02
8.160000000000000000e+02	8.160000000000000000e+05	1.230969208729753461e+02
8.170000000000000000e+02	8.170000000000000000e+05	1.233581628005293425e+02
8.180000000000000000e+02	8.180000000000000000e+05	1.235425609037513368e+02
8.190000000000000000e+02	8.190000000000000000e+05	1.237266489752081782e+02
8.200000000000000000e+02	8.200000000000000000e+05	1.238582402959154507e+02
8.210000000000000000e+02	8.210000000000000000e+05	1.239428156620138708e+02
8.220000000000000000e+02	8.220000000000000000e+05	1.241446804795999981e+02
8.230000000000000000e+02	8.230000000000000000e+05	1.243943892923510361e+02
8.240000000000000000e+02	8.240000000000000000e+05	1.244497238528789040e+02
8.250000000000000000e+02	8.250000000000000000e+05	1.244295939432384017e+02
8.260000000000000000e+02	8.260000000000000000e+05	1.244999064684359382e+02
8.270000000000000000e+02	8.270000000000000000e+05	1.245448662517123068e+02
8.280000000000000000e+02	8.280000000000000000e+05	1.246453120449430401e+02
8.290000000000000000e+02	8.290000000000000000e+05	1.247860794305453851e+02
8.300000000000000000e+02	8.300000000000000000e+05	1.247882508846416840e+02
8.310000000000000000e+02	8.310000000000000000e+05	1.245731852289766266e+02
8.320000000000000000e+02	8.320000000000000000e+05	1.244986858334733313e+02
8.330000000000000000e+02	8.330000000000000000e+05	1.247151011776718690e+02
8.340000000000000000e+02	8.340000000000000000e+05	1.244439894856211879e+02
8.350000000000000000e+02	8.350000000000000000e+05	1.243637181539405390e+02
8.360000000000000000e+02	8.360000000000000000e+05	1.244264934538909984e+02
8.370000000000000000e+02	8.370000000000000000e+05	1.245246087086215425e+02
8.380000000000000000e+02	8.380000000000000000e+05	1.246235240755092377e+02
8.390000000000000000e+02	8.390000000000000000e+05	1.249379927302625646e+02
8.400000000000000000e+02	8.400000000000000000e+05	1.249188223071499522e+02
8.410000000000000000e+02	8.410000000000000000e+05	1.249082607851888724e+02
8.420000000000000000e+02	8.420000000000000000e+05	1.251183383169750130e+02
8.430000000000000000e+02	8.430000000000000000e+05	1.253699118970784099e+02
8.440000000000000000e+02	8.440000000000000000e+05	1.254896134552156752e+02
8.450000000000000000e+02	8.450000000000000000e+05	1.256249840431310929e+02
8.460000000000000000e+02	8.460000000000000000e+05	1.256841205856859602e+02
8.470000000000000000e+02	8.470000000000000000e+05	1.258265590211577205e+02
8.480000000000000000e+02	8.480000000000000000e+05	1.260738499142026114e+02
8.490000000000000000e+02	8.490000000000000000e+05	1.262040620069426495e+02
8.500000000000000000e+02	8.500000000000000000e+05	1.262157337252363760e+02
8.510000000000000000e+02	8.510000000000000000e+05	1.262394567413945481e+02
8.520000000000000000e+02	8.520000000000000000e+05	1.261500271704706080e+02
8.530000000000000000e+02	8.530000000000000000e+05	1.261825918095531449e+02
8.540000000000000000e+02	8.540000000000000000e+05	1.262069668535194467e+02
8.550000000000000000e+02	8.550000000000000000e+05	1.263255202185892045e+02
8.560000000000000000e+02	8.560000000000000000e+05	1.264114466629116862e+02
8.570000000000000000e+02	8.570000000000000000e+05	1.264044886722779069e+02
8.580000000000000000e+02	8.580000000000000000e+05	1.266597909212445359e+02
8.590000000000000000e+02	8.590000000000000000e+05	1.267873089725337223e+02
8.600000000000000000e+02	8.600000000000000000e+05	1.269468631824693148e+02
8.610000000000000000e+02	8.610000000000000000e+05	1.269586695698179142e+02
8.620000000000000000e+02	8.620000000000000000e+05	1.271445063355548371e+02
8.630000000000000000e+02	8.630000000000000000e+05	1.271055316800615032e+02
8.640000000000000000e+02	8.640000000000000000e+05	1.271968389180643868e+02
8.650000000000000000e+02	8.650000000000000000e+05	1.272703995728294331e+02
8.660000000000000000e+02	8.660000000000000000e+05	1.272927518219234315e+02
8.670000000000000000e+02	8.670000000000000000e+05	1.273510298811676904e+02
8.680000000000000000e+02	8.680000000000000000e+05	1.274518064578495142e+02
8.690000000000000000e+02	8.690000000000000000e+05	1.275486448564167148e+02
8.700000000000000000e+02	8.700000000000000000e+05	1.274968745712613298e+02
8.710000000000000000e+02	8.710000000000000000e+05	1.275995178768596503e+02
8.720000000000000000e+02	8.720000000000000000e+05	1.274806302994341820e+02
8.730000000000000000e+02	8.730000000000000000e+05	1.275794942231042484e+02
8.740000000000000000e+02	8.740000000000000000e+05	1.276477958973880220e+02
8.750000000000000000e+02	8.750000000000000000e+05	1.277846033789798526e+02
8.760000000000000000e+02	8.760000000000000000e+05	1.281169537162742245e+02
8.770000000000000000e+02	8.770000000000000000e+05	1.282761486114841034e+02
8.780000000000000000e+02	8.780000000000000000e+05	1.283578246066373652e+02
8.790000000000000000e+02	8.790000000000000000e+05	1.285444502577427954e+02
8.800000000000000000e+02	8.800000000000000000e+05	1.286720287960152120e+02
8.810000000000000000e+02	8.810000000000000000e+05	1.286311442610580400e+02
8.820000000000000000e+02	8.820000000000000000e+05	1.289049522891402546e+02
8.830000000000000000e+02	8.830000000000000000e+05	1.290858746697769845e+02
8.840000000000000000e+02	8.840000000000000000e+05	1.290780683136586902e+02
8.850000000000000000e+02	8.850000000000000000e+05	1.290553113311615903e+02
8.860000000000000000e+02	8.860000000000000000e+05	1.291302341993603022e+02
8.870000000000000000e+02	8.870000000000000000e+05	1.292491978012292861e+02
8.880000000000000000e+02	8.880000000000000000e+05	1.293181185898531282e+02
8.890000000000000000e+02	8.890000000000000000e+05	1.295526267820458486e+02
8.900000000000000000e+02	8.900000000000000000e+05	1.298093110576986362e+02
8.910000000000000000e+02	8.910000000000000000e+05	1.300750612015188779e+02
8.920000000000000000e+02	8.920000000000000000e+05	1.303062166161705022e+02
8.930000000000000000e+02	8.930000000000000000e+05	1.304185415122477991e+02
8.940000000000000000e+02	8.940000000000000000e+05	1.304284692336085527e+02
8.950000000000000000e+02	8.950000000000000000e+05	1.305139729372068018e+02
8.960000000000000000e+02	8.960000000000000000e+05	1.304926740986552431e+02
8.970000000000000000e+02	8.970000000000000000e+05	1.304436692596743228e+02
8.980000000000000000e+02	8.980000000000000000e+05	1.305455754826775490e+02
8.990000000000000000e+02	8.990000000000000000e+05	1.308103970790365622e+02
9.000000000000000000e+02	9.000000000000000000e+05	1.309188976495299812e+02
9.010000000000000000e+02	9.010000000000000000e+05	1.307563374954197002e+02
9.020000000000000000e+02	9.020000000000000000e+05	1.309044562922859711e+02
9.030000000000000000e+02	9.030000000000000000e+05	1.309724687161350687e+02
9.040000000000000000e+02	9.040000000000000000e+05	1.311371537209898577e+02
9.050000000000000000e+02	9.050000000000000000e+05	1.312589975881655278e+02
9.060000000000000000e+02	9.060000000000000000e+05	1.312473827897541696e+02
9.070000000000000000e+02	9.070000000000000000e+05	1.312402249745362042e+02
9.080000000000000000e+02	9.080000000000000000e+05	1.312981779885154197e+02
9.090000000000000000e+02	9.090000000000000000e+05	1.313479113840816979e+02
9.100000000000000000e+02	9.100000000000000000e+05	1.315848961628111624e+02
9.110000000000000000e+02	9.110000000000000000e+05	1.319075664014544031e+02
9.120000000000000000e+02	9.120000000000000000e+05	1.321226156997153964e+02
9.130000000000000000e+02	9.130000000000000000e+05	1.321876478446155261e+02
9.140000000000000000e+02	9.140000000000000000e+05	1.321248451702407749e+02
9.150000000000000000e+02	9.150000000000000000e+05	1.322551912248255519e+02
9.160000000000000000e+02	9.160000000000000000e+05	1.325864728343691183e+02
9.170000000000000000e+02	9.170000000000000000e+05	1.328212826687054928e+02
9.180000000000000000e+02	9.180000000000000000e+05	1.328666615149731172e+02
9.190000000000000000e+02	9.190000000000000000e+05	1.329321637248591230e+02
9.200000000000000000e+02	9.200000000000000000e+05	1.329507769563805084e+02
9.210000000000000000e+02	9.210000000000000000e+05	1.330973184659057438e+02
9.220000000000000000e+02	9.220000000000000000e+05	1.332024524457046937e+02
9.230000000000000000e+02	9.230000000000000000e+05	1.330268291635056244e+02
9.240000000000000000e+02	9.240000000000000000e+05	1.331856847461155269e+02
9.250000000000000000e+02	9.250000000000000000e+05	1.332263867439350236e+02
9.260000000000000000e+02	9.260000000000000000e+05	1.334286124336713044e+02
9.270000000000000000e+02	9.270000000000000000e+05	1.336037157154305817e+02
9.280000000000000000e+02	9.280000000000000000e+05	1.335269947315803734e+02
9.290000000000000000e+02	9.290000000000000000e+05	1.335208430579542096e+02
9.300000000000000000e+02	9.300000000000000000e+05	1.336841758895980945e+02
9.310000000000000000e+02	9.310000000000000000e+05	1.336232968820356461e+02
9.320000000000000000e+02	9.320000000000000000e+05	1.338514222809412786e+02
9.330000000000000000e+02	9.330000000000000000e+05	1.340174274828896159e+02
9.340000000000000000e+02	9.340000000000000000e+05	1.340847568178683957e+02
9.350000000000000000e+02	9.350000000000000000e+05	1.343234873285577464e+02
9.360000000000000000e+02	9.360000000000000000e+05	1.342390538867106784e+02
9.370000000000000000e+02	9.370000000000000000e+05	1.343540010732756969e+02
9.380000000000000000e+02	9.380000000000000000e+05	1.345321084293934746e+02
9.390000000000000000e+02	9.390000000000000000e+05	1.348586546073555326e+02
9.400000000000000000e+02	9.400000000000000000e+05	1.350782246525834296e+02
9.410000000000000000e+02	9.410000000000000000e+05	1.350693820406556256e+02
9.420000000000000000e+02	9.420000000000000000e+05	1.351263745272800065e+02
9.430000000000000000e+02	9.430000000000000000e+05	1.351633239319521920e+02
9.440000000000000000e+02	9.440000000000000000e+05	1.350458845855674213e+02
9.450000000000000000e+02	9.450000000000000000e+05	1.351185983497304619e+02
9.460000000000000000e+02	9.460000000000000000e+05	1.353984221370069747e+02
9.470000000000000000e+02	9.470000000000000000e+05	1.355114777785380795e+02
9.480000000000000000e+02	9.480000000000000000e+05	1.357024565976786050e+02
9.490000000000000000e+02	9.490000000000000000e+05	1.357261824040584202e+02
9.500000000000000000e+02	9.500000000000000000e+05	1.357674845990597703e+02
9.510000000000000000e+02	9.510000000000000000e+05	1.359255047201484388e+02
9.520000000000000000e+02	9.520000000000000000e+05	1.361936544326223668e+02
9.530000000000000000e+02	9.530000000000000000e+05	1.362916614577667076e+02
9.540000000000000000e+02	9.540000000000000000e+05	1.362261893483408812e+02
9.550000000000000000e+02	9.550000000000000000e+05	1.365070837238493198e+02
9.560000000000000000e+02	9.560000000000000000e+05	1.366503935832868137e+02
9.570000000000000000e+02	9.570000000000000000e+05	1.366743040606793897e+02
9.580000000000000000e+02	9.580000000000000000e+05	1.367047250398974256e+02
9.590000000000000000e+02	9.590000000000000000e+05	1.366449526498758189e+02
9.600000000000000000e+02	9.600000000000000000e+05	1.366408460827984470e+02
9.610000000000000000e+02	9.610000000000000000e+05	1.365824687678105818e+02
9.620000000000000000e+02	9.620000000000000000e+05	1.366709502614430960e+02
9.630000000000000000e+02	9.630000000000000000e+05	1.368283341817923429e+02
9.640000000000000000e+02	9.640000000000000000e+05	1.367029634784158247e+02
9.650000000000000000e+02	9.650000000000000000e+05	1.366966397644776521e+02
9.660000000000000000e+02	9.660000000000000000e+05	1.367883399694553646e+02
9.670000000000000000e+02	9.670000000000000000e+05	1.366679753287997414e+02
9.680000000000000000e+02	9.680000000000000000e+05	1.366676569392240879e+02
9.690000000000000000e+02	9.690000000000000000e+05	1.368571914719292408e+02
9.700000000000000000e+02	9.700000000000000000e+05	1.370332048812932157e+02
9.710000000000000000e+02	9.710000000000000000e+05	1.371179554322678484e+02
9.720000000000000000e+02	9.720000000000000000e+05	1.370601439873716743e+02
9.730000000000000000e+02	9.730000000000000000e+05	1.370590577495682965e+02
9.740000000000000000e+02	9.740000000000000000e+05	1.371534402712073586e+02
9.750000000000000000e+02	9.750000000000000000e+05	1.373128925487963272e+02
9.760000000000000000e+02	9.760000000000000000e+05	1.374404331828016268e+02
9.770000000000000000e+02	9.770000000000000000e+05	1.375850270066031840e+02
9.780000000000000000e+02	9.780000000000000000e+05	1.376977065858886533e+02
9.790000000000000000e+02	9.790000000000000000e+05	1.378550438763973887e+02
9.800000000000000000e+02	9.800000000000000000e+05	1.380733614393460300e+02
9.810000000000000000e+02	9.810000000000000000e+05	1.381995362498466591e+02
9.820000000000000000e+02	9.820000000000000000e+05	1.384953737111277405e+02
9.830000000000000000e+02	9.830000000000000000e+05	1.385695071075997191e+02
9.840000000000000000e+02	9.840000000000000000e+05	1.387021740789356272e+02
9.850000000000000000e+02	9.850000000000000000e+05	1.389374342761670960e+02
9.860000000000000000e+02	9.860000000000000000e+05	1.393586379190930415e+02
9.870000000000000000e+02	9.870000000000000000e+05	1.393499569030158796e+02
9.880000000000000000e+02	9.880000000000000000e+05	1.396172692254382923e+02
9.890000000000000000e+02	9.890000000000000000e+05	1.397459978354343946e+02
9.900000000000000000e+02	9.900000000000000000e+05	1.398067990389330362e+02
9.910000000000000000e+02	9.910000000000000000e+05	1.400580101405399773e+02
9.920000000000000000e+02	9.920000000000000000e+05	1.401973258779149489e+02
9.930000000000000000e+02	9.930000000000000000e+05	1.402737395351187502e+02
9.940000000000000000e+02	9.940000000000000000e+05	1.404181659793203778e+02
9.950000000000000000e+02	9.950000000000000000e+05	1.406828676138599690e+02
9.960000000000000000e+02	9.960000000000000000e+05	1.407794776550092308e+02
9.970000000000000000e+02	9.970000000000000000e+05	1.408432713385375052e+02
9.980000000000000000e+02	9.980000000000000000e+05	1.411022719919446899e+02
9.990000000000000000e+02	9.990000000000000000e+05	1.411496032113219883e+02
1.000000000000000000e+03	1.000000000000000000e+06	1.412066851285936764e+02
1.001000000000000000e+03	1.001000000000000000e+06	1.414986679315954348e+02
1.002000000000000000e+03	1.002000000000000000e+06	1.417865452865960378e+02
1.003000000000000000e+03	1.003000000000000000e+06	1.416727179984430336e+02
1.004000000000000000e+03	1.004000000000000000e+06	1.417392046495446039e+02
1.005000000000000000e+03	1.005000000000000000e+06	1.418514811753264837e+02
1.006000000000000000e+03	1.006000000000000000e+06	1.420282564354283465e+02
1.007000000000000000e+03	1.007000000000000000e+06	1.419896446269648891e+02
1.008000000000000000e+03	1.008000000000000000e+06	1.420997064205846812e+02
1.009000000000000000e+03	1.009000000000000000e+06	1.423033183044493626e+02
1.010000000000000000e+03	1.010000000000000000e+06	1.425145717443968749e+02
1.011000000000000000e+03	1.011000000000000000e+06	1.426374195611162463e+02
1.012000000000000000e+03	1.012000000000000000e+06	1.426536960567280232e+02
1.013000000000000000e+03	1.013000000000000000e+06	1.427185779206902509e+02
1.014000000000000000e+03	1.014000000000000000e+06	1.427622707056292199e+02
1.015000000000000000e+03	1.015000000000000000e+06	1.429970282088758609e+02
1.016000000000000000e+03	1.016000000000000000e+06	1.432431707686502875e+02
1.017000000000000000e+03	1.017000000000000000e+06	1.434653915633725489e+02
1.018000000000000000e+03	1.018000000000000000e+06	1.433776697792373511e+02
1.019000000000000000e+03	1.019000000000000000e+06	1.432589715442163936e+02
1.020000000000000000e+03	1.020000000000000000e+06	1.434295114328450609e+02
1.021000000000000000e+03	1.021000000000000000e+06	1.436380583815672480e+02
1.022000000000000000e+03	1.022000000000000000e+06	1.436724966314554308e+02
1.023000000000000000e+03	1.023000000000000000e+06	1.437744969856990451e+02
1.024000000000000000e+03	1.024000000000000000e+06	1.438729648124717357e+02
1.025000000000000000e+03	1.025000000000000000e+06	1.438697842742562898e+02
1.026000000000000000e+03	1.026000000000000000e+06	1.439430015325116017e+02
1.027000000000000000e+03	1.027000000000000000e+06	1.440771619328014310e+02
1.028000000000000000e+03	1.028000000000000000e+06	1.440352449406134099e+02
1.029000000000000000e+03	1.029000000000000000e+06	1.443948764289071676e+02
1.030000000000000000e+03	1.030000000000000000e+06	1.445525831862712209e+02
1.031000000000000000e+03	1.031000000000000000e+06	1.447202088739538794e+02
1.032000000000000000e+03	1.032000000000000000e+06	1.447030567530511576e+02
1.033000000000000000e+03	1.033000000000000000e+06	1.447188654660793645e+02
1.034000000000000000e+03	1.034000000000000000e+06	1.449036244571489931e+02
1.035000000000000000e+03	1.035000000000000000e+06	1.447529362621575899e+02
1.036000000000000000e+03	1.036000000000000000e+06	1.448449365294292193e+02
1.037000000000000000e+03	1.037000000000000000e+06	1.448001166804801016e+02
1.038000000000000000e+03	1.038000000000000000e+06	1.449822703487618867e+02
1.039000000000000000e+03	1.039000000000000000e+06	1.450276936354560746e+02
1.040000000000000000e+03	1.040000000000000000e+06	1.452220345768458856e+02
1.041000000000000000e+03	1.041000000000000000e+06	1.452534695204392960e+02
1.042000000000000000e+03	1.042000000000000000e+06	1.454555664262261416e+02
1.043000000000000000e+03	1.043000000000000000e+06	1.455886801177414611e+02
1.044000000000000000e+03	1.044000000000000000e+06	1.455842577147183192e+02
1.045000000000000000e+03	1.045000000000000000e+06	1.455537553130452295e+02
1.046000000000000000e+03	1.046000000000000000e+06	1.455787591626405231e+02
1.047000000000000000e+03	1.047000000000000000e+06	1.457303696617944127e+02
1.048000000000000000e+03	1.048000000000000000e+06	1.459051130044805120e+02
1.049000000000000000e+03	1.049000000000000000e+06	1.460106498873697376e+02
1.050000000000000000e+03	1.050000000000000000e+06	1.462413540527498128e+02
1.051000000000000000e+03	1.051000000000000000e+06	1.463590854656008844e+02
1.052000000000000000e+03	1.052000000000000000e+06	1.463218637777697211e+02
1.053000000000000000e+03	1.053000000000000000e+06	1.464117430058516049e+02
1.054000000000000000e+03	1.054000000000000000e+06	1.464942103389409169e+02
1.055000000000000000e+03	1.055000000000000000e+06	1.467600111147880000e+02
1.056000000000000000e+03	1.056000000000000000e+06	1.468502512673520641e+02
1.057000000000000000e+03	1.057000000000000000e+06	1.469238885870727529e+02
1.058000000000000000e+03	1.058000000000000000e+06	1.469943344460384083e+02
1.059000000000000000e+03	1.059000000000000000e+06	1.470392321700342109e+02
1.060000000000000000e+03	1.060000000000000000e+06	1.470125111503362234e+02
1.061000000000000000e+03	1.061000000000000000e+06	1.470487432079913788e+02
1.062000000000000000e+03	1.062000000000000000e+06	1.471623455297247745e+02
1.063000000000000000e+03	1.063000000000000000e+06	1.470780951880267082e+02
1.064000000000000000e+03	1.064000000000000000e+06	1.471852430433261816e+02
1.065000000000000000e+03	1.065000000000000000e+06	1.472516497354118030e+02
1.066000000000000000e+03	1.066000000000000000e+06	1.472329627380415218e+02
1.067000000000000000e+03	1.067000000000000000e+06	1.474266979595991813e+02
1.068000000000000000e+03	1.068000000000000000e+06	1.474343071281408868e+02
1.069000000000000000e+03	1.069000000000000000e+06	1.475590734544471729e+02
1.070000000000000000e+03	1.070000000000000000e+06	1.476508564013264220e+02
1.071000000000000000e+03	1.071000000000000000e+06	1.476402900795578148e+02
1.072000000000000000e+03	1.072000000000000000e+06	1.477935277255941173e+02
1.073000000000000000e+03	1.073000000000000000e+06	1.479664874495196898e+02
1.074000000000000000e+03	1.074000000000000000e+06	1.482051503811470354e+02
1.075000000000000000e+03	1.075000000000000000e+06	1.484342298007720728e+02
1.076000000000000000e+03	1.076000000000000000e+06	1.485522553308618399e+02
1.077000000000000000e+03	1.077000000000000000e+06	1.487615084761293076e+02
1.078000000000000000e+03	1.078000000000000000e+06	1.489192693538982724e+02
1.079000000000000000e+03	1.079000000000000000e+06	1.488217899250995799e+02
1.080000000000000000e+03	1.080000000000000000e+06	1.487689611708549364e+02
1.081000000000000000e+03	1.081000000000000000e+06	1.488978106984068575e+02
1.082000000000000000e+03	1.082000000000000000e+06	1.490887478369310486e+02
1.083000000000000000e+03	1.083000000000000000e+06	1.492038249072637939e+02
1.084000000000000000e+03	1.084000000000000000e+06	1.492181861452274916e+02
1.085000000000000000e+03	1.085000000000000000e+06	1.492986467926510272e+02
1.086000000000000000e+03	1.086000000000000000e+06	1.491963279187266949e+02
1.087000000000000000e+03	1.087000000000000000e+06	1.491829827427013697e+02
1.088000000000000000e+03	1.088000000000000000e+06	1.493734360051043950e+02
1.089000000000000000e+03	1.089000000000000000e+06	1.493798303520107709e+02
1.090000000000000000e+03	1.090000000000000000e+06	1.496068447375539563e+02
1.091000000000000000e+03	1.091000000000000000e+06	1.498458533044136232e+02
1.092000000000000000e+03	1.092000000000000000e+06	1.499111332332428219e+02
1.093000000000000000e+03	1.093000000000000000e+06	1.500356790153005022e+02
1.094000000000000000e+03	1.094000000000000000e+06	1.501605754200403453e+02
1.095000000000000000e+03	1.095000000000000000e+06	1.504180503341879103e+02
1.096000000000000000e+03	1.096000000000000000e+06	1.506049853459437884e+02
1.097000000000000000e+03	1.097000000000000000e+06	1.507424398711479796e+02
1.098000000000000000e+03	1.098000000000000000e+06	1.509571778287007362e+02
1.099000000000000000e+03	1.099000000000000000e+06	1.511039926030246363e+02
1.100000000000000000e+03	1.100000000000000000e+06	1.510271083170478050e+02
1.101000000000000000e+03	1.101000000000000000e+06	1.511212866332459441e+02
1.102000000000000000e+03	1.102000000000000000e+06	1.511300091304918283e+02
1.103000000000000000e+03	1.103000000000000000e+06	1.510585495854968769e+02
1.104000000000000000e+03	1.104000000000000000e+06	1.510829803524714805e+02
1.105000000000000000e+03	1.105000000000000000e+06	1.511753785247971393e+02
1.106000000000000000e+03	1.106000000000000000e+06	1.513251702189915591e+02
1.107000000000000000e+03	1.107000000000000000e+06	1.514283619920580009e+02
1.108000000000000000e+03	1.108000000000000000e+06	1.513518562345820158e+02
1.109000000000000000e+03	1.109000000000000000e+06	1.512828329726864069e+02
1.110000000000000000e+03	1.110000000000000000e+06	1.513874232430945597e+02
1.111000000000000000e+03	1.111000000000000000e+06	1.515352612610645906e+02
1.112000000000000000e+03	1.112000000000000000e+06	1.514811883561178831e+02
1.113000000000000000e+03	1.113000000000000000e+06	1.515228116514497287e+02
1.114000000000000000e+03	1.114000000000000000e+06	1.515103170985648546e+02
1.115000000000000000e+03	1.115000000000000000e+06	1.517451083608472118e+02
1.116000000000000000e+03	1.116000000000000000e+06	1.517426385408492138e+02
1.117000000000000000e+03	1.117000000000000000e+06	1.517552870672409142e+02
1.118000000000000000e+03	1.118000000000000000e+06	1.517090877693090647e+02
1.119000000000000000e+03	1.119000000000000000e+06	1.517221964088047628e+02
1.120000000000000000e+03	1.120000000000000000e+06	1.517752974930615721e+02
1.121000000000000000e+03	1.121000000000000000e+06	1.519950230128845021e+02
1.122000000000000000e+03	1.122000000000000000e+06	1.520979619911328484e+02
1.123000000000000000e+03	1.123000000000000000e+06	1.521305502704076389e+02
1.124000000000000000e+03	1.124000000000000000e+06	1.522612115353378783e+02
1.125000000000000000e+03	1.125000000000000000e+06	1.523774138820248822e+02
1.126000000000000000e+03	1.126000000000000000e+06	1.524066778730221188e+02
1.127000000000000000e+03	1.127000000000000000e+06	1.524632638065589560e+02
1.128000000000000000e+03	1.128000000000000000e+06	1.525850827005444614e+02
1.129000000000000000e+03	1.129000000000000000e+06	1.526587627497557662e+02
1.130000000000000000e+03	1.130000000000000000e+06	1.526962140006797028e+02
1.131000000000000000e+03	1.131000000000000000e+06	1.527354923193382490e+02
1.132000000000000000e+03	1.132000000000000000e+06	1.528155893820514848e+02
1.133000000000000000e+03	1.133000000000000000e+06	1.530058159391242327e+02
