0.000000000000000000e+00	0.000000000000000000e+00	5.456422806001882008e-06
1.000000000000000000e+00	1.000000000000000000e+03	1.634950504464348198e+00
2.000000000000000000e+00	2.000000000000000000e+03	2.307437091297506626e+00
3.000000000000000000e+00	3.000000000000000000e+03	2.909047806117132318e+00
4.000000000000000000e+00	4.000000000000000000e+03	3.588691218610546407e+00
5.000000000000000000e+00	5.000000000000000000e+03	4.205797115839219558e+00
6.000000000000000000e+00	6.000000000000000000e+03	4.819853788226639679e+00
7.000000000000000000e+00	7.000000000000000000e+03	5.353947905998721168e+00
8.000000000000000000e+00	8.000000000000000000e+03	6.098876453761414851e+00
9.000000000000000000e+00	9.000000000000000000e+03	6.577809944394950925e+00
1.000000000000000000e+01	1.000000000000000000e+04	7.087649127526590931e+00
1.100000000000000000e+01	1.100000000000000000e+04	7.513198419915148030e+00
1.200000000000000000e+01	1.200000000000000000e+04	8.103207015380188949e+00
1.300000000000000000e+01	1.300000000000000000e+04	8.402686052929356109e+00
1.400000000000000000e+01	1.400000000000000000e+04	8.807036688299684002e+00
1.500000000000000000e+01	1.500000000000000000e+04	9.387684965892585609e+00
1.600000000000000000e+01	1.600000000000000000e+04	9.851047420087356343e+00
1.700000000000000000e+01	1.700000000000000000e+04	1.026201293015074612e+01
1.800000000000000000e+01	1.800000000000000000e+04	1.045768529383618706e+01
1.900000000000000000e+01	1.900000000000000000e+04	1.079806573931655578e+01
2.000000000000000000e+01	2.000000000000000000e+04	1.104671082294959916e+01
2.100000000000000000e+01	2.100000000000000000e+04	1.154885726925061284e+01
2.200000000000000000e+01	2.200000000000000000e+04	1.187902870779269726e+01
2.300000000000000000e+01	2.300000000000000000e+04	1.229119166595058132e+01
2.400000000000000000e+01	2.400000000000000000e+04	1.249323328587087367e+01
2.500000000000000000e+01	2.500000000000000000e+04	1.261252039959434335e+01
2.600000000000000000e+01	2.600000000000000000e+04	1.286829573638300062e+01
2.700000000000000000e+01	2.700000000000000000e+04	1.342050410841524055e+01
2.800000000000000000e+01	2.800000000000000000e+04	1.367217482003647788e+01
2.900000000000000000e+01	2.900000000000000000e+04	1.408015190186284649e+01
3.000000000000000000e+01	3.000000000000000000e+04	1.429065270971564594e+01
3.100000000000000000e+01	3.100000000000000000e+04	1.440839986478708568e+01
3.200000000000000000e+01	3.200000000000000000e+04	1.463959605163588051e+01
3.300000000000000000e+01	3.300000000000000000e+04	1.472079969912349462e+01
3.400000000000000000e+01	3.400000000000000000e+04	1.517052565972809397e+01
3.500000000000000000e+01	3.500000000000000000e+04	1.534849040689247524e+01
3.600000000000000000e+01	3.600000000000000000e+04	1.568365802235331152e+01
3.700000000000000000e+01	3.700000000000000000e+04	1.591700476537626230e+01
3.800000000000000000e+01	3.800000000000000000e+04	1.602470792554344570e+01
3.900000000000000000e+01	3.900000000000000000e+04	1.631042457119355049e+01
4.000000000000000000e+01	4.000000000000000000e+04	1.651565638077322618e+01
4.100000000000000000e+01	4.100000000000000000e+04	1.664296854083409727e+01
4.200000000000000000e+01	4.200000000000000000e+04	1.688580268366350978e+01
4.300000000000000000e+01	4.300000000000000000e+04	1.728083849095302327e+01
4.400000000000000000e+01	4.400000000000000000e+04	1.743320435604039886e+01
4.500000000000000000e+01	4.500000000000000000e+04	1.769663419020711004e+01
4.600000000000000000e+01	4.600000000000000000e+04	1.789011369837419707e+01
4.700000000000000000e+01	4.700000000000000000e+04	1.807573235954471613e+01
4.800000000000000000e+01	4.800000000000000000e+04	1.834785790367195091e+01
4.900000000000000000e+01	4.900000000000000000e+04	1.840398746719122158e+01
5.000000000000000000e+01	5.000000000000000000e+04	1.859677798498502455e+01
5.100000000000000000e+01	5.100000000000000000e+04	1.870260064128447652e+01
5.200000000000000000e+01	5.200000000000000000e+04	1.898142014145427581e+01
5.300000000000000000e+01	5.300000000000000000e+04	1.914936198552786450e+01
5.400000000000000000e+01	5.400000000000000000e+04	1.938843625158292383e+01
5.500000000000000000e+01	5.500000000000000000e+04	1.958803173123760644e+01
5.600000000000000000e+01	5.600000000000000000e+04	1.981696364994587967e+01
5.700000000000000000e+01	5.700000000000000000e+04	1.996865680910057961e+01
5.800000000000000000e+01	5.800000000000000000e+04	1.981422143422017257e+01
5.900000000000000000e+01	5.900000000000000000e+04	2.005353341509420773e+01
6.000000000000000000e+01	6.000000000000000000e+04	2.036896561430857844e+01
6.100000000000000000e+01	6.100000000000000000e+04	2.069090038618808691e+01
6.200000000000000000e+01	6.200000000000000000e+04	2.103340411007218691e+01
6.300000000000000000e+01	6.300000000000000000e+04	2.136609732307500309e+01
6.400000000000000000e+01	6.400000000000000000e+04	2.159922374699906911e+01
6.500000000000000000e+01	6.500000000000000000e+04	2.189627144102142609e+01
6.600000000000000000e+01	6.600000000000000000e+04	2.209600371497863236e+01
6.700000000000000000e+01	6.700000000000000000e+04	2.232547446624220200e+01
6.800000000000000000e+01	6.800000000000000000e+04	2.252141381427778910e+01
6.900000000000000000e+01	6.900000000000000000e+04	2.277580008489196217e+01
7.000000000000000000e+01	7.000000000000000000e+04	2.288035874887206589e+01
7.100000000000000000e+01	7.100000000000000000e+04	2.300089752612759497e+01
7.200000000000000000e+01	7.200000000000000000e+04	2.310200820686577217e+01
7.300000000000000000e+01	7.300000000000000000e+04	2.331378285114500670e+01
7.400000000000000000e+01	7.400000000000000000e+04	2.340149547173086830e+01
7.500000000000000000e+01	7.500000000000000000e+04	2.375395299223049150e+01
7.600000000000000000e+01	7.600000000000000000e+04	2.381850535622165310e+01
7.700000000000000000e+01	7.700000000000000000e+04	2.400070259789618277e+01
7.800000000000000000e+01	7.800000000000000000e+04	2.420271787966736454e+01
7.900000000000000000e+01	7.900000000000000000e+04	2.434764589122945821e+01
8.000000000000000000e+01	8.000000000000000000e+04	2.445150651648747697e+01
8.100000000000000000e+01	8.100000000000000000e+04	2.495555529896482128e+01
8.200000000000000000e+01	8.200000000000000000e+04	2.509674191124364384e+01
8.300000000000000000e+01	8.300000000000000000e+04	2.501819008267419875e+01
8.400000000000000000e+01	8.400000000000000000e+04	2.514170007836185761e+01
8.500000000000000000e+01	8.500000000000000000e+04	2.517136518806018586e+01
8.600000000000000000e+01	8.600000000000000000e+04	2.535311271530399679e+01
8.700000000000000000e+01	8.700000000000000000e+04	2.535096779188786442e+01
8.800000000000000000e+01	8.800000000000000000e+04	2.539391443881193666e+01
8.900000000000000000e+01	8.900000000000000000e+04	2.553571819138700505e+01
9.000000000000000000e+01	9.000000000000000000e+04	2.560540627023563331e+01
9.100000000000000000e+01	9.100000000000000000e+04	2.576192385011929531e+01
9.200000000000000000e+01	9.200000000000000000e+04	2.617513840487598387e+01
9.300000000000000000e+01	9.300000000000000000e+04	2.644189635061894705e+01
9.400000000000000000e+01	9.400000000000000000e+04	2.663047431767051876e+01
9.500000000000000000e+01	9.500000000000000000e+04	2.669455460105664457e+01
9.600000000000000000e+01	9.600000000000000000e+04	2.675372626097574624e+01
9.700000000000000000e+01	9.700000000000000000e+04	2.674270243617641896e+01
9.800000000000000000e+01	9.800000000000000000e+04	2.690801959499473028e+01
9.900000000000000000e+01	9.900000000000000000e+04	2.719299391834082158e+01
1.000000000000000000e+02	1.000000000000000000e+05	2.738929981813839731e+01
1.010000000000000000e+02	1.010000000000000000e+05	2.733219998427340514e+01
1.020000000000000000e+02	1.020000000000000000e+05	2.754079469125329993e+01
1.030000000000000000e+02	1.030000000000000000e+05	2.777810851773720202e+01
1.040000000000000000e+02	1.040000000000000000e+05	2.815579370937066628e+01
1.050000000000000000e+02	1.050000000000000000e+05	2.830466751104963308e+01
1.060000000000000000e+02	1.060000000000000000e+05	2.849612349718669435e+01
1.070000000000000000e+02	1.070000000000000000e+05	2.890896258386485584e+01
1.080000000000000000e+02	1.080000000000000000e+05	2.918224512470302301e+01
1.090000000000000000e+02	1.090000000000000000e+05	2.955005940574389101e+01
1.100000000000000000e+02	1.100000000000000000e+05	2.987905116837793074e+01
1.110000000000000000e+02	1.110000000000000000e+05	3.016467735805287376e+01
1.120000000000000000e+02	1.120000000000000000e+05	3.048145556861131666e+01
1.130000000000000000e+02	1.130000000000000000e+05	3.049679728648895960e+01
1.140000000000000000e+02	1.140000000000000000e+05	3.073752562668596866e+01
1.150000000000000000e+02	1.150000000000000000e+05	3.071853539145500278e+01
1.160000000000000000e+02	1.160000000000000000e+05	3.082767868858549676e+01
1.170000000000000000e+02	1.170000000000000000e+05	3.096868691802752949e+01
1.180000000000000000e+02	1.180000000000000000e+05	3.118608006055937665e+01
1.190000000000000000e+02	1.190000000000000000e+05	3.139586153501355881e+01
1.200000000000000000e+02	1.200000000000000000e+05	3.162683199450239968e+01
1.210000000000000000e+02	1.210000000000000000e+05	3.193448968467517801e+01
1.220000000000000000e+02	1.220000000000000000e+05	3.216154193062246236e+01
1.230000000000000000e+02	1.230000000000000000e+05	3.220809118338390675e+01
1.240000000000000000e+02	1.240000000000000000e+05	3.244917023256309818e+01
1.250000000000000000e+02	1.250000000000000000e+05	3.266774144512380218e+01
1.260000000000000000e+02	1.260000000000000000e+05	3.263252561568835119e+01
1.270000000000000000e+02	1.270000000000000000e+05	3.280204694650986141e+01
1.280000000000000000e+02	1.280000000000000000e+05	3.329426285519993201e+01
1.290000000000000000e+02	1.290000000000000000e+05	3.370857274671352855e+01
1.300000000000000000e+02	1.300000000000000000e+05	3.395054956666199075e+01
1.310000000000000000e+02	1.310000000000000000e+05	3.404762002248165231e+01
1.320000000000000000e+02	1.320000000000000000e+05	3.425501725956245735e+01
1.330000000000000000e+02	1.330000000000000000e+05	3.447427568525373687e+01
1.340000000000000000e+02	1.340000000000000000e+05	3.462099310461152868e+01
1.350000000000000000e+02	1.350000000000000000e+05	3.466956097530399461e+01
1.360000000000000000e+02	1.360000000000000000e+05	3.488032690650532430e+01
1.370000000000000000e+02	1.370000000000000000e+05	3.503735609828931530e+01
1.380000000000000000e+02	1.380000000000000000e+05	3.527865556849362605e+01
1.390000000000000000e+02	1.390000000000000000e+05	3.547639008013031514e+01
1.400000000000000000e+02	1.400000000000000000e+05	3.554934393050265129e+01
1.410000000000000000e+02	1.410000000000000000e+05	3.583613991178215485e+01
1.420000000000000000e+02	1.420000000000000000e+05	3.599948751088987819e+01
1.430000000000000000e+02	1.430000000000000000e+05	3.592909141134714446e+01
1.440000000000000000e+02	1.440000000000000000e+05	3.634784149866189296e+01
1.450000000000000000e+02	1.450000000000000000e+05	3.661955363805235208e+01
1.460000000000000000e+02	1.460000000000000000e+05	3.698578264065293553e+01
1.470000000000000000e+02	1.470000000000000000e+05	3.712382803317761670e+01
1.480000000000000000e+02	1.480000000000000000e+05	3.734300592752032344e+01
1.490000000000000000e+02	1.490000000000000000e+05	3.751243779118637889e+01
1.500000000000000000e+02	1.500000000000000000e+05	3.759124763145559456e+01
1.510000000000000000e+02	1.510000000000000000e+05	3.760553452261213181e+01
1.520000000000000000e+02	1.520000000000000000e+05	3.805049519379040390e+01
1.530000000000000000e+02	1.530000000000000000e+05	3.820845663714580098e+01
1.540000000000000000e+02	1.540000000000000000e+05	3.851419115933661885e+01
1.550000000000000000e+02	1.550000000000000000e+05	3.871375612435900848e+01
1.560000000000000000e+02	1.560000000000000000e+05	3.890058017031238791e+01
1.570000000000000000e+02	1.570000000000000000e+05	3.912675783753726222e+01
1.580000000000000000e+02	1.580000000000000000e+05	3.924588218706126241e+01
1.590000000000000000e+02	1.590000000000000000e+05	3.941579769379168852e+01
1.600000000000000000e+02	1.600000000000000000e+05	3.945164424756944044e+01
1.610000000000000000e+02	1.610000000000000000e+05	3.965809843282870872e+01
1.620000000000000000e+02	1.620000000000000000e+05	3.982756232168644317e+01
1.630000000000000000e+02	1.630000000000000000e+05	3.999800131443270601e+01
1.640000000000000000e+02	1.640000000000000000e+05	4.043083739206193883e+01
1.650000000000000000e+02	1.650000000000000000e+05	4.074972645114669945e+01
1.660000000000000000e+02	1.660000000000000000e+05	4.100321033490421740e+01
1.670000000000000000e+02	1.670000000000000000e+05	4.129210755776355768e+01
1.680000000000000000e+02	1.680000000000000000e+05	4.168411168306252534e+01
1.690000000000000000e+02	1.690000000000000000e+05	4.203813063528868099e+01
1.700000000000000000e+02	1.700000000000000000e+05	4.241288309200216844e+01
1.710000000000000000e+02	1.710000000000000000e+05	4.248605855681682897e+01
1.720000000000000000e+02	1.720000000000000000e+05	4.274715623852031854e+01
1.730000000000000000e+02	1.730000000000000000e+05	4.320662634129921997e+01
1.740000000000000000e+02	1.740000000000000000e+05	4.336964081852324426e+01
1.750000000000000000e+02	1.750000000000000000e+05	4.328346831132807893e+01
1.760000000000000000e+02	1.760000000000000000e+05	4.339115352696320116e+01
1.770000000000000000e+02	1.770000000000000000e+05	4.354449942401605256e+01
1.780000000000000000e+02	1.780000000000000000e+05	4.360334021231742696e+01
1.790000000000000000e+02	1.790000000000000000e+05	4.388226323761859504e+01
1.800000000000000000e+02	1.800000000000000000e+05	4.409723560878444459e+01
1.810000000000000000e+02	1.810000000000000000e+05	4.437404901588033823e+01
1.820000000000000000e+02	1.820000000000000000e+05	4.464892956859019080e+01
1.830000000000000000e+02	1.830000000000000000e+05	4.466499864308628531e+01
1.840000000000000000e+02	1.840000000000000000e+05	4.486043822976517248e+01
1.850000000000000000e+02	1.850000000000000000e+05	4.504247789169441063e+01
1.860000000000000000e+02	1.860000000000000000e+05	4.512195106309452797e+01
1.870000000000000000e+02	1.870000000000000000e+05	4.525031183974612503e+01
1.880000000000000000e+02	1.880000000000000000e+05	4.560022881534021622e+01
1.890000000000000000e+02	1.890000000000000000e+05	4.606414268586821947e+01
1.900000000000000000e+02	1.900000000000000000e+05	4.621042209824859270e+01
1.910000000000000000e+02	1.910000000000000000e+05	4.655564858284211027e+01
1.920000000000000000e+02	1.920000000000000000e+05	4.670429447134929291e+01
1.930000000000000000e+02	1.930000000000000000e+05	4.698721828973793890e+01
1.940000000000000000e+02	1.940000000000000000e+05	4.727254852996897228e+01
1.950000000000000000e+02	1.950000000000000000e+05	4.754858087153591129e+01
1.960000000000000000e+02	1.960000000000000000e+05	4.758302819964697505e+01
1.970000000000000000e+02	1.970000000000000000e+05	4.783242081645190780e+01
1.980000000000000000e+02	1.980000000000000000e+05	4.786351943012664378e+01
1.990000000000000000e+02	1.990000000000000000e+05	4.810039929906061218e+01
2.000000000000000000e+02	2.000000000000000000e+05	4.841318863162263142e+01
2.010000000000000000e+02	2.010000000000000000e+05	4.856073682636389321e+01
2.020000000000000000e+02	2.020000000000000000e+05	4.869683520661255471e+01
2.030000000000000000e+02	2.030000000000000000e+05	4.900168765784206215e+01
2.040000000000000000e+02	2.040000000000000000e+05	4.902978492623338269e+01
2.050000000000000000e+02	2.050000000000000000e+05	4.900719354437896413e+01
2.060000000000000000e+02	2.060000000000000000e+05	4.906325916740427573e+01
2.070000000000000000e+02	2.070000000000000000e+05	4.912628039318126127e+01
2.080000000000000000e+02	2.080000000000000000e+05	4.931251323230506500e+01
2.090000000000000000e+02	2.090000000000000000e+05	4.949706639089180271e+01
2.100000000000000000e+02	2.100000000000000000e+05	4.946723839526657684e+01
2.110000000000000000e+02	2.110000000000000000e+05	4.959524041390535132e+01
2.120000000000000000e+02	2.120000000000000000e+05	4.969336785806410717e+01
2.130000000000000000e+02	2.130000000000000000e+05	4.969500178500797460e+01
2.140000000000000000e+02	2.140000000000000000e+05	4.969057086681090141e+01
2.150000000000000000e+02	2.150000000000000000e+05	5.007489962501195890e+01
2.160000000000000000e+02	2.160000000000000000e+05	5.045732520242263774e+01
2.170000000000000000e+02	2.170000000000000000e+05	5.030346487745003259e+01
2.180000000000000000e+02	2.180000000000000000e+05	5.037851352035512775e+01
2.190000000000000000e+02	2.190000000000000000e+05	5.055945668845257046e+01
2.200000000000000000e+02	2.200000000000000000e+05	5.076918666589579487e+01
2.210000000000000000e+02	2.210000000000000000e+05	5.093137661831431018e+01
2.220000000000000000e+02	2.220000000000000000e+05	5.111580174179122338e+01
2.230000000000000000e+02	2.230000000000000000e+05	5.136527681302791848e+01
2.240000000000000000e+02	2.240000000000000000e+05	5.151297857299356764e+01
2.250000000000000000e+02	2.250000000000000000e+05	5.173514067722707921e+01
2.260000000000000000e+02	2.260000000000000000e+05	5.216890185971872285e+01
2.270000000000000000e+02	2.270000000000000000e+05	5.233666435945007578e+01
2.280000000000000000e+02	2.280000000000000000e+05	5.269665457945069420e+01
2.290000000000000000e+02	2.290000000000000000e+05	5.278259974824960921e+01
2.300000000000000000e+02	2.300000000000000000e+05	5.290428690248357668e+01
2.310000000000000000e+02	2.310000000000000000e+05	5.299085625530184984e+01
2.320000000000000000e+02	2.320000000000000000e+05	5.318494143906834637e+01
2.330000000000000000e+02	2.330000000000000000e+05	5.334747028447725370e+01
2.340000000000000000e+02	2.340000000000000000e+05	5.366755233400188274e+01
2.350000000000000000e+02	2.350000000000000000e+05	5.386743287119172408e+01
2.360000000000000000e+02	2.360000000000000000e+05	5.428159467699100560e+01
2.370000000000000000e+02	2.370000000000000000e+05	5.458303965814487668e+01
2.380000000000000000e+02	2.380000000000000000e+05	5.446190003119222212e+01
2.390000000000000000e+02	2.390000000000000000e+05	5.459818992803459992e+01
2.400000000000000000e+02	2.400000000000000000e+05	5.455653941593250522e+01
2.410000000000000000e+02	2.410000000000000000e+05	5.477152851415898738e+01
2.420000000000000000e+02	2.420000000000000000e+05	5.486789642983203663e+01
2.430000000000000000e+02	2.430000000000000000e+05	5.499136335136580556e+01
2.440000000000000000e+02	2.440000000000000000e+05	5.527236421229093821e+01
2.450000000000000000e+02	2.450000000000000000e+05	5.538014259480685553e+01
2.460000000000000000e+02	2.460000000000000000e+05	5.545611761930322814e+01
2.470000000000000000e+02	2.470000000000000000e+05	5.583014907038662500e+01
2.480000000000000000e+02	2.480000000000000000e+05	5.604779429645120814e+01
2.490000000000000000e+02	2.490000000000000000e+05	5.632044437354451105e+01
2.500000000000000000e+02	2.500000000000000000e+05	5.654645311620747350e+01
2.510000000000000000e+02	2.510000000000000000e+05	5.666459912065078441e+01
2.520000000000000000e+02	2.520000000000000000e+05	5.676646916036118284e+01
2.530000000000000000e+02	2.530000000000000000e+05	5.718583208787726591e+01
2.540000000000000000e+02	2.540000000000000000e+05	5.744694727133317969e+01
2.550000000000000000e+02	2.550000000000000000e+05	5.762140271456533469e+01
2.560000000000000000e+02	2.560000000000000000e+05	5.762463519361319442e+01
2.570000000000000000e+02	2.570000000000000000e+05	5.782154838233998362e+01
2.580000000000000000e+02	2.580000000000000000e+05	5.801677180025117053e+01
2.590000000000000000e+02	2.590000000000000000e+05	5.808474741692675281e+01
2.600000000000000000e+02	2.600000000000000000e+05	5.810395881699912479e+01
2.610000000000000000e+02	2.610000000000000000e+05	5.823201800414739893e+01
2.620000000000000000e+02	2.620000000000000000e+05	5.849350726529442568e+01
2.630000000000000000e+02	2.630000000000000000e+05	5.853498825324370358e+01
2.640000000000000000e+02	2.640000000000000000e+05	5.851881584364955557e+01
2.650000000000000000e+02	2.650000000000000000e+05	5.857469416664296347e+01
2.660000000000000000e+02	2.660000000000000000e+05	5.882271753367066935e+01
2.670000000000000000e+02	2.670000000000000000e+05	5.895864115283006157e+01
2.680000000000000000e+02	2.680000000000000000e+05	5.927666550252037325e+01
2.690000000000000000e+02	2.690000000000000000e+05	5.927373786549593149e+01
2.700000000000000000e+02	2.700000000000000000e+05	5.954255779810270610e+01
2.710000000000000000e+02	2.710000000000000000e+05	5.967272774212511166e+01
2.720000000000000000e+02	2.720000000000000000e+05	5.993873737288391368e+01
2.730000000000000000e+02	2.730000000000000000e+05	6.004727505905511009e+01
2.740000000000000000e+02	2.740000000000000000e+05	6.023892940253261941e+01
2.750000000000000000e+02	2.750000000000000000e+05	6.048366001242388279e+01
2.760000000000000000e+02	2.760000000000000000e+05	6.064594296497781301e+01
2.770000000000000000e+02	2.770000000000000000e+05	6.095890267216902458e+01
2.780000000000000000e+02	2.780000000000000000e+05	6.125635681697607282e+01
2.790000000000000000e+02	2.790000000000000000e+05	6.128030137605606598e+01
2.800000000000000000e+02	2.800000000000000000e+05	6.121815996542532190e+01
2.810000000000000000e+02	2.810000000000000000e+05	6.133751209533159710e+01
2.820000000000000000e+02	2.820000000000000000e+05	6.152294781710190819e+01
2.830000000000000000e+02	2.830000000000000000e+05	6.164662529371020838e+01
2.840000000000000000e+02	2.840000000000000000e+05	6.189514896176128644e+01
2.850000000000000000e+02	2.850000000000000000e+05	6.193652352700346597e+01
2.860000000000000000e+02	2.860000000000000000e+05	6.231341400527579566e+01
2.870000000000000000e+02	2.870000000000000000e+05	6.249157343107090412e+01
2.880000000000000000e+02	2.880000000000000000e+05	6.262914474439120482e+01
2.890000000000000000e+02	2.890000000000000000e+05	6.269598522332903201e+01
2.900000000000000000e+02	2.900000000000000000e+05	6.288767831038764911e+01
2.910000000000000000e+02	2.910000000000000000e+05	6.287145718683248674e+01
2.920000000000000000e+02	2.920000000000000000e+05	6.311764717795503543e+01
2.930000000000000000e+02	2.930000000000000000e+05	6.335823063323616111e+01
2.940000000000000000e+02	2.940000000000000000e+05	6.340546266938832076e+01
2.950000000000000000e+02	2.950000000000000000e+05	6.378230395200112213e+01
2.960000000000000000e+02	2.960000000000000000e+05	6.418956734249314877e+01
2.970000000000000000e+02	2.970000000000000000e+05	6.443683623720298215e+01
2.980000000000000000e+02	2.980000000000000000e+05	6.455941311995557896e+01
2.990000000000000000e+02	2.990000000000000000e+05	6.471423337746408322e+01
3.000000000000000000e+02	3.000000000000000000e+05	6.487969671827845275e+01
3.010000000000000000e+02	3.010000000000000000e+05	6.513068300043067893e+01
3.020000000000000000e+02	3.020000000000000000e+05	6.519492961048086954e+01
3.030000000000000000e+02	3.030000000000000000e+05	6.537573885421268471e+01
3.040000000000000000e+02	3.040000000000000000e+05	6.556284157457741912e+01
3.050000000000000000e+02	3.050000000000000000e+05	6.584446674316819781e+01
3.060000000000000000e+02	3.060000000000000000e+05	6.586552461590203222e+01
3.070000000000000000e+02	3.070000000000000000e+05	6.604957463387158612e+01
3.080000000000000000e+02	3.080000000000000000e+05	6.615473026441721061e+01
3.090000000000000000e+02	3.090000000000000000e+05	6.632480851377259512e+01
3.100000000000000000e+02	3.100000000000000000e+05	6.647213885579361659e+01
3.110000000000000000e+02	3.110000000000000000e+05	6.639612799259910503e+01
3.120000000000000000e+02	3.120000000000000000e+05	6.639229423276036357e+01
3.130000000000000000e+02	3.130000000000000000e+05	6.668030233603327872e+01
3.140000000000000000e+02	3.140000000000000000e+05	6.679134071413317031e+01
3.150000000000000000e+02	3.150000000000000000e+05	6.721463158256486281e+01
3.160000000000000000e+02	3.160000000000000000e+05	6.733524108840737199e+01
3.170000000000000000e+02	3.170000000000000000e+05	6.750908183646861005e+01
3.180000000000000000e+02	3.180000000000000000e+05	6.742978369816087536e+01
3.190000000000000000e+02	3.190000000000000000e+05	6.771433725088343181e+01
3.200000000000000000e+02	3.200000000000000000e+05	6.778932230736354825e+01
3.210000000000000000e+02	3.210000000000000000e+05	6.828618664041307795e+01
3.220000000000000000e+02	3.220000000000000000e+05	6.845298020357897428e+01
3.230000000000000000e+02	3.230000000000000000e+05	6.879615216189587557e+01
3.240000000000000000e+02	3.240000000000000000e+05	6.902564785723474472e+01
3.250000000000000000e+02	3.250000000000000000e+05	6.919859032090707274e+01
3.260000000000000000e+02	3.260000000000000000e+05	6.938733405781059105e+01
3.270000000000000000e+02	3.270000000000000000e+05	6.945685656645278527e+01
3.280000000000000000e+02	3.280000000000000000e+05	6.971802131674533598e+01
3.290000000000000000e+02	3.290000000000000000e+05	7.022487880921063663e+01
3.300000000000000000e+02	3.300000000000000000e+05	7.038677568006606577e+01
3.310000000000000000e+02	3.310000000000000000e+05	7.045783263614019631e+01
3.320000000000000000e+02	3.320000000000000000e+05	7.083332476366811647e+01
3.330000000000000000e+02	3.330000000000000000e+05	7.098590527684835649e+01
3.340000000000000000e+02	3.340000000000000000e+05	7.130063158527353551e+01
3.350000000000000000e+02	3.350000000000000000e+05	7.143079943044239144e+01
3.360000000000000000e+02	3.360000000000000000e+05	7.156777388979169530e+01
3.370000000000000000e+02	3.370000000000000000e+05	7.156541150947943208e+01
3.380000000000000000e+02	3.380000000000000000e+05	7.175776102362669917e+01
3.390000000000000000e+02	3.390000000000000000e+05	7.192788975988038658e+01
3.400000000000000000e+02	3.400000000000000000e+05	7.217066944402095885e+01
3.410000000000000000e+02	3.410000000000000000e+05	7.219206259966165362e+01
3.420000000000000000e+02	3.420000000000000000e+05	7.232142511819027675e+01
3.430000000000000000e+02	3.430000000000000000e+05	7.245842327257872739e+01
3.440000000000000000e+02	3.440000000000000000e+05	7.255136538908023169e+01
3.450000000000000000e+02	3.450000000000000000e+05	7.273640996583355900e+01
3.460000000000000000e+02	3.460000000000000000e+05	7.286229477232792817e+01
3.470000000000000000e+02	3.470000000000000000e+05	7.310595885295599317e+01
3.480000000000000000e+02	3.480000000000000000e+05	7.324174180912143584e+01
3.490000000000000000e+02	3.490000000000000000e+05	7.341804502540411193e+01
3.500000000000000000e+02	3.500000000000000000e+05	7.368198983437450522e+01
3.510000000000000000e+02	3.510000000000000000e+05	7.383546022330298797e+01
3.520000000000000000e+02	3.520000000000000000e+05	7.420688952893203805e+01
3.530000000000000000e+02	3.530000000000000000e+05	7.427641335112846832e+01
3.540000000000000000e+02	3.540000000000000000e+05	7.451424352162460707e+01
3.550000000000000000e+02	3.550000000000000000e+05	7.468398847258663409e+01
3.560000000000000000e+02	3.560000000000000000e+05	7.475745801150773673e+01
3.570000000000000000e+02	3.570000000000000000e+05	7.493745570509435083e+01
3.580000000000000000e+02	3.580000000000000000e+05	7.500793744173769539e+01
3.590000000000000000e+02	3.590000000000000000e+05	7.536692850757026463e+01
3.600000000000000000e+02	3.600000000000000000e+05	7.555080667104969905e+01
3.610000000000000000e+02	3.610000000000000000e+05	7.559783415046452149e+01
3.620000000000000000e+02	3.620000000000000000e+05	7.578938265444537592e+01
3.630000000000000000e+02	3.630000000000000000e+05	7.596906346700095014e+01
3.640000000000000000e+02	3.640000000000000000e+05	7.608567687823928338e+01
3.650000000000000000e+02	3.650000000000000000e+05	7.605833653512200954e+01
3.660000000000000000e+02	3.660000000000000000e+05	7.612194204012367038e+01
3.670000000000000000e+02	3.670000000000000000e+05	7.651155203136971750e+01
3.680000000000000000e+02	3.680000000000000000e+05	7.683412818757727791e+01
3.690000000000000000e+02	3.690000000000000000e+05	7.681432035151505033e+01
3.700000000000000000e+02	3.700000000000000000e+05	7.690973766554468227e+01
3.710000000000000000e+02	3.710000000000000000e+05	7.727408493677843637e+01
3.720000000000000000e+02	3.720000000000000000e+05	7.747954121117969351e+01
3.730000000000000000e+02	3.730000000000000000e+05	7.740163855371065438e+01
3.740000000000000000e+02	3.740000000000000000e+05	7.745743272553075087e+01
3.750000000000000000e+02	3.750000000000000000e+05	7.729005725721756903e+01
3.760000000000000000e+02	3.760000000000000000e+05	7.719879643947288628e+01
3.770000000000000000e+02	3.770000000000000000e+05	7.752299401613146301e+01
3.780000000000000000e+02	3.780000000000000000e+05	7.772914815285473367e+01
3.790000000000000000e+02	3.790000000000000000e+05	7.801416046127765469e+01
3.800000000000000000e+02	3.800000000000000000e+05	7.824802866091110332e+01
3.810000000000000000e+02	3.810000000000000000e+05	7.833441873077356377e+01
3.820000000000000000e+02	3.820000000000000000e+05	7.844368289780972248e+01
3.830000000000000000e+02	3.830000000000000000e+05	7.858674326242532970e+01
3.840000000000000000e+02	3.840000000000000000e+05	7.881607906341704961e+01
3.850000000000000000e+02	3.850000000000000000e+05	7.895768058539098888e+01
3.860000000000000000e+02	3.860000000000000000e+05	7.903836530479524924e+01
3.870000000000000000e+02	3.870000000000000000e+05	7.923436043555221886e+01
3.880000000000000000e+02	3.880000000000000000e+05	7.931638742114543561e+01
3.890000000000000000e+02	3.890000000000000000e+05	7.935292150757815932e+01
3.900000000000000000e+02	3.900000000000000000e+05	7.928200698706815785e+01
3.910000000000000000e+02	3.910000000000000000e+05	7.947242603380159665e+01
3.920000000000000000e+02	3.920000000000000000e+05	7.969613285829447591e+01
3.930000000000000000e+02	3.930000000000000000e+05	7.994168292781425578e+01
3.940000000000000000e+02	3.940000000000000000e+05	7.986793999629762197e+01
3.950000000000000000e+02	3.950000000000000000e+05	8.015413319359726074e+01
3.960000000000000000e+02	3.960000000000000000e+05	8.031618706835902799e+01
3.970000000000000000e+02	3.970000000000000000e+05	8.054612597237331784e+01
3.980000000000000000e+02	3.980000000000000000e+05	8.054352936538823826e+01
3.990000000000000000e+02	3.990000000000000000e+05	8.068349245306569628e+01
4.000000000000000000e+02	4.000000000000000000e+05	8.083754771005803264e+01
4.010000000000000000e+02	4.010000000000000000e+05	8.087598947059390753e+01
4.020000000000000000e+02	4.020000000000000000e+05	8.090843651707635331e+01
4.030000000000000000e+02	4.030000000000000000e+05	8.117612263444928544e+01
4.040000000000000000e+02	4.040000000000000000e+05	8.129621989383376501e+01
4.050000000000000000e+02	4.050000000000000000e+05	8.152579003080141717e+01
4.060000000000000000e+02	4.060000000000000000e+05	8.152939060814574646e+01
4.070000000000000000e+02	4.070000000000000000e+05	8.174853660244804132e+01
4.080000000000000000e+02	4.080000000000000000e+05	8.194096573087628599e+01
4.090000000000000000e+02	4.090000000000000000e+05	8.209541756531412204e+01
4.100000000000000000e+02	4.100000000000000000e+05	8.230913667735289607e+01
4.110000000000000000e+02	4.110000000000000000e+05	8.245921561665838340e+01
4.120000000000000000e+02	4.120000000000000000e+05	8.245988412216426866e+01
4.130000000000000000e+02	4.130000000000000000e+05	8.266592767970638533e+01
4.140000000000000000e+02	4.140000000000000000e+05	8.279746470801637770e+01
4.150000000000000000e+02	4.150000000000000000e+05	8.306858180277235704e+01
4.160000000000000000e+02	4.160000000000000000e+05	8.319273598088655319e+01
4.170000000000000000e+02	4.170000000000000000e+05	8.334698156697049853e+01
4.180000000000000000e+02	4.180000000000000000e+05	8.335886522109035468e+01
4.190000000000000000e+02	4.190000000000000000e+05	8.351625379064805088e+01
4.200000000000000000e+02	4.200000000000000000e+05	8.391091467298153361e+01
4.210000000000000000e+02	4.210000000000000000e+05	8.403083704915486862e+01
4.220000000000000000e+02	4.220000000000000000e+05	8.404185198838548843e+01
4.230000000000000000e+02	4.230000000000000000e+05	8.421064448420150939e+01
4.240000000000000000e+02	4.240000000000000000e+05	8.445443020249705057e+01
4.250000000000000000e+02	4.250000000000000000e+05	8.459718441273335543e+01
4.260000000000000000e+02	4.260000000000000000e+05	8.470573561590649092e+01
4.270000000000000000e+02	4.270000000000000000e+05	8.489709091716092360e+01
4.280000000000000000e+02	4.280000000000000000e+05	8.517981725527808123e+01
4.290000000000000000e+02	4.290000000000000000e+05	8.529187270279774680e+01
4.300000000000000000e+02	4.300000000000000000e+05	8.554766637780970484e+01
4.310000000000000000e+02	4.310000000000000000e+05	8.553776995496129132e+01
4.320000000000000000e+02	4.320000000000000000e+05	8.560674807144877718e+01
4.330000000000000000e+02	4.330000000000000000e+05	8.549204407120144822e+01
4.340000000000000000e+02	4.340000000000000000e+05	8.564755474439127170e+01
4.350000000000000000e+02	4.350000000000000000e+05	8.569896173952888319e+01
4.360000000000000000e+02	4.360000000000000000e+05	8.571157585888097685e+01
4.370000000000000000e+02	4.370000000000000000e+05	8.587278142754610144e+01
4.380000000000000000e+02	4.380000000000000000e+05	8.595110081426892634e+01
4.390000000000000000e+02	4.390000000000000000e+05	8.600701828761698664e+01
4.400000000000000000e+02	4.400000000000000000e+05	8.616207427141623043e+01
4.410000000000000000e+02	4.410000000000000000e+05	8.630163129659115384e+01
4.420000000000000000e+02	4.420000000000000000e+05	8.646557331118194156e+01
4.430000000000000000e+02	4.430000000000000000e+05	8.683866424130287953e+01
4.440000000000000000e+02	4.440000000000000000e+05	8.700185692149671013e+01
4.450000000000000000e+02	4.450000000000000000e+05	8.703676679289348783e+01
4.460000000000000000e+02	4.460000000000000000e+05	8.736690107350575829e+01
4.470000000000000000e+02	4.470000000000000000e+05	8.758871652520511475e+01
4.480000000000000000e+02	4.480000000000000000e+05	8.774551441224851089e+01
4.490000000000000000e+02	4.490000000000000000e+05	8.786818852692586290e+01
4.500000000000000000e+02	4.500000000000000000e+05	8.810874541008705307e+01
4.510000000000000000e+02	4.510000000000000000e+05	8.826486147283691253e+01
4.520000000000000000e+02	4.520000000000000000e+05	8.856858704947713079e+01
4.530000000000000000e+02	4.530000000000000000e+05	8.880888293479920037e+01
4.540000000000000000e+02	4.540000000000000000e+05	8.903119089820745558e+01
4.550000000000000000e+02	4.550000000000000000e+05	8.915424441929228294e+01
4.560000000000000000e+02	4.560000000000000000e+05	8.920857769583111008e+01
4.570000000000000000e+02	4.570000000000000000e+05	8.930659997125800942e+01
4.580000000000000000e+02	4.580000000000000000e+05	8.951327622351844582e+01
4.590000000000000000e+02	4.590000000000000000e+05	8.959788439877570454e+01
4.600000000000000000e+02	4.600000000000000000e+05	8.978234576367350428e+01
4.610000000000000000e+02	4.610000000000000000e+05	8.998562839213960274e+01
4.620000000000000000e+02	4.620000000000000000e+05	9.011802269378793540e+01
4.630000000000000000e+02	4.630000000000000000e+05	9.029789182665452074e+01
4.640000000000000000e+02	4.640000000000000000e+05	9.046862607026574210e+01
4.650000000000000000e+02	4.650000000000000000e+05	9.061726653204381421e+01
4.660000000000000000e+02	4.660000000000000000e+05	9.096581404803744419e+01
4.670000000000000000e+02	4.670000000000000000e+05	9.108951449342335138e+01
4.680000000000000000e+02	4.680000000000000000e+05	9.104235161895475414e+01
4.690000000000000000e+02	4.690000000000000000e+05	9.131929553782141795e+01
4.700000000000000000e+02	4.700000000000000000e+05	9.171902505454841048e+01
4.710000000000000000e+02	4.710000000000000000e+05	9.192741730037303682e+01
4.720000000000000000e+02	4.720000000000000000e+05	9.209479288283093013e+01
4.730000000000000000e+02	4.730000000000000000e+05	9.248140749297628815e+01
4.740000000000000000e+02	4.740000000000000000e+05	9.250193770740715138e+01
4.750000000000000000e+02	4.750000000000000000e+05	9.272002556551839803e+01
4.760000000000000000e+02	4.760000000000000000e+05	9.286403292234057005e+01
4.770000000000000000e+02	4.770000000000000000e+05	9.279709200389083890e+01
4.780000000000000000e+02	4.780000000000000000e+05	9.296647107333357951e+01
4.790000000000000000e+02	4.790000000000000000e+05	9.321028221422452020e+01
4.800000000000000000e+02	4.800000000000000000e+05	9.330519732695950097e+01
4.810000000000000000e+02	4.810000000000000000e+05	9.338217251774695171e+01
4.820000000000000000e+02	4.820000000000000000e+05	9.357546421840250161e+01
4.830000000000000000e+02	4.830000000000000000e+05	9.356183084736511546e+01
4.840000000000000000e+02	4.840000000000000000e+05	9.347900694732746274e+01
4.850000000000000000e+02	4.850000000000000000e+05	9.352453389125631134e+01
4.860000000000000000e+02	4.860000000000000000e+05	9.335074663946257090e+01
4.870000000000000000e+02	4.870000000000000000e+05	9.367599282678099826e+01
4.880000000000000000e+02	4.880000000000000000e+05	9.377475313300064386e+01
4.890000000000000000e+02	4.890000000000000000e+05	9.410074663427627684e+01
4.900000000000000000e+02	4.900000000000000000e+05	9.396526285105647958e+01
4.910000000000000000e+02	4.910000000000000000e+05	9.406372777160832754e+01
4.920000000000000000e+02	4.920000000000000000e+05	9.405977703421491753e+01
4.930000000000000000e+02	4.930000000000000000e+05	9.428600530778273026e+01
4.940000000000000000e+02	4.940000000000000000e+05	9.451780122347291524e+01
4.950000000000000000e+02	4.950000000000000000e+05	9.467112546128259964e+01
4.960000000000000000e+02	4.960000000000000000e+05	9.479350721420749437e+01
4.970000000000000000e+02	4.970000000000000000e+05	9.498780241253773227e+01
4.980000000000000000e+02	4.980000000000000000e+05	9.512818681734978554e+01
4.990000000000000000e+02	4.990000000000000000e+05	9.535496640175942673e+01
5.000000000000000000e+02	5.000000000000000000e+05	9.560604416140105855e+01
5.010000000000000000e+02	5.010000000000000000e+05	9.569799334416488534e+01
5.020000000000000000e+02	5.020000000000000000e+05	9.592366094755625738e+01
5.030000000000000000e+02	5.030000000000000000e+05	9.619298381216050586e+01
5.040000000000000000e+02	5.040000000000000000e+05	9.650255521011452231e+01
5.050000000000000000e+02	5.050000000000000000e+05	9.666769611811736240e+01
5.060000000000000000e+02	5.060000000000000000e+05	9.684668059275932706e+01
5.070000000000000000e+02	5.070000000000000000e+05	9.691122586441431963e+01
5.080000000000000000e+02	5.080000000000000000e+05	9.703222821267722509e+01
5.090000000000000000e+02	5.090000000000000000e+05	9.721737901500935664e+01
5.100000000000000000e+02	5.100000000000000000e+05	9.735236318351383034e+01
5.110000000000000000e+02	5.110000000000000000e+05	9.741146840607541435e+01
5.120000000000000000e+02	5.120000000000000000e+05	9.756654663988175002e+01
5.130000000000000000e+02	5.130000000000000000e+05	9.758542251383477151e+01
5.140000000000000000e+02	5.140000000000000000e+05	9.764741090768812626e+01
5.150000000000000000e+02	5.150000000000000000e+05	9.794269159279095049e+01
5.160000000000000000e+02	5.160000000000000000e+05	9.829611325969291613e+01
5.170000000000000000e+02	5.170000000000000000e+05	9.852287843296250003e+01
5.180000000000000000e+02	5.180000000000000000e+05	9.869187783005499170e+01
5.190000000000000000e+02	5.190000000000000000e+05	9.879489944552911140e+01
5.200000000000000000e+02	5.200000000000000000e+05	9.909974027515875150e+01
5.210000000000000000e+02	5.210000000000000000e+05	9.937890624078387702e+01
5.220000000000000000e+02	5.220000000000000000e+05	9.951077398272468599e+01
5.230000000000000000e+02	5.230000000000000000e+05	9.959029187556551221e+01
5.240000000000000000e+02	5.240000000000000000e+05	9.981739888942013295e+01
5.250000000000000000e+02	5.250000000000000000e+05	9.988497076268564001e+01
5.260000000000000000e+02	5.260000000000000000e+05	9.992971018667763872e+01
5.270000000000000000e+02	5.270000000000000000e+05	9.978321516138653635e+01
5.280000000000000000e+02	5.280000000000000000e+05	9.996601969269592303e+01
5.290000000000000000e+02	5.290000000000000000e+05	9.997598702148545158e+01
5.300000000000000000e+02	5.300000000000000000e+05	1.000470800482092955e+02
5.310000000000000000e+02	5.310000000000000000e+05	1.001176716501184956e+02
5.320000000000000000e+02	5.320000000000000000e+05	1.002420658098542816e+02
5.330000000000000000e+02	5.330000000000000000e+05	1.003266241763751907e+02
5.340000000000000000e+02	5.340000000000000000e+05	1.003269494769346721e+02
5.350000000000000000e+02	5.350000000000000000e+05	1.004522246552570124e+02
5.360000000000000000e+02	5.360000000000000000e+05	1.005200547416826709e+02
5.370000000000000000e+02	5.370000000000000000e+05	1.005472329019196991e+02
5.380000000000000000e+02	5.380000000000000000e+05	1.007855347847818450e+02
5.390000000000000000e+02	5.390000000000000000e+05	1.008235749491528708e+02
5.400000000000000000e+02	5.400000000000000000e+05	1.007632989151393303e+02
5.410000000000000000e+02	5.410000000000000000e+05	1.008343838607439977e+02
5.420000000000000000e+02	5.420000000000000000e+05	1.007945730998598748e+02
5.430000000000000000e+02	5.430000000000000000e+05	1.009127437915923622e+02
5.440000000000000000e+02	5.440000000000000000e+05	1.010611488596531018e+02
5.450000000000000000e+02	5.450000000000000000e+05	1.012268868417133802e+02
