0.000000000000000000e+00	0.000000000000000000e+00	5.838807664611586336e-06
1.000000000000000000e+00	1.000000000000000000e+03	1.546895486524413110e+00
2.000000000000000000e+00	2.000000000000000000e+03	2.188907594955285862e+00
3.000000000000000000e+00	3.000000000000000000e+03	2.391901254377273744e+00
4.000000000000000000e+00	4.000000000000000000e+03	2.829756051450635468e+00
5.000000000000000000e+00	5.000000000000000000e+03	3.151547680213127478e+00
6.000000000000000000e+00	6.000000000000000000e+03	3.488082982229105067e+00
7.000000000000000000e+00	7.000000000000000000e+03	4.058873197709627512e+00
8.000000000000000000e+00	8.000000000000000000e+03	4.439030659886738839e+00
9.000000000000000000e+00	9.000000000000000000e+03	5.006533364654375262e+00
1.000000000000000000e+01	1.000000000000000000e+04	5.409711596766939579e+00
1.100000000000000000e+01	1.100000000000000000e+04	5.550822127745445478e+00
1.200000000000000000e+01	1.200000000000000000e+04	5.822409920694417984e+00
1.300000000000000000e+01	1.300000000000000000e+04	6.049497865686750409e+00
1.400000000000000000e+01	1.400000000000000000e+04	6.424347385873947935e+00
1.500000000000000000e+01	1.500000000000000000e+04	6.990999694269527609e+00
1.600000000000000000e+01	1.600000000000000000e+04	7.184643625801624189e+00
1.700000000000000000e+01	1.700000000000000000e+04	7.546284908688230431e+00
1.800000000000000000e+01	1.800000000000000000e+04	7.772909710489652291e+00
1.900000000000000000e+01	1.900000000000000000e+04	7.901507805153879183e+00
2.000000000000000000e+01	2.000000000000000000e+04	8.155001654990195803e+00
2.100000000000000000e+01	2.100000000000000000e+04	8.406118152878478966e+00
2.200000000000000000e+01	2.200000000000000000e+04	8.606828670297023365e+00
2.300000000000000000e+01	2.300000000000000000e+04	9.130964298394561141e+00
2.400000000000000000e+01	2.400000000000000000e+04	9.474015942093027220e+00
2.500000000000000000e+01	2.500000000000000000e+04	9.553015102386060775e+00
2.600000000000000000e+01	2.600000000000000000e+04	9.847368277485157861e+00
2.700000000000000000e+01	2.700000000000000000e+04	1.018741369191239166e+01
2.800000000000000000e+01	2.800000000000000000e+04	1.051630952376288697e+01
2.900000000000000000e+01	2.900000000000000000e+04	1.042056508580345486e+01
3.000000000000000000e+01	3.000000000000000000e+04	1.030433205526743734e+01
3.100000000000000000e+01	3.100000000000000000e+04	1.050512947687370691e+01
3.200000000000000000e+01	3.200000000000000000e+04	1.045784997324008714e+01
3.300000000000000000e+01	3.300000000000000000e+04	1.051807908191547014e+01
3.400000000000000000e+01	3.400000000000000000e+04	1.046389223611387109e+01
3.500000000000000000e+01	3.500000000000000000e+04	1.083765180091445046e+01
3.600000000000000000e+01	3.600000000000000000e+04	1.091478582429514965e+01
3.700000000000000000e+01	3.700000000000000000e+04	1.095574280961643332e+01
3.800000000000000000e+01	3.800000000000000000e+04	1.091596901394402330e+01
3.900000000000000000e+01	3.900000000000000000e+04	1.136293729973045252e+01
4.000000000000000000e+01	4.000000000000000000e+04	1.189981768876707413e+01
4.100000000000000000e+01	4.100000000000000000e+04	1.191473736237144543e+01
4.200000000000000000e+01	4.200000000000000000e+04	1.226533023504372366e+01
4.300000000000000000e+01	4.300000000000000000e+04	1.241217319979993050e+01
4.400000000000000000e+01	4.400000000000000000e+04	1.243589384697296829e+01
4.500000000000000000e+01	4.500000000000000000e+04	1.279604676638041028e+01
4.600000000000000000e+01	4.600000000000000000e+04	1.273579809709492849e+01
4.700000000000000000e+01	4.700000000000000000e+04	1.285039411700393686e+01
4.800000000000000000e+01	4.800000000000000000e+04	1.303697235237053142e+01
4.900000000000000000e+01	4.900000000000000000e+04	1.312244872526898298e+01
5.000000000000000000e+01	5.000000000000000000e+04	1.318502712464997373e+01
5.100000000000000000e+01	5.100000000000000000e+04	1.340102984685021958e+01
5.200000000000000000e+01	5.200000000000000000e+04	1.358099557911508271e+01
5.300000000000000000e+01	5.300000000000000000e+04	1.404923303516748412e+01
5.400000000000000000e+01	5.400000000000000000e+04	1.413162508419118879e+01
5.500000000000000000e+01	5.500000000000000000e+04	1.409731106073109608e+01
5.600000000000000000e+01	5.600000000000000000e+04	1.433908899232745071e+01
5.700000000000000000e+01	5.700000000000000000e+04	1.434946567212744561e+01
5.800000000000000000e+01	5.800000000000000000e+04	1.451846943277587698e+01
5.900000000000000000e+01	5.900000000000000000e+04	1.490720705566003446e+01
6.000000000000000000e+01	6.000000000000000000e+04	1.519975006735102063e+01
6.100000000000000000e+01	6.100000000000000000e+04	1.519961600737176965e+01
6.200000000000000000e+01	6.200000000000000000e+04	1.541827263811195259e+01
6.300000000000000000e+01	6.300000000000000000e+04	1.559774299593922287e+01
6.400000000000000000e+01	6.400000000000000000e+04	1.598049752870165641e+01
6.500000000000000000e+01	6.500000000000000000e+04	1.654897881922774161e+01
6.600000000000000000e+01	6.600000000000000000e+04	1.647084595457031497e+01
6.700000000000000000e+01	6.700000000000000000e+04	1.648674491187744806e+01
6.800000000000000000e+01	6.800000000000000000e+04	1.651607090463773986e+01
6.900000000000000000e+01	6.900000000000000000e+04	1.645622450047181218e+01
7.000000000000000000e+01	7.000000000000000000e+04	1.652532246911894731e+01
7.100000000000000000e+01	7.100000000000000000e+04	1.652430876890022660e+01
7.200000000000000000e+01	7.200000000000000000e+04	1.651928091668835208e+01
7.300000000000000000e+01	7.300000000000000000e+04	1.686428248138766506e+01
7.400000000000000000e+01	7.400000000000000000e+04	1.699324609972523348e+01
7.500000000000000000e+01	7.500000000000000000e+04	1.711133081587753324e+01
7.600000000000000000e+01	7.600000000000000000e+04	1.745956603205489799e+01
7.700000000000000000e+01	7.700000000000000000e+04	1.779714861165270179e+01
7.800000000000000000e+01	7.800000000000000000e+04	1.792864727007142633e+01
7.900000000000000000e+01	7.900000000000000000e+04	1.795809825811009475e+01
8.000000000000000000e+01	8.000000000000000000e+04	1.790064553346943299e+01
8.100000000000000000e+01	8.100000000000000000e+04	1.788904978211304453e+01
8.200000000000000000e+01	8.200000000000000000e+04	1.766583859108207832e+01
8.300000000000000000e+01	8.300000000000000000e+04	1.762404984123949347e+01
8.400000000000000000e+01	8.400000000000000000e+04	1.781015309019927173e+01
8.500000000000000000e+01	8.500000000000000000e+04	1.779385272675966334e+01
8.600000000000000000e+01	8.600000000000000000e+04	1.830791440334412812e+01
8.700000000000000000e+01	8.700000000000000000e+04	1.828099694111941176e+01
8.800000000000000000e+01	8.800000000000000000e+04	1.824226493150685613e+01
8.900000000000000000e+01	8.900000000000000000e+04	1.837342623206961889e+01
9.000000000000000000e+01	9.000000000000000000e+04	1.831760592402430987e+01
9.100000000000000000e+01	9.100000000000000000e+04	1.835862691907917110e+01
9.200000000000000000e+01	9.200000000000000000e+04	1.846925750018801438e+01
9.300000000000000000e+01	9.300000000000000000e+04	1.878655055534274609e+01
9.400000000000000000e+01	9.400000000000000000e+04	1.898687063262302033e+01
9.500000000000000000e+01	9.500000000000000000e+04	1.927704702200923137e+01
9.600000000000000000e+01	9.600000000000000000e+04	1.940166955586794018e+01
9.700000000000000000e+01	9.700000000000000000e+04	1.925943634634722557e+01
9.800000000000000000e+01	9.800000000000000000e+04	1.952776316390342259e+01
9.900000000000000000e+01	9.900000000000000000e+04	1.988218604593827976e+01
1.000000000000000000e+02	1.000000000000000000e+05	1.993399822413975286e+01
1.010000000000000000e+02	1.010000000000000000e+05	2.001734197904094614e+01
1.020000000000000000e+02	1.020000000000000000e+05	2.035156117008089893e+01
1.030000000000000000e+02	1.030000000000000000e+05	2.069608310204664292e+01
1.040000000000000000e+02	1.040000000000000000e+05	2.119309667255150487e+01
1.050000000000000000e+02	1.050000000000000000e+05	2.152663757819991730e+01
1.060000000000000000e+02	1.060000000000000000e+05	2.193748183111677719e+01
1.070000000000000000e+02	1.070000000000000000e+05	2.213771574399545727e+01
1.080000000000000000e+02	1.080000000000000000e+05	2.249487831773085489e+01
1.090000000000000000e+02	1.090000000000000000e+05	2.247622705545548527e+01
1.100000000000000000e+02	1.100000000000000000e+05	2.271781703508798955e+01
1.110000000000000000e+02	1.110000000000000000e+05	2.291058814927370690e+01
1.120000000000000000e+02	1.120000000000000000e+05	2.291189411741087412e+01
1.130000000000000000e+02	1.130000000000000000e+05	2.278697367143335129e+01
1.140000000000000000e+02	1.140000000000000000e+05	2.309026520606212785e+01
1.150000000000000000e+02	1.150000000000000000e+05	2.335143812170497313e+01
1.160000000000000000e+02	1.160000000000000000e+05	2.330753724056760845e+01
1.170000000000000000e+02	1.170000000000000000e+05	2.346332629404675885e+01
1.180000000000000000e+02	1.180000000000000000e+05	2.354426806006005179e+01
1.190000000000000000e+02	1.190000000000000000e+05	2.390957414239497680e+01
1.200000000000000000e+02	1.200000000000000000e+05	2.422157004640006406e+01
1.210000000000000000e+02	1.210000000000000000e+05	2.478336125508559107e+01
1.220000000000000000e+02	1.220000000000000000e+05	2.506157848426825296e+01
1.230000000000000000e+02	1.230000000000000000e+05	2.552786034432159212e+01
1.240000000000000000e+02	1.240000000000000000e+05	2.590837321133268034e+01
1.250000000000000000e+02	1.250000000000000000e+05	2.624082154133011713e+01
1.260000000000000000e+02	1.260000000000000000e+05	2.631527242659448618e+01
1.270000000000000000e+02	1.270000000000000000e+05	2.631545232158847369e+01
1.280000000000000000e+02	1.280000000000000000e+05	2.637613940845463745e+01
1.290000000000000000e+02	1.290000000000000000e+05	2.670547528507576018e+01
1.300000000000000000e+02	1.300000000000000000e+05	2.680043242431510109e+01
1.310000000000000000e+02	1.310000000000000000e+05	2.725995370984328403e+01
1.320000000000000000e+02	1.320000000000000000e+05	2.769996449092102253e+01
1.330000000000000000e+02	1.330000000000000000e+05	2.785965433791383816e+01
1.340000000000000000e+02	1.340000000000000000e+05	2.816108177762268738e+01
1.350000000000000000e+02	1.350000000000000000e+05	2.852820227722462931e+01
1.360000000000000000e+02	1.360000000000000000e+05	2.867362039139791818e+01
1.370000000000000000e+02	1.370000000000000000e+05	2.867896186940361503e+01
1.380000000000000000e+02	1.380000000000000000e+05	2.864487166328236967e+01
1.390000000000000000e+02	1.390000000000000000e+05	2.873909725617441069e+01
1.400000000000000000e+02	1.400000000000000000e+05	2.904749832709876145e+01
1.410000000000000000e+02	1.410000000000000000e+05	2.947516157067321529e+01
1.420000000000000000e+02	1.420000000000000000e+05	2.978728420964400669e+01
1.430000000000000000e+02	1.430000000000000000e+05	2.993425336079393873e+01
1.440000000000000000e+02	1.440000000000000000e+05	3.015416024642044235e+01
1.450000000000000000e+02	1.450000000000000000e+05	3.078260554708439400e+01
1.460000000000000000e+02	1.460000000000000000e+05	3.105009909997363238e+01
1.470000000000000000e+02	1.470000000000000000e+05	3.110418320556410876e+01
1.480000000000000000e+02	1.480000000000000000e+05	3.115689481804780669e+01
1.490000000000000000e+02	1.490000000000000000e+05	3.163408085551800397e+01
1.500000000000000000e+02	1.500000000000000000e+05	3.184675733888587246e+01
1.510000000000000000e+02	1.510000000000000000e+05	3.223526719107536564e+01
1.520000000000000000e+02	1.520000000000000000e+05	3.237417718580064019e+01
1.530000000000000000e+02	1.530000000000000000e+05	3.241426169199080221e+01
1.540000000000000000e+02	1.540000000000000000e+05	3.308252135070081579e+01
1.550000000000000000e+02	1.550000000000000000e+05	3.340028609499267986e+01
1.560000000000000000e+02	1.560000000000000000e+05	3.347885266631091383e+01
1.570000000000000000e+02	1.570000000000000000e+05	3.384135213320065816e+01
1.580000000000000000e+02	1.580000000000000000e+05	3.397084193694184506e+01
1.590000000000000000e+02	1.590000000000000000e+05	3.416957049751257358e+01
1.600000000000000000e+02	1.600000000000000000e+05	3.449851378734767593e+01
1.610000000000000000e+02	1.610000000000000000e+05	3.482284629834138201e+01
1.620000000000000000e+02	1.620000000000000000e+05	3.522961430952287998e+01
1.630000000000000000e+02	1.630000000000000000e+05	3.545948182447001074e+01
1.640000000000000000e+02	1.640000000000000000e+05	3.578529051727450394e+01
1.650000000000000000e+02	1.650000000000000000e+05	3.621433655058248746e+01
1.660000000000000000e+02	1.660000000000000000e+05	3.638767762097041469e+01
1.670000000000000000e+02	1.670000000000000000e+05	3.668384224062776866e+01
1.680000000000000000e+02	1.680000000000000000e+05	3.701338727755755542e+01
1.690000000000000000e+02	1.690000000000000000e+05	3.724539736452826588e+01
1.700000000000000000e+02	1.700000000000000000e+05	3.752978639005966244e+01
1.710000000000000000e+02	1.710000000000000000e+05	3.774966581555671752e+01
1.720000000000000000e+02	1.720000000000000000e+05	3.788556306943934260e+01
1.730000000000000000e+02	1.730000000000000000e+05	3.792517478068548797e+01
1.740000000000000000e+02	1.740000000000000000e+05	3.817920203968516546e+01
1.750000000000000000e+02	1.750000000000000000e+05	3.824528888371381896e+01
1.760000000000000000e+02	1.760000000000000000e+05	3.849933434721132386e+01
1.770000000000000000e+02	1.770000000000000000e+05	3.873766596362601433e+01
1.780000000000000000e+02	1.780000000000000000e+05	3.898134060766992803e+01
1.790000000000000000e+02	1.790000000000000000e+05	3.889366748095230975e+01
1.800000000000000000e+02	1.800000000000000000e+05	3.875075495909113954e+01
1.810000000000000000e+02	1.810000000000000000e+05	3.941541779181701344e+01
1.820000000000000000e+02	1.820000000000000000e+05	3.979978547624962459e+01
1.830000000000000000e+02	1.830000000000000000e+05	4.043374677151476249e+01
1.840000000000000000e+02	1.840000000000000000e+05	4.070639612949284469e+01
1.850000000000000000e+02	1.850000000000000000e+05	4.090239804709964488e+01
1.860000000000000000e+02	1.860000000000000000e+05	4.124270681701614905e+01
1.870000000000000000e+02	1.870000000000000000e+05	4.148371194839442921e+01
1.880000000000000000e+02	1.880000000000000000e+05	4.178642446336943550e+01
1.890000000000000000e+02	1.890000000000000000e+05	4.183310569659980871e+01
1.900000000000000000e+02	1.900000000000000000e+05	4.201963099545717029e+01
1.910000000000000000e+02	1.910000000000000000e+05	4.216316564697958569e+01
1.920000000000000000e+02	1.920000000000000000e+05	4.269214933364284548e+01
1.930000000000000000e+02	1.930000000000000000e+05	4.327065687266780003e+01
1.940000000000000000e+02	1.940000000000000000e+05	4.346416958055667834e+01
1.950000000000000000e+02	1.950000000000000000e+05	4.356646104094097183e+01
1.960000000000000000e+02	1.960000000000000000e+05	4.351262731004334228e+01
1.970000000000000000e+02	1.970000000000000000e+05	4.382097116763024758e+01
1.980000000000000000e+02	1.980000000000000000e+05	4.389006478611334217e+01
1.990000000000000000e+02	1.990000000000000000e+05	4.365135597205604512e+01
2.000000000000000000e+02	2.000000000000000000e+05	4.375077512651076006e+01
2.010000000000000000e+02	2.010000000000000000e+05	4.406348867325715446e+01
2.020000000000000000e+02	2.020000000000000000e+05	4.406018995066890653e+01
2.030000000000000000e+02	2.030000000000000000e+05	4.417280060970571753e+01
2.040000000000000000e+02	2.040000000000000000e+05	4.414873257056559908e+01
2.050000000000000000e+02	2.050000000000000000e+05	4.419200511161371026e+01
2.060000000000000000e+02	2.060000000000000000e+05	4.454103988336093778e+01
2.070000000000000000e+02	2.070000000000000000e+05	4.441709902227297135e+01
2.080000000000000000e+02	2.080000000000000000e+05	4.439942953381516588e+01
2.090000000000000000e+02	2.090000000000000000e+05	4.475483803926382365e+01
2.100000000000000000e+02	2.100000000000000000e+05	4.510241875370564912e+01
2.110000000000000000e+02	2.110000000000000000e+05	4.538177584910474138e+01
2.120000000000000000e+02	2.120000000000000000e+05	4.550216712388081675e+01
2.130000000000000000e+02	2.130000000000000000e+05	4.569276488100645395e+01
2.140000000000000000e+02	2.140000000000000000e+05	4.574289381791096076e+01
2.150000000000000000e+02	2.150000000000000000e+05	4.602956951386865114e+01
2.160000000000000000e+02	2.160000000000000000e+05	4.619985649608246092e+01
2.170000000000000000e+02	2.170000000000000000e+05	4.625861054608261469e+01
2.180000000000000000e+02	2.180000000000000000e+05	4.667911640946525154e+01
2.190000000000000000e+02	2.190000000000000000e+05	4.683625130735107689e+01
2.200000000000000000e+02	2.200000000000000000e+05	4.682855264712193843e+01
2.210000000000000000e+02	2.210000000000000000e+05	4.696676556181999018e+01
2.220000000000000000e+02	2.220000000000000000e+05	4.707991633531705133e+01
2.230000000000000000e+02	2.230000000000000000e+05	4.727803652422191050e+01
2.240000000000000000e+02	2.240000000000000000e+05	4.736840201589070887e+01
2.250000000000000000e+02	2.250000000000000000e+05	4.719366712396092112e+01
2.260000000000000000e+02	2.260000000000000000e+05	4.713473893991562136e+01
2.270000000000000000e+02	2.270000000000000000e+05	4.716805202854527579e+01
2.280000000000000000e+02	2.280000000000000000e+05	4.754860759142554372e+01
2.290000000000000000e+02	2.290000000000000000e+05	4.763244092597992818e+01
2.300000000000000000e+02	2.300000000000000000e+05	4.786656641670761303e+01
2.310000000000000000e+02	2.310000000000000000e+05	4.813727602974088171e+01
2.320000000000000000e+02	2.320000000000000000e+05	4.846910512570831742e+01
2.330000000000000000e+02	2.330000000000000000e+05	4.865455270927522946e+01
2.340000000000000000e+02	2.340000000000000000e+05	4.878707348284383727e+01
2.350000000000000000e+02	2.350000000000000000e+05	4.905355869236197464e+01
2.360000000000000000e+02	2.360000000000000000e+05	4.921799101774799823e+01
2.370000000000000000e+02	2.370000000000000000e+05	4.925553311935685485e+01
2.380000000000000000e+02	2.380000000000000000e+05	4.938590066597279815e+01
2.390000000000000000e+02	2.390000000000000000e+05	4.948473792041050245e+01
2.400000000000000000e+02	2.400000000000000000e+05	4.957646381636480015e+01
2.410000000000000000e+02	2.410000000000000000e+05	4.975613219006202570e+01
2.420000000000000000e+02	2.420000000000000000e+05	5.004419813216129143e+01
2.430000000000000000e+02	2.430000000000000000e+05	4.994859515651525328e+01
2.440000000000000000e+02	2.440000000000000000e+05	5.014094838632849616e+01
2.450000000000000000e+02	2.450000000000000000e+05	5.036580935856866859e+01
2.460000000000000000e+02	2.460000000000000000e+05	5.001171789869488293e+01
2.470000000000000000e+02	2.470000000000000000e+05	5.028641953880568138e+01
2.480000000000000000e+02	2.480000000000000000e+05	5.055874307402120849e+01
2.490000000000000000e+02	2.490000000000000000e+05	5.072963850078641457e+01
2.500000000000000000e+02	2.500000000000000000e+05	5.085294588414886618e+01
2.510000000000000000e+02	2.510000000000000000e+05	5.095195706290797943e+01
2.520000000000000000e+02	2.520000000000000000e+05	5.116731654243913852e+01
2.530000000000000000e+02	2.530000000000000000e+05	5.105445943891160709e+01
2.540000000000000000e+02	2.540000000000000000e+05	5.140159161101131247e+01
2.550000000000000000e+02	2.550000000000000000e+05	5.166582827427556879e+01
2.560000000000000000e+02	2.560000000000000000e+05	5.165400505064226877e+01
2.570000000000000000e+02	2.570000000000000000e+05	5.170811195554059481e+01
2.580000000000000000e+02	2.580000000000000000e+05	5.187353335541466492e+01
2.590000000000000000e+02	2.590000000000000000e+05	5.221628407162273788e+01
2.600000000000000000e+02	2.600000000000000000e+05	5.200378350179708065e+01
2.610000000000000000e+02	2.610000000000000000e+05	5.215530673843374387e+01
2.620000000000000000e+02	2.620000000000000000e+05	5.258535148962754135e+01
2.630000000000000000e+02	2.630000000000000000e+05	5.287313680572093233e+01
2.640000000000000000e+02	2.640000000000000000e+05	5.280510661206472633e+01
2.650000000000000000e+02	2.650000000000000000e+05	5.317518461219756176e+01
2.660000000000000000e+02	2.660000000000000000e+05	5.347964050042332929e+01
2.670000000000000000e+02	2.670000000000000000e+05	5.364468738079008148e+01
2.680000000000000000e+02	2.680000000000000000e+05	5.378988632138424464e+01
2.690000000000000000e+02	2.690000000000000000e+05	5.387677649357529219e+01
2.700000000000000000e+02	2.700000000000000000e+05	5.425016088107886958e+01
2.710000000000000000e+02	2.710000000000000000e+05	5.441768352289699351e+01
2.720000000000000000e+02	2.720000000000000000e+05	5.467562223532651444e+01
2.730000000000000000e+02	2.730000000000000000e+05	5.487457884358985183e+01
2.740000000000000000e+02	2.740000000000000000e+05	5.520599089954529859e+01
2.750000000000000000e+02	2.750000000000000000e+05	5.525175246318695343e+01
2.760000000000000000e+02	2.760000000000000000e+05	5.533169356142234818e+01
2.770000000000000000e+02	2.770000000000000000e+05	5.548438026231332998e+01
2.780000000000000000e+02	2.780000000000000000e+05	5.567627907563021239e+01
2.790000000000000000e+02	2.790000000000000000e+05	5.604630453540752200e+01
2.800000000000000000e+02	2.800000000000000000e+05	5.605312770414726486e+01
2.810000000000000000e+02	2.810000000000000000e+05	5.638306114582425721e+01
2.820000000000000000e+02	2.820000000000000000e+05	5.697232222133614954e+01
2.830000000000000000e+02	2.830000000000000000e+05	5.718615836401472308e+01
2.840000000000000000e+02	2.840000000000000000e+05	5.730339872250882394e+01
2.850000000000000000e+02	2.850000000000000000e+05	5.728483450075759720e+01
2.860000000000000000e+02	2.860000000000000000e+05	5.760120518914690990e+01
2.870000000000000000e+02	2.870000000000000000e+05	5.792414637604410643e+01
2.880000000000000000e+02	2.880000000000000000e+05	5.841426156591720797e+01
2.890000000000000000e+02	2.890000000000000000e+05	5.873938422748514654e+01
2.900000000000000000e+02	2.900000000000000000e+05	5.899275009748398446e+01
2.910000000000000000e+02	2.910000000000000000e+05	5.925445573299909796e+01
2.920000000000000000e+02	2.920000000000000000e+05	5.930738324042290799e+01
2.930000000000000000e+02	2.930000000000000000e+05	5.948551708414392181e+01
2.940000000000000000e+02	2.940000000000000000e+05	6.006768429385375896e+01
2.950000000000000000e+02	2.950000000000000000e+05	6.026772811477919589e+01
2.960000000000000000e+02	2.960000000000000000e+05	6.035077615690597952e+01
2.970000000000000000e+02	2.970000000000000000e+05	6.065112124419695760e+01
2.980000000000000000e+02	2.980000000000000000e+05	6.090304957787806472e+01
2.990000000000000000e+02	2.990000000000000000e+05	6.083830300425879045e+01
3.000000000000000000e+02	3.000000000000000000e+05	6.114853580236459862e+01
3.010000000000000000e+02	3.010000000000000000e+05	6.137463447740534406e+01
3.020000000000000000e+02	3.020000000000000000e+05	6.158114455256140474e+01
3.030000000000000000e+02	3.030000000000000000e+05	6.174707168027767068e+01
3.040000000000000000e+02	3.040000000000000000e+05	6.197371772044348859e+01
3.050000000000000000e+02	3.050000000000000000e+05	6.207255071964473814e+01
3.060000000000000000e+02	3.060000000000000000e+05	6.181625254483184762e+01
3.070000000000000000e+02	3.070000000000000000e+05	6.162095804386815701e+01
3.080000000000000000e+02	3.080000000000000000e+05	6.157646379592232933e+01
3.090000000000000000e+02	3.090000000000000000e+05	6.197171907177975214e+01
3.100000000000000000e+02	3.100000000000000000e+05	6.228212545061108329e+01
3.110000000000000000e+02	3.110000000000000000e+05	6.237013565456754804e+01
3.120000000000000000e+02	3.120000000000000000e+05	6.264808269846296440e+01
3.130000000000000000e+02	3.130000000000000000e+05	6.265405140420764951e+01
3.140000000000000000e+02	3.140000000000000000e+05	6.280076174819984658e+01
3.150000000000000000e+02	3.150000000000000000e+05	6.305933147042302522e+01
3.160000000000000000e+02	3.160000000000000000e+05	6.321832037939268645e+01
3.170000000000000000e+02	3.170000000000000000e+05	6.345837454799330146e+01
3.180000000000000000e+02	3.180000000000000000e+05	6.367194338177728241e+01
3.190000000000000000e+02	3.190000000000000000e+05	6.412181413399871133e+01
3.200000000000000000e+02	3.200000000000000000e+05	6.431765500047181661e+01
3.210000000000000000e+02	3.210000000000000000e+05	6.445069908861403007e+01
3.220000000000000000e+02	3.220000000000000000e+05	6.451189336022909515e+01
3.230000000000000000e+02	3.230000000000000000e+05	6.475310968814116563e+01
3.240000000000000000e+02	3.240000000000000000e+05	6.467486968723488872e+01
3.250000000000000000e+02	3.250000000000000000e+05	6.462807338444848426e+01
3.260000000000000000e+02	3.260000000000000000e+05	6.479749026600165962e+01
3.270000000000000000e+02	3.270000000000000000e+05	6.505994204105566325e+01
3.280000000000000000e+02	3.280000000000000000e+05	6.505708998229542317e+01
3.290000000000000000e+02	3.290000000000000000e+05	6.498603171897192965e+01
3.300000000000000000e+02	3.300000000000000000e+05	6.518841369080921311e+01
3.310000000000000000e+02	3.310000000000000000e+05	6.513419184549391616e+01
3.320000000000000000e+02	3.320000000000000000e+05	6.518825955124201244e+01
3.330000000000000000e+02	3.330000000000000000e+05	6.539694056851627124e+01
3.340000000000000000e+02	3.340000000000000000e+05	6.541250228337855788e+01
3.350000000000000000e+02	3.350000000000000000e+05	6.570004086035882551e+01
3.360000000000000000e+02	3.360000000000000000e+05	6.597817321773551669e+01
3.370000000000000000e+02	3.370000000000000000e+05	6.629161521635143117e+01
3.380000000000000000e+02	3.380000000000000000e+05	6.618937677929581298e+01
3.390000000000000000e+02	3.390000000000000000e+05	6.624088998303876963e+01
3.400000000000000000e+02	3.400000000000000000e+05	6.636373018670980173e+01
3.410000000000000000e+02	3.410000000000000000e+05	6.643789918793113713e+01
3.420000000000000000e+02	3.420000000000000000e+05	6.640718515342653916e+01
3.430000000000000000e+02	3.430000000000000000e+05	6.630783644503524954e+01
3.440000000000000000e+02	3.440000000000000000e+05	6.648726458398240879e+01
3.450000000000000000e+02	3.450000000000000000e+05	6.661401295106495013e+01
3.460000000000000000e+02	3.460000000000000000e+05	6.689736012852321778e+01
3.470000000000000000e+02	3.470000000000000000e+05	6.714306496317027495e+01
3.480000000000000000e+02	3.480000000000000000e+05	6.698643516335972947e+01
3.490000000000000000e+02	3.490000000000000000e+05	6.715548808610519416e+01
3.500000000000000000e+02	3.500000000000000000e+05	6.713135822613783432e+01
3.510000000000000000e+02	3.510000000000000000e+05	6.718811407604327712e+01
3.520000000000000000e+02	3.520000000000000000e+05	6.733729182789636525e+01
3.530000000000000000e+02	3.530000000000000000e+05	6.739045980042484985e+01
3.540000000000000000e+02	3.540000000000000000e+05	6.746087851929304691e+01
3.550000000000000000e+02	3.550000000000000000e+05	6.746633709792187972e+01
3.560000000000000000e+02	3.560000000000000000e+05	6.749476869252875133e+01
3.570000000000000000e+02	3.570000000000000000e+05	6.758517251980364904e+01
3.580000000000000000e+02	3.580000000000000000e+05	6.795900296588246192e+01
3.590000000000000000e+02	3.590000000000000000e+05	6.801123375826266226e+01
3.600000000000000000e+02	3.600000000000000000e+05	6.824981537669803799e+01
3.610000000000000000e+02	3.610000000000000000e+05	6.851714558065553717e+01
3.620000000000000000e+02	3.620000000000000000e+05	6.856101460470964071e+01
3.630000000000000000e+02	3.630000000000000000e+05	6.873713348420510272e+01
3.640000000000000000e+02	3.640000000000000000e+05	6.882334594099634728e+01
3.650000000000000000e+02	3.650000000000000000e+05	6.904547038317117824e+01
3.660000000000000000e+02	3.660000000000000000e+05	6.958729315521830472e+01
3.670000000000000000e+02	3.670000000000000000e+05	6.946349692351712690e+01
3.680000000000000000e+02	3.680000000000000000e+05	6.984113542189474799e+01
3.690000000000000000e+02	3.690000000000000000e+05	6.990928219174551828e+01
3.700000000000000000e+02	3.700000000000000000e+05	6.974887826221410592e+01
3.710000000000000000e+02	3.710000000000000000e+05	6.997345246044537248e+01
3.720000000000000000e+02	3.720000000000000000e+05	6.989784627571741282e+01
3.730000000000000000e+02	3.730000000000000000e+05	7.017714951742782148e+01
3.740000000000000000e+02	3.740000000000000000e+05	7.023809555166403129e+01
3.750000000000000000e+02	3.750000000000000000e+05	7.032736975249324018e+01
3.760000000000000000e+02	3.760000000000000000e+05	7.038096730775747289e+01
3.770000000000000000e+02	3.770000000000000000e+05	7.053647008116817574e+01
3.780000000000000000e+02	3.780000000000000000e+05	7.043601641249257739e+01
3.790000000000000000e+02	3.790000000000000000e+05	7.058600919544666397e+01
3.800000000000000000e+02	3.800000000000000000e+05	7.063264809354848239e+01
3.810000000000000000e+02	3.810000000000000000e+05	7.092614382711498422e+01
3.820000000000000000e+02	3.820000000000000000e+05	7.098605367404174160e+01
3.830000000000000000e+02	3.830000000000000000e+05	7.097122080082210971e+01
3.840000000000000000e+02	3.840000000000000000e+05	7.084742807902482298e+01
3.850000000000000000e+02	3.850000000000000000e+05	7.116235802172840863e+01
3.860000000000000000e+02	3.860000000000000000e+05	7.116856934608485119e+01
3.870000000000000000e+02	3.870000000000000000e+05	7.117357953195740095e+01
3.880000000000000000e+02	3.880000000000000000e+05	7.146327428842468521e+01
3.890000000000000000e+02	3.890000000000000000e+05	7.164141059307907256e+01
3.900000000000000000e+02	3.900000000000000000e+05	7.152771929964396236e+01
3.910000000000000000e+02	3.910000000000000000e+05	7.175521361727608394e+01
3.920000000000000000e+02	3.920000000000000000e+05	7.186012104994283334e+01
3.930000000000000000e+02	3.930000000000000000e+05	7.217554567684220501e+01
3.940000000000000000e+02	3.940000000000000000e+05	7.235378436313615680e+01
3.950000000000000000e+02	3.950000000000000000e+05	7.255602739557140524e+01
3.960000000000000000e+02	3.960000000000000000e+05	7.281383827776956252e+01
3.970000000000000000e+02	3.970000000000000000e+05	7.313870146893002300e+01
3.980000000000000000e+02	3.980000000000000000e+05	7.337857391719406053e+01
3.990000000000000000e+02	3.990000000000000000e+05	7.333997954072385994e+01
4.000000000000000000e+02	4.000000000000000000e+05	7.356353023308209060e+01
4.010000000000000000e+02	4.010000000000000000e+05	7.357241082350550698e+01
4.020000000000000000e+02	4.020000000000000000e+05	7.375854618884547165e+01
4.030000000000000000e+02	4.030000000000000000e+05	7.387492429822745521e+01
4.040000000000000000e+02	4.040000000000000000e+05	7.379938033327269409e+01
4.050000000000000000e+02	4.050000000000000000e+05	7.403634774505704286e+01
4.060000000000000000e+02	4.060000000000000000e+05	7.398221818150533124e+01
4.070000000000000000e+02	4.070000000000000000e+05	7.430079802063561090e+01
4.080000000000000000e+02	4.080000000000000000e+05	7.459963430094578030e+01
4.090000000000000000e+02	4.090000000000000000e+05	7.504916370973064943e+01
4.100000000000000000e+02	4.100000000000000000e+05	7.502151852150070965e+01
4.110000000000000000e+02	4.110000000000000000e+05	7.537839328277775053e+01
4.120000000000000000e+02	4.120000000000000000e+05	7.544286309769995569e+01
4.130000000000000000e+02	4.130000000000000000e+05	7.577781246768148549e+01
4.140000000000000000e+02	4.140000000000000000e+05	7.590108528392083542e+01
4.150000000000000000e+02	4.150000000000000000e+05	7.629256642080065376e+01
4.160000000000000000e+02	4.160000000000000000e+05	7.637349374560105275e+01
4.170000000000000000e+02	4.170000000000000000e+05	7.665939779320181913e+01
4.180000000000000000e+02	4.180000000000000000e+05	7.662533881519985357e+01
4.190000000000000000e+02	4.190000000000000000e+05	7.672738563831859437e+01
4.200000000000000000e+02	4.200000000000000000e+05	7.658238138874570211e+01
4.210000000000000000e+02	4.210000000000000000e+05	7.686300459920032324e+01
4.220000000000000000e+02	4.220000000000000000e+05	7.715126535329785895e+01
4.230000000000000000e+02	4.230000000000000000e+05	7.730933958457046629e+01
4.240000000000000000e+02	4.240000000000000000e+05	7.755749827286751952e+01
4.250000000000000000e+02	4.250000000000000000e+05	7.752536461902843712e+01
4.260000000000000000e+02	4.260000000000000000e+05	7.732853750027584283e+01
4.270000000000000000e+02	4.270000000000000000e+05	7.723019854355402458e+01
4.280000000000000000e+02	4.280000000000000000e+05	7.746429162920652800e+01
4.290000000000000000e+02	4.290000000000000000e+05	7.749169486304987231e+01
4.300000000000000000e+02	4.300000000000000000e+05	7.746798574457700681e+01
4.310000000000000000e+02	4.310000000000000000e+05	7.779077427623515462e+01
4.320000000000000000e+02	4.320000000000000000e+05	7.807131960771449997e+01
4.330000000000000000e+02	4.330000000000000000e+05	7.793555894826228325e+01
4.340000000000000000e+02	4.340000000000000000e+05	7.812593061268665906e+01
4.350000000000000000e+02	4.350000000000000000e+05	7.825825959886630301e+01
4.360000000000000000e+02	4.360000000000000000e+05	7.840385029345456758e+01
4.370000000000000000e+02	4.370000000000000000e+05	7.819668588524608310e+01
4.380000000000000000e+02	4.380000000000000000e+05	7.841579796835787874e+01
4.390000000000000000e+02	4.390000000000000000e+05	7.876109000055025433e+01
4.400000000000000000e+02	4.400000000000000000e+05	7.910466473705622548e+01
4.410000000000000000e+02	4.410000000000000000e+05	7.912196833790846995e+01
4.420000000000000000e+02	4.420000000000000000e+05	7.922015395916680802e+01
4.430000000000000000e+02	4.430000000000000000e+05	7.902321102164914635e+01
4.440000000000000000e+02	4.440000000000000000e+05	7.928007168591400955e+01
4.450000000000000000e+02	4.450000000000000000e+05	7.954364635625452706e+01
4.460000000000000000e+02	4.460000000000000000e+05	7.948743190715009632e+01
4.470000000000000000e+02	4.470000000000000000e+05	7.969996540316391531e+01
4.480000000000000000e+02	4.480000000000000000e+05	7.974581463569842299e+01
4.490000000000000000e+02	4.490000000000000000e+05	8.008791249642331422e+01
4.500000000000000000e+02	4.500000000000000000e+05	7.991780195927741204e+01
4.510000000000000000e+02	4.510000000000000000e+05	7.994627909547357092e+01
4.520000000000000000e+02	4.520000000000000000e+05	7.997370497851106563e+01
4.530000000000000000e+02	4.530000000000000000e+05	8.006154432270938059e+01
4.540000000000000000e+02	4.540000000000000000e+05	8.036665172164471471e+01
4.550000000000000000e+02	4.550000000000000000e+05	8.079097812812754853e+01
4.560000000000000000e+02	4.560000000000000000e+05	8.089250193793772326e+01
4.570000000000000000e+02	4.570000000000000000e+05	8.077470223003477656e+01
4.580000000000000000e+02	4.580000000000000000e+05	8.128256833104293833e+01
4.590000000000000000e+02	4.590000000000000000e+05	8.156368787824771971e+01
4.600000000000000000e+02	4.600000000000000000e+05	8.168253922006699952e+01
4.610000000000000000e+02	4.610000000000000000e+05	8.215949648740355826e+01
4.620000000000000000e+02	4.620000000000000000e+05	8.199319837439534808e+01
4.630000000000000000e+02	4.630000000000000000e+05	8.219074769404399206e+01
4.640000000000000000e+02	4.640000000000000000e+05	8.236296455742792944e+01
4.650000000000000000e+02	4.650000000000000000e+05	8.245812326852758645e+01
4.660000000000000000e+02	4.660000000000000000e+05	8.240857572045393908e+01
4.670000000000000000e+02	4.670000000000000000e+05	8.248846309453422521e+01
4.680000000000000000e+02	4.680000000000000000e+05	8.281345049754762044e+01
4.690000000000000000e+02	4.690000000000000000e+05	8.298943660838668279e+01
4.700000000000000000e+02	4.700000000000000000e+05	8.299025527360080901e+01
4.710000000000000000e+02	4.710000000000000000e+05	8.302781163423766486e+01
4.720000000000000000e+02	4.720000000000000000e+05	8.313155298129103699e+01
4.730000000000000000e+02	4.730000000000000000e+05	8.339961464953438508e+01
4.740000000000000000e+02	4.740000000000000000e+05	8.331852318254925649e+01
4.750000000000000000e+02	4.750000000000000000e+05	8.346818174413284908e+01
4.760000000000000000e+02	4.760000000000000000e+05	8.369780342809499984e+01
4.770000000000000000e+02	4.770000000000000000e+05	8.365338321208400885e+01
4.780000000000000000e+02	4.780000000000000000e+05	8.394054243332135457e+01
4.790000000000000000e+02	4.790000000000000000e+05	8.409869863023956782e+01
4.800000000000000000e+02	4.800000000000000000e+05	8.422093929257012235e+01
4.810000000000000000e+02	4.810000000000000000e+05	8.439599527756297448e+01
4.820000000000000000e+02	4.820000000000000000e+05	8.457115275335999627e+01
4.830000000000000000e+02	4.830000000000000000e+05	8.457862299265862305e+01
4.840000000000000000e+02	4.840000000000000000e+05	8.478574225836587175e+01
4.850000000000000000e+02	4.850000000000000000e+05	8.502409258981984408e+01
4.860000000000000000e+02	4.860000000000000000e+05	8.517115178735409131e+01
4.870000000000000000e+02	4.870000000000000000e+05	8.541460491757129603e+01
4.880000000000000000e+02	4.880000000000000000e+05	8.563620637520799050e+01
4.890000000000000000e+02	4.890000000000000000e+05	8.562366699462661757e+01
4.900000000000000000e+02	4.900000000000000000e+05	8.556840176749911109e+01
4.910000000000000000e+02	4.910000000000000000e+05	8.562178046670709364e+01
4.920000000000000000e+02	4.920000000000000000e+05	8.562091839945912852e+01
4.930000000000000000e+02	4.930000000000000000e+05	8.575451290380614466e+01
4.940000000000000000e+02	4.940000000000000000e+05	8.600196774532078337e+01
4.950000000000000000e+02	4.950000000000000000e+05	8.620088647985926400e+01
4.960000000000000000e+02	4.960000000000000000e+05	8.632503474332052917e+01
4.970000000000000000e+02	4.970000000000000000e+05	8.638662213084974439e+01
4.980000000000000000e+02	4.980000000000000000e+05	8.662208667906249104e+01
4.990000000000000000e+02	4.990000000000000000e+05	8.678709243517680250e+01
5.000000000000000000e+02	5.000000000000000000e+05	8.674048199313465091e+01
5.010000000000000000e+02	5.010000000000000000e+05	8.691617559507577084e+01
5.020000000000000000e+02	5.020000000000000000e+05	8.679102863115373623e+01
5.030000000000000000e+02	5.030000000000000000e+05	8.706137693415320200e+01
5.040000000000000000e+02	5.040000000000000000e+05	8.705499089733196172e+01
5.050000000000000000e+02	5.050000000000000000e+05	8.731147616179781323e+01
5.060000000000000000e+02	5.060000000000000000e+05	8.747287282847180734e+01
5.070000000000000000e+02	5.070000000000000000e+05	8.762619192674158342e+01
5.080000000000000000e+02	5.080000000000000000e+05	8.799527015578242128e+01
5.090000000000000000e+02	5.090000000000000000e+05	8.818492728800264047e+01
5.100000000000000000e+02	5.100000000000000000e+05	8.857856025025087376e+01
5.110000000000000000e+02	5.110000000000000000e+05	8.878692601768851489e+01
5.120000000000000000e+02	5.120000000000000000e+05	8.888442300716248212e+01
5.130000000000000000e+02	5.130000000000000000e+05	8.898160157603419407e+01
5.140000000000000000e+02	5.140000000000000000e+05	8.887806461618509957e+01
5.150000000000000000e+02	5.150000000000000000e+05	8.898439867424704630e+01
5.160000000000000000e+02	5.160000000000000000e+05	8.897475918273551088e+01
5.170000000000000000e+02	5.170000000000000000e+05	8.915244304952923926e+01
5.180000000000000000e+02	5.180000000000000000e+05	8.944938429100245969e+01
5.190000000000000000e+02	5.190000000000000000e+05	8.972492407255445812e+01
5.200000000000000000e+02	5.200000000000000000e+05	8.976236105730404802e+01
5.210000000000000000e+02	5.210000000000000000e+05	8.975258454220401916e+01
5.220000000000000000e+02	5.220000000000000000e+05	8.986315530107692950e+01
5.230000000000000000e+02	5.230000000000000000e+05	9.012511727239473203e+01
5.240000000000000000e+02	5.240000000000000000e+05	9.023114783358077773e+01
5.250000000000000000e+02	5.250000000000000000e+05	9.033750153948223272e+01
5.260000000000000000e+02	5.260000000000000000e+05	9.013612758073840325e+01
5.270000000000000000e+02	5.270000000000000000e+05	9.034003917528798411e+01
5.280000000000000000e+02	5.280000000000000000e+05	9.030385867649155784e+01
5.290000000000000000e+02	5.290000000000000000e+05	9.027700101062595195e+01
5.300000000000000000e+02	5.300000000000000000e+05	9.033130549267347931e+01
5.310000000000000000e+02	5.310000000000000000e+05	9.058889463654327301e+01
5.320000000000000000e+02	5.320000000000000000e+05	9.085213162339019277e+01
5.330000000000000000e+02	5.330000000000000000e+05	9.096083300476146860e+01
5.340000000000000000e+02	5.340000000000000000e+05	9.106054743147032582e+01
5.350000000000000000e+02	5.350000000000000000e+05	9.098913084882953228e+01
5.360000000000000000e+02	5.360000000000000000e+05	9.099273811745635498e+01
5.370000000000000000e+02	5.370000000000000000e+05	9.083923244297436383e+01
5.380000000000000000e+02	5.380000000000000000e+05	9.089509507208035188e+01
5.390000000000000000e+02	5.390000000000000000e+05	9.111786513749289895e+01
5.400000000000000000e+02	5.400000000000000000e+05	9.125846389125251790e+01
5.410000000000000000e+02	5.410000000000000000e+05	9.132057651792334241e+01
5.420000000000000000e+02	5.420000000000000000e+05	9.121979956977857285e+01
5.430000000000000000e+02	5.430000000000000000e+05	9.160927502390070742e+01
5.440000000000000000e+02	5.440000000000000000e+05	9.162510096468000143e+01
5.450000000000000000e+02	5.450000000000000000e+05	9.174683912822911225e+01
5.460000000000000000e+02	5.460000000000000000e+05	9.155641966111387831e+01
5.470000000000000000e+02	5.470000000000000000e+05	9.154738437174221133e+01
5.480000000000000000e+02	5.480000000000000000e+05	9.151851762263798662e+01
5.490000000000000000e+02	5.490000000000000000e+05	9.151704691917227308e+01
5.500000000000000000e+02	5.500000000000000000e+05	9.147802364412936527e+01
5.510000000000000000e+02	5.510000000000000000e+05	9.163671866127040744e+01
5.520000000000000000e+02	5.520000000000000000e+05	9.173263217075975717e+01
5.530000000000000000e+02	5.530000000000000000e+05	9.171437626177410607e+01
5.540000000000000000e+02	5.540000000000000000e+05	9.163630183291196829e+01
5.550000000000000000e+02	5.550000000000000000e+05	9.180819956420909023e+01
5.560000000000000000e+02	5.560000000000000000e+05	9.195993061716663419e+01
5.570000000000000000e+02	5.570000000000000000e+05	9.202484419013580919e+01
5.580000000000000000e+02	5.580000000000000000e+05	9.205393537957237982e+01
5.590000000000000000e+02	5.590000000000000000e+05	9.211828742912517498e+01
5.600000000000000000e+02	5.600000000000000000e+05	9.215157672438976988e+01
5.610000000000000000e+02	5.610000000000000000e+05	9.225408251594700459e+01
5.620000000000000000e+02	5.620000000000000000e+05	9.251786465675861848e+01
5.630000000000000000e+02	5.630000000000000000e+05	9.252938594860314936e+01
5.640000000000000000e+02	5.640000000000000000e+05	9.237712766139436837e+01
5.650000000000000000e+02	5.650000000000000000e+05	9.237279779896876164e+01
5.660000000000000000e+02	5.660000000000000000e+05	9.240737719088082258e+01
5.670000000000000000e+02	5.670000000000000000e+05	9.261948346608271265e+01
5.680000000000000000e+02	5.680000000000000000e+05	9.277279835895332383e+01
5.690000000000000000e+02	5.690000000000000000e+05	9.292812087567409662e+01
5.700000000000000000e+02	5.700000000000000000e+05	9.286087412109513650e+01
5.710000000000000000e+02	5.710000000000000000e+05	9.285680222986219690e+01
5.720000000000000000e+02	5.720000000000000000e+05	9.293943246481192944e+01
5.730000000000000000e+02	5.730000000000000000e+05	9.294873100191240667e+01
5.740000000000000000e+02	5.740000000000000000e+05	9.295348230222469965e+01
5.750000000000000000e+02	5.750000000000000000e+05	9.311897876610454716e+01
5.760000000000000000e+02	5.760000000000000000e+05	9.320468157137892717e+01
5.770000000000000000e+02	5.770000000000000000e+05	9.310563013764351581e+01
5.780000000000000000e+02	5.780000000000000000e+05	9.328360531209690976e+01
5.790000000000000000e+02	5.790000000000000000e+05	9.368240583769079421e+01
5.800000000000000000e+02	5.800000000000000000e+05	9.393056155260778439e+01
5.810000000000000000e+02	5.810000000000000000e+05	9.402401599319964021e+01
5.820000000000000000e+02	5.820000000000000000e+05	9.406061733978778250e+01
