0.000000000000000000e+00	0.000000000000000000e+00	5.158412199270730704e-06
1.000000000000000000e+00	1.000000000000000000e+03	1.750490707202726925e+00
2.000000000000000000e+00	2.000000000000000000e+03	2.647299428136104638e+00
3.000000000000000000e+00	3.000000000000000000e+03	3.394458094802862202e+00
4.000000000000000000e+00	4.000000000000000000e+03	3.997557145786933663e+00
5.000000000000000000e+00	5.000000000000000000e+03	4.659603653895056041e+00
6.000000000000000000e+00	6.000000000000000000e+03	5.077818924028064451e+00
7.000000000000000000e+00	7.000000000000000000e+03	5.510931076116227345e+00
8.000000000000000000e+00	8.000000000000000000e+03	6.119419994706265520e+00
9.000000000000000000e+00	9.000000000000000000e+03	6.595182894488218928e+00
1.000000000000000000e+01	1.000000000000000000e+04	7.108480252390724452e+00
1.100000000000000000e+01	1.100000000000000000e+04	7.573119078372436697e+00
1.200000000000000000e+01	1.200000000000000000e+04	7.720383717021324976e+00
1.300000000000000000e+01	1.300000000000000000e+04	8.411539454123950321e+00
1.400000000000000000e+01	1.400000000000000000e+04	8.897002196823949660e+00
1.500000000000000000e+01	1.500000000000000000e+04	9.290220846590866444e+00
1.600000000000000000e+01	1.600000000000000000e+04	9.637803905469651156e+00
1.700000000000000000e+01	1.700000000000000000e+04	1.006183911445873491e+01
1.800000000000000000e+01	1.800000000000000000e+04	1.024126877212334463e+01
1.900000000000000000e+01	1.900000000000000000e+04	1.055825920744995550e+01
2.000000000000000000e+01	2.000000000000000000e+04	1.097314802328080674e+01
2.100000000000000000e+01	2.100000000000000000e+04	1.143552556824080746e+01
2.200000000000000000e+01	2.200000000000000000e+04	1.179037769782738820e+01
2.300000000000000000e+01	2.300000000000000000e+04	1.233883923719312214e+01
2.400000000000000000e+01	2.400000000000000000e+04	1.247700976523005068e+01
2.500000000000000000e+01	2.500000000000000000e+04	1.283055283449091810e+01
2.600000000000000000e+01	2.600000000000000000e+04	1.341965959559715671e+01
2.700000000000000000e+01	2.700000000000000000e+04	1.366796952265508835e+01
2.800000000000000000e+01	2.800000000000000000e+04	1.413945774660196086e+01
2.900000000000000000e+01	2.900000000000000000e+04	1.459895605455901446e+01
3.000000000000000000e+01	3.000000000000000000e+04	1.498924133445052931e+01
3.100000000000000000e+01	3.100000000000000000e+04	1.546620629584632134e+01
3.200000000000000000e+01	3.200000000000000000e+04	1.576575031082207445e+01
3.300000000000000000e+01	3.300000000000000000e+04	1.618677723323057194e+01
3.400000000000000000e+01	3.400000000000000000e+04	1.642166683721395870e+01
3.500000000000000000e+01	3.500000000000000000e+04	1.689069424075859871e+01
3.600000000000000000e+01	3.600000000000000000e+04	1.708020838020941667e+01
3.700000000000000000e+01	3.700000000000000000e+04	1.744287141963209109e+01
3.800000000000000000e+01	3.800000000000000000e+04	1.771128108116908706e+01
3.900000000000000000e+01	3.900000000000000000e+04	1.797404906958521664e+01
4.000000000000000000e+01	4.000000000000000000e+04	1.819558191463201524e+01
4.100000000000000000e+01	4.100000000000000000e+04	1.863053357553738110e+01
4.200000000000000000e+01	4.200000000000000000e+04	1.906286748305551271e+01
4.300000000000000000e+01	4.300000000000000000e+04	1.935643754428015839e+01
4.400000000000000000e+01	4.400000000000000000e+04	1.953476670885546085e+01
4.500000000000000000e+01	4.500000000000000000e+04	1.967784341409594617e+01
4.600000000000000000e+01	4.600000000000000000e+04	1.990039805901218628e+01
4.700000000000000000e+01	4.700000000000000000e+04	1.999707128862192462e+01
4.800000000000000000e+01	4.800000000000000000e+04	2.036653086296266224e+01
4.900000000000000000e+01	4.900000000000000000e+04	2.051715858962473149e+01
5.000000000000000000e+01	5.000000000000000000e+04	2.051238348839415337e+01
5.100000000000000000e+01	5.100000000000000000e+04	2.058852349545070837e+01
5.200000000000000000e+01	5.200000000000000000e+04	2.084958981795314159e+01
5.300000000000000000e+01	5.300000000000000000e+04	2.098610799945752348e+01
5.400000000000000000e+01	5.400000000000000000e+04	2.132620007988559507e+01
5.500000000000000000e+01	5.500000000000000000e+04	2.169426555988929550e+01
5.600000000000000000e+01	5.600000000000000000e+04	2.212520280737617284e+01
5.700000000000000000e+01	5.700000000000000000e+04	2.240850399752810063e+01
5.800000000000000000e+01	5.800000000000000000e+04	2.235869997412692811e+01
5.900000000000000000e+01	5.900000000000000000e+04	2.255721297206518727e+01
6.000000000000000000e+01	6.000000000000000000e+04	2.278089609054481102e+01
6.100000000000000000e+01	6.100000000000000000e+04	2.292373534544868363e+01
6.200000000000000000e+01	6.200000000000000000e+04	2.295241239940089528e+01
6.300000000000000000e+01	6.300000000000000000e+04	2.312429175530759196e+01
6.400000000000000000e+01	6.400000000000000000e+04	2.319238783112364999e+01
6.500000000000000000e+01	6.500000000000000000e+04	2.332687930129323206e+01
6.600000000000000000e+01	6.600000000000000000e+04	2.364019559059776654e+01
6.700000000000000000e+01	6.700000000000000000e+04	2.355122319234498462e+01
6.800000000000000000e+01	6.800000000000000000e+04	2.381318075239339294e+01
6.900000000000000000e+01	6.900000000000000000e+04	2.357045086455129734e+01
7.000000000000000000e+01	7.000000000000000000e+04	2.389489262166069494e+01
7.100000000000000000e+01	7.100000000000000000e+04	2.391272746731776166e+01
7.200000000000000000e+01	7.200000000000000000e+04	2.390868415492503019e+01
7.300000000000000000e+01	7.300000000000000000e+04	2.418489200927772487e+01
7.400000000000000000e+01	7.400000000000000000e+04	2.439471500966553918e+01
7.500000000000000000e+01	7.500000000000000000e+04	2.460476116063033558e+01
7.600000000000000000e+01	7.600000000000000000e+04	2.481069087883984281e+01
7.700000000000000000e+01	7.700000000000000000e+04	2.484908523328606478e+01
7.800000000000000000e+01	7.800000000000000000e+04	2.473657342711718599e+01
7.900000000000000000e+01	7.900000000000000000e+04	2.462931260525382626e+01
8.000000000000000000e+01	8.000000000000000000e+04	2.477954600084164127e+01
8.100000000000000000e+01	8.100000000000000000e+04	2.508261165039211704e+01
8.200000000000000000e+01	8.200000000000000000e+04	2.534680762732775250e+01
8.300000000000000000e+01	8.300000000000000000e+04	2.549603684613854782e+01
8.400000000000000000e+01	8.400000000000000000e+04	2.571986030413534863e+01
8.500000000000000000e+01	8.500000000000000000e+04	2.601751293010872956e+01
8.600000000000000000e+01	8.600000000000000000e+04	2.611424163605814286e+01
8.700000000000000000e+01	8.700000000000000000e+04	2.649997408706120794e+01
8.800000000000000000e+01	8.800000000000000000e+04	2.664485566873820943e+01
8.900000000000000000e+01	8.900000000000000000e+04	2.670406175315866193e+01
9.000000000000000000e+01	9.000000000000000000e+04	2.686136654804038315e+01
9.100000000000000000e+01	9.100000000000000000e+04	2.681465022531034847e+01
9.200000000000000000e+01	9.200000000000000000e+04	2.687162584071270999e+01
9.300000000000000000e+01	9.300000000000000000e+04	2.708243163129369435e+01
9.400000000000000000e+01	9.400000000000000000e+04	2.700295295855086763e+01
9.500000000000000000e+01	9.500000000000000000e+04	2.733087980014369123e+01
9.600000000000000000e+01	9.600000000000000000e+04	2.737241110387049048e+01
9.700000000000000000e+01	9.700000000000000000e+04	2.770072149378975368e+01
9.800000000000000000e+01	9.800000000000000000e+04	2.791894236617293146e+01
9.900000000000000000e+01	9.900000000000000000e+04	2.810903351262761873e+01
1.000000000000000000e+02	1.000000000000000000e+05	2.835884841589660610e+01
1.010000000000000000e+02	1.010000000000000000e+05	2.845222470931250314e+01
1.020000000000000000e+02	1.020000000000000000e+05	2.882551621734919323e+01
1.030000000000000000e+02	1.030000000000000000e+05	2.891927659263391703e+01
1.040000000000000000e+02	1.040000000000000000e+05	2.912486388654267699e+01
1.050000000000000000e+02	1.050000000000000000e+05	2.950220670345159846e+01
1.060000000000000000e+02	1.060000000000000000e+05	2.972915780108124295e+01
1.070000000000000000e+02	1.070000000000000000e+05	3.013135662312857832e+01
1.080000000000000000e+02	1.080000000000000000e+05	3.038906254608330570e+01
1.090000000000000000e+02	1.090000000000000000e+05	3.088788850977695333e+01
1.100000000000000000e+02	1.100000000000000000e+05	3.117801468348974936e+01
1.110000000000000000e+02	1.110000000000000000e+05	3.148044087792957058e+01
1.120000000000000000e+02	1.120000000000000000e+05	3.180951740459173394e+01
1.130000000000000000e+02	1.130000000000000000e+05	3.213691012178817630e+01
1.140000000000000000e+02	1.140000000000000000e+05	3.222471382829182573e+01
1.150000000000000000e+02	1.150000000000000000e+05	3.261891504377404516e+01
1.160000000000000000e+02	1.160000000000000000e+05	3.300655993264287247e+01
1.170000000000000000e+02	1.170000000000000000e+05	3.314131465768345919e+01
1.180000000000000000e+02	1.180000000000000000e+05	3.355897102479063676e+01
1.190000000000000000e+02	1.190000000000000000e+05	3.340898205538071863e+01
1.200000000000000000e+02	1.200000000000000000e+05	3.345893361775059560e+01
1.210000000000000000e+02	1.210000000000000000e+05	3.343610147402953459e+01
1.220000000000000000e+02	1.220000000000000000e+05	3.384134150550460163e+01
1.230000000000000000e+02	1.230000000000000000e+05	3.443718528564316728e+01
1.240000000000000000e+02	1.240000000000000000e+05	3.474237401535193470e+01
1.250000000000000000e+02	1.250000000000000000e+05	3.517123804267073695e+01
1.260000000000000000e+02	1.260000000000000000e+05	3.530746047079771444e+01
1.270000000000000000e+02	1.270000000000000000e+05	3.552457702389369842e+01
1.280000000000000000e+02	1.280000000000000000e+05	3.563924775196041139e+01
1.290000000000000000e+02	1.290000000000000000e+05	3.550631426253526968e+01
1.300000000000000000e+02	1.300000000000000000e+05	3.555065964096026931e+01
1.310000000000000000e+02	1.310000000000000000e+05	3.593700916378831067e+01
1.320000000000000000e+02	1.320000000000000000e+05	3.599108193364188679e+01
1.330000000000000000e+02	1.330000000000000000e+05	3.625245708643792852e+01
1.340000000000000000e+02	1.340000000000000000e+05	3.668633499215806637e+01
1.350000000000000000e+02	1.350000000000000000e+05	3.710610681316968140e+01
1.360000000000000000e+02	1.360000000000000000e+05	3.715473338425229599e+01
1.370000000000000000e+02	1.370000000000000000e+05	3.748211122874307932e+01
1.380000000000000000e+02	1.380000000000000000e+05	3.740844389218076316e+01
1.390000000000000000e+02	1.390000000000000000e+05	3.757908473156493301e+01
1.400000000000000000e+02	1.400000000000000000e+05	3.794554570002163274e+01
1.410000000000000000e+02	1.410000000000000000e+05	3.821439965933245020e+01
1.420000000000000000e+02	1.420000000000000000e+05	3.822159552036081465e+01
1.430000000000000000e+02	1.430000000000000000e+05	3.852623687058527224e+01
1.440000000000000000e+02	1.440000000000000000e+05	3.872801874944514822e+01
1.450000000000000000e+02	1.450000000000000000e+05	3.901378032880857205e+01
1.460000000000000000e+02	1.460000000000000000e+05	3.938625996876030655e+01
1.470000000000000000e+02	1.470000000000000000e+05	3.945773212889505999e+01
1.480000000000000000e+02	1.480000000000000000e+05	3.975068637660434945e+01
1.490000000000000000e+02	1.490000000000000000e+05	3.977663362139584535e+01
1.500000000000000000e+02	1.500000000000000000e+05	4.008412227127701755e+01
1.510000000000000000e+02	1.510000000000000000e+05	4.018294643427994828e+01
1.520000000000000000e+02	1.520000000000000000e+05	4.021744508940722795e+01
1.530000000000000000e+02	1.530000000000000000e+05	4.027640657078408282e+01
1.540000000000000000e+02	1.540000000000000000e+05	4.073290613087263523e+01
1.550000000000000000e+02	1.550000000000000000e+05	4.102516515783302964e+01
1.560000000000000000e+02	1.560000000000000000e+05	4.126597932459537788e+01
1.570000000000000000e+02	1.570000000000000000e+05	4.150180126844320228e+01
1.580000000000000000e+02	1.580000000000000000e+05	4.145258293101341707e+01
1.590000000000000000e+02	1.590000000000000000e+05	4.187205872497850834e+01
1.600000000000000000e+02	1.600000000000000000e+05	4.201153434722274227e+01
1.610000000000000000e+02	1.610000000000000000e+05	4.234349239310773783e+01
1.620000000000000000e+02	1.620000000000000000e+05	4.244775722940477181e+01
1.630000000000000000e+02	1.630000000000000000e+05	4.277518840892288665e+01
1.640000000000000000e+02	1.640000000000000000e+05	4.289092883720756788e+01
1.650000000000000000e+02	1.650000000000000000e+05	4.296864137625879465e+01
1.660000000000000000e+02	1.660000000000000000e+05	4.319276438011031871e+01
1.670000000000000000e+02	1.670000000000000000e+05	4.349130800047846890e+01
1.680000000000000000e+02	1.680000000000000000e+05	4.351267795176539011e+01
1.690000000000000000e+02	1.690000000000000000e+05	4.367975188626837024e+01
1.700000000000000000e+02	1.700000000000000000e+05	4.391266225161943737e+01
1.710000000000000000e+02	1.710000000000000000e+05	4.388165613720006775e+01
1.720000000000000000e+02	1.720000000000000000e+05	4.416115374865224652e+01
1.730000000000000000e+02	1.730000000000000000e+05	4.434665230910621858e+01
1.740000000000000000e+02	1.740000000000000000e+05	4.460284444014742888e+01
1.750000000000000000e+02	1.750000000000000000e+05	4.494730588228244983e+01
1.760000000000000000e+02	1.760000000000000000e+05	4.516641208871218538e+01
1.770000000000000000e+02	1.770000000000000000e+05	4.512371282829329289e+01
1.780000000000000000e+02	1.780000000000000000e+05	4.548760686824869737e+01
1.790000000000000000e+02	1.790000000000000000e+05	4.553746295469075278e+01
1.800000000000000000e+02	1.800000000000000000e+05	4.574933235644100904e+01
1.810000000000000000e+02	1.810000000000000000e+05	4.573524019775317839e+01
1.820000000000000000e+02	1.820000000000000000e+05	4.578018347463869020e+01
1.830000000000000000e+02	1.830000000000000000e+05	4.618543874302511654e+01
1.840000000000000000e+02	1.840000000000000000e+05	4.619507553049272985e+01
1.850000000000000000e+02	1.850000000000000000e+05	4.622806958675159450e+01
1.860000000000000000e+02	1.860000000000000000e+05	4.652868225670928837e+01
1.870000000000000000e+02	1.870000000000000000e+05	4.683052885105449548e+01
1.880000000000000000e+02	1.880000000000000000e+05	4.714548193474126236e+01
1.890000000000000000e+02	1.890000000000000000e+05	4.710154567491331079e+01
1.900000000000000000e+02	1.900000000000000000e+05	4.708885909289517002e+01
1.910000000000000000e+02	1.910000000000000000e+05	4.725546149473247226e+01
1.920000000000000000e+02	1.920000000000000000e+05	4.775390842806208980e+01
1.930000000000000000e+02	1.930000000000000000e+05	4.819876309738862119e+01
1.940000000000000000e+02	1.940000000000000000e+05	4.845153798362182584e+01
1.950000000000000000e+02	1.950000000000000000e+05	4.847557749249706660e+01
1.960000000000000000e+02	1.960000000000000000e+05	4.870267980208780045e+01
1.970000000000000000e+02	1.970000000000000000e+05	4.903483279418569651e+01
1.980000000000000000e+02	1.980000000000000000e+05	4.932517005939071453e+01
1.990000000000000000e+02	1.990000000000000000e+05	4.955853402380527939e+01
2.000000000000000000e+02	2.000000000000000000e+05	4.931239391637834046e+01
2.010000000000000000e+02	2.010000000000000000e+05	4.942667155666509871e+01
2.020000000000000000e+02	2.020000000000000000e+05	4.962298524743106043e+01
2.030000000000000000e+02	2.030000000000000000e+05	5.000389501240666590e+01
2.040000000000000000e+02	2.040000000000000000e+05	5.035137976264175563e+01
2.050000000000000000e+02	2.050000000000000000e+05	5.066469391134521061e+01
2.060000000000000000e+02	2.060000000000000000e+05	5.075146448278154310e+01
2.070000000000000000e+02	2.070000000000000000e+05	5.098979396901288652e+01
2.080000000000000000e+02	2.080000000000000000e+05	5.113167637149523870e+01
2.090000000000000000e+02	2.090000000000000000e+05	5.130476324906150154e+01
2.100000000000000000e+02	2.100000000000000000e+05	5.131162123522218366e+01
2.110000000000000000e+02	2.110000000000000000e+05	5.158901165974288716e+01
2.120000000000000000e+02	2.120000000000000000e+05	5.164013612230954919e+01
2.130000000000000000e+02	2.130000000000000000e+05	5.147724861934416651e+01
2.140000000000000000e+02	2.140000000000000000e+05	5.144925067389578999e+01
2.150000000000000000e+02	2.150000000000000000e+05	5.148781026631406377e+01
2.160000000000000000e+02	2.160000000000000000e+05	5.175282045881680659e+01
2.170000000000000000e+02	2.170000000000000000e+05	5.197123426406486146e+01
2.180000000000000000e+02	2.180000000000000000e+05	5.199778548554219526e+01
2.190000000000000000e+02	2.190000000000000000e+05	5.233154993212016848e+01
2.200000000000000000e+02	2.200000000000000000e+05	5.255941543208830780e+01
2.210000000000000000e+02	2.210000000000000000e+05	5.264420299899379785e+01
2.220000000000000000e+02	2.220000000000000000e+05	5.299367038180787404e+01
2.230000000000000000e+02	2.230000000000000000e+05	5.301298491947988367e+01
2.240000000000000000e+02	2.240000000000000000e+05	5.284663237147824333e+01
2.250000000000000000e+02	2.250000000000000000e+05	5.289714556139315960e+01
2.260000000000000000e+02	2.260000000000000000e+05	5.320031241796446864e+01
2.270000000000000000e+02	2.270000000000000000e+05	5.350067703925400053e+01
2.280000000000000000e+02	2.280000000000000000e+05	5.379719981947849305e+01
2.290000000000000000e+02	2.290000000000000000e+05	5.404541992483918733e+01
2.300000000000000000e+02	2.300000000000000000e+05	5.430516139644541340e+01
2.310000000000000000e+02	2.310000000000000000e+05	5.429212452503792719e+01
2.320000000000000000e+02	2.320000000000000000e+05	5.418047282811888010e+01
2.330000000000000000e+02	2.330000000000000000e+05	5.428478219673517913e+01
2.340000000000000000e+02	2.340000000000000000e+05	5.466433237427833092e+01
2.350000000000000000e+02	2.350000000000000000e+05	5.506541400389664176e+01
2.360000000000000000e+02	2.360000000000000000e+05	5.533551708621931198e+01
2.370000000000000000e+02	2.370000000000000000e+05	5.563509596989236883e+01
2.380000000000000000e+02	2.380000000000000000e+05	5.570424095672377263e+01
2.390000000000000000e+02	2.390000000000000000e+05	5.585990515269286050e+01
2.400000000000000000e+02	2.400000000000000000e+05	5.599139980006199835e+01
2.410000000000000000e+02	2.410000000000000000e+05	5.590655732308716352e+01
2.420000000000000000e+02	2.420000000000000000e+05	5.619471933920033990e+01
2.430000000000000000e+02	2.430000000000000000e+05	5.637785300800827315e+01
2.440000000000000000e+02	2.440000000000000000e+05	5.633508133083613956e+01
2.450000000000000000e+02	2.450000000000000000e+05	5.670281152978952122e+01
2.460000000000000000e+02	2.460000000000000000e+05	5.695972794343018109e+01
2.470000000000000000e+02	2.470000000000000000e+05	5.698335887941118472e+01
2.480000000000000000e+02	2.480000000000000000e+05	5.709098904973173205e+01
2.490000000000000000e+02	2.490000000000000000e+05	5.738479600781386836e+01
2.500000000000000000e+02	2.500000000000000000e+05	5.751401308228887643e+01
2.510000000000000000e+02	2.510000000000000000e+05	5.760974672061811930e+01
2.520000000000000000e+02	2.520000000000000000e+05	5.758381393913625601e+01
2.530000000000000000e+02	2.530000000000000000e+05	5.768581741139097829e+01
2.540000000000000000e+02	2.540000000000000000e+05	5.791595723050445343e+01
2.550000000000000000e+02	2.550000000000000000e+05	5.823181047373640240e+01
2.560000000000000000e+02	2.560000000000000000e+05	5.826085257758962399e+01
2.570000000000000000e+02	2.570000000000000000e+05	5.841718602148718986e+01
2.580000000000000000e+02	2.580000000000000000e+05	5.872480315146490426e+01
2.590000000000000000e+02	2.590000000000000000e+05	5.879787370206766184e+01
2.600000000000000000e+02	2.600000000000000000e+05	5.889302628330212741e+01
2.610000000000000000e+02	2.610000000000000000e+05	5.888314286675050369e+01
2.620000000000000000e+02	2.620000000000000000e+05	5.907263486080684345e+01
2.630000000000000000e+02	2.630000000000000000e+05	5.908120588922680128e+01
2.640000000000000000e+02	2.640000000000000000e+05	5.942715038936854199e+01
2.650000000000000000e+02	2.650000000000000000e+05	5.959340912901051723e+01
2.660000000000000000e+02	2.660000000000000000e+05	5.976293260504786531e+01
2.670000000000000000e+02	2.670000000000000000e+05	5.979137205693982082e+01
2.680000000000000000e+02	2.680000000000000000e+05	5.991131067419674139e+01
2.690000000000000000e+02	2.690000000000000000e+05	5.997850727143965344e+01
2.700000000000000000e+02	2.700000000000000000e+05	6.033772921234947262e+01
2.710000000000000000e+02	2.710000000000000000e+05	6.065066406148263667e+01
2.720000000000000000e+02	2.720000000000000000e+05	6.080358227727688103e+01
2.730000000000000000e+02	2.730000000000000000e+05	6.093433871696168325e+01
2.740000000000000000e+02	2.740000000000000000e+05	6.123276179030362698e+01
2.750000000000000000e+02	2.750000000000000000e+05	6.137471158918432224e+01
2.760000000000000000e+02	2.760000000000000000e+05	6.170520066134912440e+01
2.770000000000000000e+02	2.770000000000000000e+05	6.200258651349049899e+01
2.780000000000000000e+02	2.780000000000000000e+05	6.197627821363961687e+01
2.790000000000000000e+02	2.790000000000000000e+05	6.207124335332367338e+01
2.800000000000000000e+02	2.800000000000000000e+05	6.248596823209118156e+01
2.810000000000000000e+02	2.810000000000000000e+05	6.241435382657979147e+01
2.820000000000000000e+02	2.820000000000000000e+05	6.249028504107000259e+01
2.830000000000000000e+02	2.830000000000000000e+05	6.275392895892500889e+01
2.840000000000000000e+02	2.840000000000000000e+05	6.278992294948462671e+01
2.850000000000000000e+02	2.850000000000000000e+05	6.262146606006389504e+01
2.860000000000000000e+02	2.860000000000000000e+05	6.258602390459481057e+01
2.870000000000000000e+02	2.870000000000000000e+05	6.257071876654809017e+01
2.880000000000000000e+02	2.880000000000000000e+05	6.264116880677502053e+01
2.890000000000000000e+02	2.890000000000000000e+05	6.280151954533008762e+01
2.900000000000000000e+02	2.900000000000000000e+05	6.289419834727254965e+01
2.910000000000000000e+02	2.910000000000000000e+05	6.290722677813078434e+01
2.920000000000000000e+02	2.920000000000000000e+05	6.310420602413380919e+01
2.930000000000000000e+02	2.930000000000000000e+05	6.322473527275180061e+01
2.940000000000000000e+02	2.940000000000000000e+05	6.334820917892155023e+01
2.950000000000000000e+02	2.950000000000000000e+05	6.343448801269214243e+01
2.960000000000000000e+02	2.960000000000000000e+05	6.336280325199711427e+01
2.970000000000000000e+02	2.970000000000000000e+05	6.346229784901282045e+01
2.980000000000000000e+02	2.980000000000000000e+05	6.340923867723293483e+01
2.990000000000000000e+02	2.990000000000000000e+05	6.353811289355235203e+01
3.000000000000000000e+02	3.000000000000000000e+05	6.365380248055835466e+01
3.010000000000000000e+02	3.010000000000000000e+05	6.370367911804118677e+01
3.020000000000000000e+02	3.020000000000000000e+05	6.370250146526731072e+01
3.030000000000000000e+02	3.030000000000000000e+05	6.376840044280767472e+01
3.040000000000000000e+02	3.040000000000000000e+05	6.393059484637678480e+01
3.050000000000000000e+02	3.050000000000000000e+05	6.424936149939416907e+01
3.060000000000000000e+02	3.060000000000000000e+05	6.441335966563377724e+01
3.070000000000000000e+02	3.070000000000000000e+05	6.443203279100283964e+01
3.080000000000000000e+02	3.080000000000000000e+05	6.469027940981240477e+01
3.090000000000000000e+02	3.090000000000000000e+05	6.469236454381537271e+01
3.100000000000000000e+02	3.100000000000000000e+05	6.450830168469246928e+01
3.110000000000000000e+02	3.110000000000000000e+05	6.462159355074234668e+01
3.120000000000000000e+02	3.120000000000000000e+05	6.504777735204676503e+01
3.130000000000000000e+02	3.130000000000000000e+05	6.518779926421943571e+01
3.140000000000000000e+02	3.140000000000000000e+05	6.534617503493220170e+01
3.150000000000000000e+02	3.150000000000000000e+05	6.540319791761143620e+01
3.160000000000000000e+02	3.160000000000000000e+05	6.561301525128169487e+01
3.170000000000000000e+02	3.170000000000000000e+05	6.561647764061417831e+01
3.180000000000000000e+02	3.180000000000000000e+05	6.575830647623084246e+01
3.190000000000000000e+02	3.190000000000000000e+05	6.587657693705656925e+01
3.200000000000000000e+02	3.200000000000000000e+05	6.593881664475499349e+01
3.210000000000000000e+02	3.210000000000000000e+05	6.608067693845917745e+01
3.220000000000000000e+02	3.220000000000000000e+05	6.628579834296805018e+01
3.230000000000000000e+02	3.230000000000000000e+05	6.642109473411976239e+01
3.240000000000000000e+02	3.240000000000000000e+05	6.677809509851198300e+01
3.250000000000000000e+02	3.250000000000000000e+05	6.711748335775821772e+01
3.260000000000000000e+02	3.260000000000000000e+05	6.734478612324419089e+01
3.270000000000000000e+02	3.270000000000000000e+05	6.762229846994470961e+01
3.280000000000000000e+02	3.280000000000000000e+05	6.764429423475760927e+01
3.290000000000000000e+02	3.290000000000000000e+05	6.785831652178883644e+01
3.300000000000000000e+02	3.300000000000000000e+05	6.791479005493272325e+01
3.310000000000000000e+02	3.310000000000000000e+05	6.795112821120422097e+01
3.320000000000000000e+02	3.320000000000000000e+05	6.839565985338849430e+01
3.330000000000000000e+02	3.330000000000000000e+05	6.821869593855241476e+01
3.340000000000000000e+02	3.340000000000000000e+05	6.847509539916845256e+01
3.350000000000000000e+02	3.350000000000000000e+05	6.849816150867970066e+01
3.360000000000000000e+02	3.360000000000000000e+05	6.867956815056626851e+01
3.370000000000000000e+02	3.370000000000000000e+05	6.901481239243118182e+01
3.380000000000000000e+02	3.380000000000000000e+05	6.921960586979285779e+01
3.390000000000000000e+02	3.390000000000000000e+05	6.949972440103287852e+01
3.400000000000000000e+02	3.400000000000000000e+05	6.970500605159521967e+01
3.410000000000000000e+02	3.410000000000000000e+05	6.986631805224284619e+01
3.420000000000000000e+02	3.420000000000000000e+05	7.004154204287196706e+01
3.430000000000000000e+02	3.430000000000000000e+05	7.009919210616867247e+01
3.440000000000000000e+02	3.440000000000000000e+05	7.009678125082309919e+01
3.450000000000000000e+02	3.450000000000000000e+05	7.003600068781810251e+01
3.460000000000000000e+02	3.460000000000000000e+05	7.033601041246676289e+01
3.470000000000000000e+02	3.470000000000000000e+05	7.049431461508447683e+01
3.480000000000000000e+02	3.480000000000000000e+05	7.034110525812842241e+01
3.490000000000000000e+02	3.490000000000000000e+05	7.030236412555829872e+01
3.500000000000000000e+02	3.500000000000000000e+05	7.067522695272074884e+01
3.510000000000000000e+02	3.510000000000000000e+05	7.079290982895193451e+01
3.520000000000000000e+02	3.520000000000000000e+05	7.070883767369029727e+01
3.530000000000000000e+02	3.530000000000000000e+05	7.097079575881511460e+01
3.540000000000000000e+02	3.540000000000000000e+05	7.131785879336483447e+01
3.550000000000000000e+02	3.550000000000000000e+05	7.149586213256155531e+01
3.560000000000000000e+02	3.560000000000000000e+05	7.152221429223216376e+01
3.570000000000000000e+02	3.570000000000000000e+05	7.172956468187469170e+01
3.580000000000000000e+02	3.580000000000000000e+05	7.175961949079581359e+01
3.590000000000000000e+02	3.590000000000000000e+05	7.184188127670543622e+01
3.600000000000000000e+02	3.600000000000000000e+05	7.190672329748051084e+01
3.610000000000000000e+02	3.610000000000000000e+05	7.206412255035893111e+01
3.620000000000000000e+02	3.620000000000000000e+05	7.231502611155781324e+01
3.630000000000000000e+02	3.630000000000000000e+05	7.259580909496244772e+01
3.640000000000000000e+02	3.640000000000000000e+05	7.266217761762636940e+01
3.650000000000000000e+02	3.650000000000000000e+05	7.287356883428527965e+01
3.660000000000000000e+02	3.660000000000000000e+05	7.309246275181908459e+01
3.670000000000000000e+02	3.670000000000000000e+05	7.314317584060947297e+01
3.680000000000000000e+02	3.680000000000000000e+05	7.342132707553770388e+01
3.690000000000000000e+02	3.690000000000000000e+05	7.366760541319376898e+01
3.700000000000000000e+02	3.700000000000000000e+05	7.395648356031125559e+01
3.710000000000000000e+02	3.710000000000000000e+05	7.413918121177484011e+01
3.720000000000000000e+02	3.720000000000000000e+05	7.437099248555476549e+01
3.730000000000000000e+02	3.730000000000000000e+05	7.437958506688940474e+01
3.740000000000000000e+02	3.740000000000000000e+05	7.427042569699122510e+01
3.750000000000000000e+02	3.750000000000000000e+05	7.423207702037102251e+01
3.760000000000000000e+02	3.760000000000000000e+05	7.437197564661256877e+01
3.770000000000000000e+02	3.770000000000000000e+05	7.455199305287010247e+01
3.780000000000000000e+02	3.780000000000000000e+05	7.466768288273547682e+01
3.790000000000000000e+02	3.790000000000000000e+05	7.460868306718570864e+01
3.800000000000000000e+02	3.800000000000000000e+05	7.464018075393896368e+01
3.810000000000000000e+02	3.810000000000000000e+05	7.460884941193161524e+01
3.820000000000000000e+02	3.820000000000000000e+05	7.491618828922392481e+01
3.830000000000000000e+02	3.830000000000000000e+05	7.512191581201696522e+01
3.840000000000000000e+02	3.840000000000000000e+05	7.518046401687340108e+01
3.850000000000000000e+02	3.850000000000000000e+05	7.511554903414709372e+01
3.860000000000000000e+02	3.860000000000000000e+05	7.520258262165791052e+01
3.870000000000000000e+02	3.870000000000000000e+05	7.520030930289256332e+01
3.880000000000000000e+02	3.880000000000000000e+05	7.553331944430139799e+01
3.890000000000000000e+02	3.890000000000000000e+05	7.556655737355468716e+01
3.900000000000000000e+02	3.900000000000000000e+05	7.571033229469699677e+01
3.910000000000000000e+02	3.910000000000000000e+05	7.598573995613486431e+01
3.920000000000000000e+02	3.920000000000000000e+05	7.597988413026877197e+01
3.930000000000000000e+02	3.930000000000000000e+05	7.602912756074077549e+01
3.940000000000000000e+02	3.940000000000000000e+05	7.598862259970775312e+01
3.950000000000000000e+02	3.950000000000000000e+05	7.586172766699417025e+01
3.960000000000000000e+02	3.960000000000000000e+05	7.594774380128825442e+01
3.970000000000000000e+02	3.970000000000000000e+05	7.577602192247374546e+01
3.980000000000000000e+02	3.980000000000000000e+05	7.597536657400436866e+01
3.990000000000000000e+02	3.990000000000000000e+05	7.597060942455468080e+01
4.000000000000000000e+02	4.000000000000000000e+05	7.612112955434601247e+01
4.010000000000000000e+02	4.010000000000000000e+05	7.617501896562126262e+01
4.020000000000000000e+02	4.020000000000000000e+05	7.644948218041200505e+01
4.030000000000000000e+02	4.030000000000000000e+05	7.660371272753356209e+01
4.040000000000000000e+02	4.040000000000000000e+05	7.711794265588723363e+01
4.050000000000000000e+02	4.050000000000000000e+05	7.720780584155643567e+01
4.060000000000000000e+02	4.060000000000000000e+05	7.734973321148679304e+01
4.070000000000000000e+02	4.070000000000000000e+05	7.758053194965657440e+01
4.080000000000000000e+02	4.080000000000000000e+05	7.749590456900159552e+01
4.090000000000000000e+02	4.090000000000000000e+05	7.765531748202833739e+01
4.100000000000000000e+02	4.100000000000000000e+05	7.766495789206402378e+01
4.110000000000000000e+02	4.110000000000000000e+05	7.802906736223071960e+01
4.120000000000000000e+02	4.120000000000000000e+05	7.825074721612335793e+01
4.130000000000000000e+02	4.130000000000000000e+05	7.849606286341118278e+01
4.140000000000000000e+02	4.140000000000000000e+05	7.881938294787359212e+01
4.150000000000000000e+02	4.150000000000000000e+05	7.877857140088710253e+01
4.160000000000000000e+02	4.160000000000000000e+05	7.893101086132631394e+01
4.170000000000000000e+02	4.170000000000000000e+05	7.884766063885324172e+01
4.180000000000000000e+02	4.180000000000000000e+05	7.890752301200245711e+01
4.190000000000000000e+02	4.190000000000000000e+05	7.926418208791581321e+01
4.200000000000000000e+02	4.200000000000000000e+05	7.953546190752733480e+01
4.210000000000000000e+02	4.210000000000000000e+05	7.964525664516118297e+01
4.220000000000000000e+02	4.220000000000000000e+05	7.990833214302804777e+01
4.230000000000000000e+02	4.230000000000000000e+05	7.993620950541371428e+01
4.240000000000000000e+02	4.240000000000000000e+05	7.998984581059406196e+01
4.250000000000000000e+02	4.250000000000000000e+05	8.021688788743202281e+01
4.260000000000000000e+02	4.260000000000000000e+05	8.022992326884326530e+01
4.270000000000000000e+02	4.270000000000000000e+05	8.037459627629831971e+01
4.280000000000000000e+02	4.280000000000000000e+05	8.061695397543819297e+01
4.290000000000000000e+02	4.290000000000000000e+05	8.094592602444943452e+01
4.300000000000000000e+02	4.300000000000000000e+05	8.084007034580538686e+01
4.310000000000000000e+02	4.310000000000000000e+05	8.092392138621514164e+01
4.320000000000000000e+02	4.320000000000000000e+05	8.093728865225291713e+01
4.330000000000000000e+02	4.330000000000000000e+05	8.099915955699448489e+01
4.340000000000000000e+02	4.340000000000000000e+05	8.100079734979205170e+01
4.350000000000000000e+02	4.350000000000000000e+05	8.101431408065738538e+01
4.360000000000000000e+02	4.360000000000000000e+05	8.114108219852636239e+01
4.370000000000000000e+02	4.370000000000000000e+05	8.140893745669427517e+01
4.380000000000000000e+02	4.380000000000000000e+05	8.139547321812710834e+01
4.390000000000000000e+02	4.390000000000000000e+05	8.143723933199109410e+01
4.400000000000000000e+02	4.400000000000000000e+05	8.141894675201342579e+01
4.410000000000000000e+02	4.410000000000000000e+05	8.157483666558823643e+01
4.420000000000000000e+02	4.420000000000000000e+05	8.172518858287956789e+01
4.430000000000000000e+02	4.430000000000000000e+05	8.202386115143923462e+01
4.440000000000000000e+02	4.440000000000000000e+05	8.224245778386386974e+01
4.450000000000000000e+02	4.450000000000000000e+05	8.209296078157476018e+01
4.460000000000000000e+02	4.460000000000000000e+05	8.241818206374746580e+01
4.470000000000000000e+02	4.470000000000000000e+05	8.238136107449695089e+01
4.480000000000000000e+02	4.480000000000000000e+05	8.262906503485756105e+01
4.490000000000000000e+02	4.490000000000000000e+05	8.288394419707520910e+01
4.500000000000000000e+02	4.500000000000000000e+05	8.311493624650753986e+01
4.510000000000000000e+02	4.510000000000000000e+05	8.345372414924356974e+01
4.520000000000000000e+02	4.520000000000000000e+05	8.339168076168506616e+01
4.530000000000000000e+02	4.530000000000000000e+05	8.329521526506329110e+01
4.540000000000000000e+02	4.540000000000000000e+05	8.343183972949609029e+01
4.550000000000000000e+02	4.550000000000000000e+05	8.336499213379019579e+01
4.560000000000000000e+02	4.560000000000000000e+05	8.347667480440318855e+01
4.570000000000000000e+02	4.570000000000000000e+05	8.352713364968916210e+01
4.580000000000000000e+02	4.580000000000000000e+05	8.352602550524866842e+01
4.590000000000000000e+02	4.590000000000000000e+05	8.356801860478584842e+01
4.600000000000000000e+02	4.600000000000000000e+05	8.354779723634754873e+01
4.610000000000000000e+02	4.610000000000000000e+05	8.367146587342527653e+01
4.620000000000000000e+02	4.620000000000000000e+05	8.382279541096208675e+01
4.630000000000000000e+02	4.630000000000000000e+05	8.398093994151963670e+01
4.640000000000000000e+02	4.640000000000000000e+05	8.401685390255961750e+01
4.650000000000000000e+02	4.650000000000000000e+05	8.414644539434516446e+01
4.660000000000000000e+02	4.660000000000000000e+05	8.428445480966485093e+01
4.670000000000000000e+02	4.670000000000000000e+05	8.435240316404967587e+01
4.680000000000000000e+02	4.680000000000000000e+05	8.427313508621719507e+01
4.690000000000000000e+02	4.690000000000000000e+05	8.431773833502123239e+01
4.700000000000000000e+02	4.700000000000000000e+05	8.455348235667173640e+01
4.710000000000000000e+02	4.710000000000000000e+05	8.482243804500585327e+01
4.720000000000000000e+02	4.720000000000000000e+05	8.499554987648870963e+01
4.730000000000000000e+02	4.730000000000000000e+05	8.485301550875858823e+01
4.740000000000000000e+02	4.740000000000000000e+05	8.495474100515055227e+01
4.750000000000000000e+02	4.750000000000000000e+05	8.524741611726702217e+01
4.760000000000000000e+02	4.760000000000000000e+05	8.541224195793705576e+01
4.770000000000000000e+02	4.770000000000000000e+05	8.542040039246590766e+01
4.780000000000000000e+02	4.780000000000000000e+05	8.546584529756309223e+01
4.790000000000000000e+02	4.790000000000000000e+05	8.541938187846353969e+01
4.800000000000000000e+02	4.800000000000000000e+05	8.544836635762733579e+01
4.810000000000000000e+02	4.810000000000000000e+05	8.557267206990445629e+01
4.820000000000000000e+02	4.820000000000000000e+05	8.539612708757356074e+01
4.830000000000000000e+02	4.830000000000000000e+05	8.546432818780020568e+01
4.840000000000000000e+02	4.840000000000000000e+05	8.545027933659875430e+01
4.850000000000000000e+02	4.850000000000000000e+05	8.562448096068266068e+01
4.860000000000000000e+02	4.860000000000000000e+05	8.611089478930253449e+01
4.870000000000000000e+02	4.870000000000000000e+05	8.611729152648534580e+01
4.880000000000000000e+02	4.880000000000000000e+05	8.630437727722566876e+01
4.890000000000000000e+02	4.890000000000000000e+05	8.667140609211165270e+01
4.900000000000000000e+02	4.900000000000000000e+05	8.715378746976030300e+01
4.910000000000000000e+02	4.910000000000000000e+05	8.737900858856126263e+01
4.920000000000000000e+02	4.920000000000000000e+05	8.768729213617980633e+01
4.930000000000000000e+02	4.930000000000000000e+05	8.801865087909612839e+01
4.940000000000000000e+02	4.940000000000000000e+05	8.830193082708652241e+01
4.950000000000000000e+02	4.950000000000000000e+05	8.850710873306542226e+01
4.960000000000000000e+02	4.960000000000000000e+05	8.871874363820066378e+01
4.970000000000000000e+02	4.970000000000000000e+05	8.886659248633826280e+01
4.980000000000000000e+02	4.980000000000000000e+05	8.887249544933234802e+01
4.990000000000000000e+02	4.990000000000000000e+05	8.904917310788287921e+01
5.000000000000000000e+02	5.000000000000000000e+05	8.888737026610682790e+01
5.010000000000000000e+02	5.010000000000000000e+05	8.904870019872772957e+01
5.020000000000000000e+02	5.020000000000000000e+05	8.945172795849541103e+01
5.030000000000000000e+02	5.030000000000000000e+05	8.955390200693899772e+01
5.040000000000000000e+02	5.040000000000000000e+05	8.948899513573341835e+01
5.050000000000000000e+02	5.050000000000000000e+05	8.961417747292819058e+01
5.060000000000000000e+02	5.060000000000000000e+05	8.999686978702128215e+01
5.070000000000000000e+02	5.070000000000000000e+05	9.020017989945668546e+01
5.080000000000000000e+02	5.080000000000000000e+05	9.038848638230155075e+01
5.090000000000000000e+02	5.090000000000000000e+05	9.048339058752837616e+01
5.100000000000000000e+02	5.100000000000000000e+05	9.073547583360681301e+01
5.110000000000000000e+02	5.110000000000000000e+05	9.102112188932210302e+01
5.120000000000000000e+02	5.120000000000000000e+05	9.113749557229704124e+01
5.130000000000000000e+02	5.130000000000000000e+05	9.125045058004130283e+01
5.140000000000000000e+02	5.140000000000000000e+05	9.136646073715941441e+01
5.150000000000000000e+02	5.150000000000000000e+05	9.144632069225620796e+01
5.160000000000000000e+02	5.160000000000000000e+05	9.161772597435394516e+01
5.170000000000000000e+02	5.170000000000000000e+05	9.171810517105086547e+01
5.180000000000000000e+02	5.180000000000000000e+05	9.173742818830865531e+01
5.190000000000000000e+02	5.190000000000000000e+05	9.185604346042232748e+01
5.200000000000000000e+02	5.200000000000000000e+05	9.197928484851365738e+01
5.210000000000000000e+02	5.210000000000000000e+05	9.210893822413004273e+01
5.220000000000000000e+02	5.220000000000000000e+05	9.216818846571709400e+01
5.230000000000000000e+02	5.230000000000000000e+05	9.239527830017689780e+01
5.240000000000000000e+02	5.240000000000000000e+05	9.225121568361174695e+01
5.250000000000000000e+02	5.250000000000000000e+05	9.235162833785925329e+01
5.260000000000000000e+02	5.260000000000000000e+05	9.259548410953217967e+01
5.270000000000000000e+02	5.270000000000000000e+05	9.256148959880930249e+01
5.280000000000000000e+02	5.280000000000000000e+05	9.259596814470771164e+01
5.290000000000000000e+02	5.290000000000000000e+05	9.273186304696710636e+01
5.300000000000000000e+02	5.300000000000000000e+05	9.292013931579911912e+01
5.310000000000000000e+02	5.310000000000000000e+05	9.304518831044450167e+01
5.320000000000000000e+02	5.320000000000000000e+05	9.319022426372859513e+01
5.330000000000000000e+02	5.330000000000000000e+05	9.337775306312502721e+01
5.340000000000000000e+02	5.340000000000000000e+05	9.347137373904581636e+01
5.350000000000000000e+02	5.350000000000000000e+05	9.359006500724025557e+01
5.360000000000000000e+02	5.360000000000000000e+05	9.355920910955707370e+01
5.370000000000000000e+02	5.370000000000000000e+05	9.376563732001008589e+01
5.380000000000000000e+02	5.380000000000000000e+05	9.408623370426323618e+01
5.390000000000000000e+02	5.390000000000000000e+05	9.449163424594011929e+01
5.400000000000000000e+02	5.400000000000000000e+05	9.479122294765753054e+01
5.410000000000000000e+02	5.410000000000000000e+05	9.488020337909922830e+01
5.420000000000000000e+02	5.420000000000000000e+05	9.525906329096206093e+01
5.430000000000000000e+02	5.430000000000000000e+05	9.541076379181679101e+01
5.440000000000000000e+02	5.440000000000000000e+05	9.563238381578103997e+01
5.450000000000000000e+02	5.450000000000000000e+05	9.592583483426923863e+01
5.460000000000000000e+02	5.460000000000000000e+05	9.641459207482316174e+01
5.470000000000000000e+02	5.470000000000000000e+05	9.657099605751929516e+01
5.480000000000000000e+02	5.480000000000000000e+05	9.669538143279133635e+01
5.490000000000000000e+02	5.490000000000000000e+05	9.677205093730313479e+01
5.500000000000000000e+02	5.500000000000000000e+05	9.715472846975079335e+01
5.510000000000000000e+02	5.510000000000000000e+05	9.717889851609690766e+01
5.520000000000000000e+02	5.520000000000000000e+05	9.715845639669439038e+01
5.530000000000000000e+02	5.530000000000000000e+05	9.724740895871187263e+01
5.540000000000000000e+02	5.540000000000000000e+05	9.755152928631990505e+01
5.550000000000000000e+02	5.550000000000000000e+05	9.784612805350765541e+01
5.560000000000000000e+02	5.560000000000000000e+05	9.778556634129911629e+01
5.570000000000000000e+02	5.570000000000000000e+05	9.811516105919068309e+01
5.580000000000000000e+02	5.580000000000000000e+05	9.808784018775840252e+01
5.590000000000000000e+02	5.590000000000000000e+05	9.821884060477438538e+01
5.600000000000000000e+02	5.600000000000000000e+05	9.852569361710830265e+01
5.610000000000000000e+02	5.610000000000000000e+05	9.856746345203616499e+01
5.620000000000000000e+02	5.620000000000000000e+05	9.843830945390730847e+01
5.630000000000000000e+02	5.630000000000000000e+05	9.871849664455051254e+01
5.640000000000000000e+02	5.640000000000000000e+05	9.907586913412809793e+01
5.650000000000000000e+02	5.650000000000000000e+05	9.916153679145880062e+01
5.660000000000000000e+02	5.660000000000000000e+05	9.934031041344664459e+01
5.670000000000000000e+02	5.670000000000000000e+05	9.965465970624606484e+01
5.680000000000000000e+02	5.680000000000000000e+05	9.977298915141452085e+01
5.690000000000000000e+02	5.690000000000000000e+05	9.984383769925534580e+01
5.700000000000000000e+02	5.700000000000000000e+05	9.997913528349947399e+01
5.710000000000000000e+02	5.710000000000000000e+05	9.988551490242608111e+01
5.720000000000000000e+02	5.720000000000000000e+05	1.002032611576987335e+02
5.730000000000000000e+02	5.730000000000000000e+05	1.004287764841089086e+02
5.740000000000000000e+02	5.740000000000000000e+05	1.007913604374146672e+02
5.750000000000000000e+02	5.750000000000000000e+05	1.007049516141410379e+02
5.760000000000000000e+02	5.760000000000000000e+05	1.009785933651538130e+02
5.770000000000000000e+02	5.770000000000000000e+05	1.010759122253837461e+02
5.780000000000000000e+02	5.780000000000000000e+05	1.013387232410837555e+02
5.790000000000000000e+02	5.790000000000000000e+05	1.013907048261476689e+02
5.800000000000000000e+02	5.800000000000000000e+05	1.014210769994612917e+02
5.810000000000000000e+02	5.810000000000000000e+05	1.015813888534979128e+02
5.820000000000000000e+02	5.820000000000000000e+05	1.017644367024802676e+02
5.830000000000000000e+02	5.830000000000000000e+05	1.022814996928996152e+02
5.840000000000000000e+02	5.840000000000000000e+05	1.025331997904918921e+02
5.850000000000000000e+02	5.850000000000000000e+05	1.025095752227090316e+02
5.860000000000000000e+02	5.860000000000000000e+05	1.028789287245149495e+02
5.870000000000000000e+02	5.870000000000000000e+05	1.031319476317866588e+02
5.880000000000000000e+02	5.880000000000000000e+05	1.031245233045737280e+02
5.890000000000000000e+02	5.890000000000000000e+05	1.030707857536063869e+02
5.900000000000000000e+02	5.900000000000000000e+05	1.032714202705489868e+02
5.910000000000000000e+02	5.910000000000000000e+05	1.032927608699238391e+02
5.920000000000000000e+02	5.920000000000000000e+05	1.033523011540760450e+02
5.930000000000000000e+02	5.930000000000000000e+05	1.035181150216693027e+02
5.940000000000000000e+02	5.940000000000000000e+05	1.037471465381408962e+02
5.950000000000000000e+02	5.950000000000000000e+05	1.039575679347899353e+02
5.960000000000000000e+02	5.960000000000000000e+05	1.040957147742482505e+02
5.970000000000000000e+02	5.970000000000000000e+05	1.041613212987602708e+02
5.980000000000000000e+02	5.980000000000000000e+05	1.041622695038631434e+02
5.990000000000000000e+02	5.990000000000000000e+05	1.040233838666351005e+02
6.000000000000000000e+02	6.000000000000000000e+05	1.042256624643174803e+02
6.010000000000000000e+02	6.010000000000000000e+05	1.043467639377467293e+02
6.020000000000000000e+02	6.020000000000000000e+05	1.046216807287736259e+02
6.030000000000000000e+02	6.030000000000000000e+05	1.046933427060686483e+02
6.040000000000000000e+02	6.040000000000000000e+05	1.048380808715032515e+02
6.050000000000000000e+02	6.050000000000000000e+05	1.048691375857556380e+02
6.060000000000000000e+02	6.060000000000000000e+05	1.049354878410307066e+02
6.070000000000000000e+02	6.070000000000000000e+05	1.049535071992210362e+02
6.080000000000000000e+02	6.080000000000000000e+05	1.050222343978274608e+02
6.090000000000000000e+02	6.090000000000000000e+05	1.049399470043014873e+02
6.100000000000000000e+02	6.100000000000000000e+05	1.051725617739586767e+02
6.110000000000000000e+02	6.110000000000000000e+05	1.053223532977703343e+02
6.120000000000000000e+02	6.120000000000000000e+05	1.051519768706885429e+02
6.130000000000000000e+02	6.130000000000000000e+05	1.052565915389409383e+02
6.140000000000000000e+02	6.140000000000000000e+05	1.055917402186096155e+02
6.150000000000000000e+02	6.150000000000000000e+05	1.055808183381418957e+02
6.160000000000000000e+02	6.160000000000000000e+05	1.059023488097735282e+02
6.170000000000000000e+02	6.170000000000000000e+05	1.060401668742838552e+02
6.180000000000000000e+02	6.180000000000000000e+05	1.060894344126365922e+02
6.190000000000000000e+02	6.190000000000000000e+05	1.059349008149656015e+02
6.200000000000000000e+02	6.200000000000000000e+05	1.058347884019719487e+02
6.210000000000000000e+02	6.210000000000000000e+05	1.060781169322099373e+02
6.220000000000000000e+02	6.220000000000000000e+05	1.061952879573596249e+02
6.230000000000000000e+02	6.230000000000000000e+05	1.060425635678509764e+02
6.240000000000000000e+02	6.240000000000000000e+05	1.060589475062774198e+02
6.250000000000000000e+02	6.250000000000000000e+05	1.062924097386038795e+02
6.260000000000000000e+02	6.260000000000000000e+05	1.062697409079773649e+02
6.270000000000000000e+02	6.270000000000000000e+05	1.066525770101842880e+02
6.280000000000000000e+02	6.280000000000000000e+05	1.067239890631925050e+02
6.290000000000000000e+02	6.290000000000000000e+05	1.069002501690347486e+02
6.300000000000000000e+02	6.300000000000000000e+05	1.070504431939220780e+02
6.310000000000000000e+02	6.310000000000000000e+05	1.071771478111500073e+02
6.320000000000000000e+02	6.320000000000000000e+05	1.070929604539688995e+02
6.330000000000000000e+02	6.330000000000000000e+05	1.073059447646196958e+02
6.340000000000000000e+02	6.340000000000000000e+05	1.074425063333405461e+02
6.350000000000000000e+02	6.350000000000000000e+05	1.074441402124041360e+02
6.360000000000000000e+02	6.360000000000000000e+05	1.074481951032551450e+02
6.370000000000000000e+02	6.370000000000000000e+05	1.078271613943520606e+02
6.380000000000000000e+02	6.380000000000000000e+05	1.080296879017191998e+02
6.390000000000000000e+02	6.390000000000000000e+05	1.081848400561599419e+02
6.400000000000000000e+02	6.400000000000000000e+05	1.080530624340260886e+02
6.410000000000000000e+02	6.410000000000000000e+05	1.083926898239553367e+02
6.420000000000000000e+02	6.420000000000000000e+05	1.085366480106649192e+02
6.430000000000000000e+02	6.430000000000000000e+05	1.087325603144005157e+02
6.440000000000000000e+02	6.440000000000000000e+05	1.088014061076090826e+02
6.450000000000000000e+02	6.450000000000000000e+05	1.089315474648354751e+02
6.460000000000000000e+02	6.460000000000000000e+05	1.089603694181734710e+02
6.470000000000000000e+02	6.470000000000000000e+05	1.088167050890539258e+02
6.480000000000000000e+02	6.480000000000000000e+05	1.088354775995614574e+02
6.490000000000000000e+02	6.490000000000000000e+05	1.090914845269158207e+02
6.500000000000000000e+02	6.500000000000000000e+05	1.093016341871416444e+02
6.510000000000000000e+02	6.510000000000000000e+05	1.095749694779301535e+02
6.520000000000000000e+02	6.520000000000000000e+05	1.095844155422220041e+02
6.530000000000000000e+02	6.530000000000000000e+05	1.097811152457887403e+02
6.540000000000000000e+02	6.540000000000000000e+05	1.101704598003672544e+02
6.550000000000000000e+02	6.550000000000000000e+05	1.102372376098767148e+02
6.560000000000000000e+02	6.560000000000000000e+05	1.105538665996487708e+02
6.570000000000000000e+02	6.570000000000000000e+05	1.104718737711627909e+02
6.580000000000000000e+02	6.580000000000000000e+05	1.105240151534803346e+02
6.590000000000000000e+02	6.590000000000000000e+05	1.107480449469234003e+02
6.600000000000000000e+02	6.600000000000000000e+05	1.110409795511475153e+02
6.610000000000000000e+02	6.610000000000000000e+05	1.113028045504067620e+02
6.620000000000000000e+02	6.620000000000000000e+05	1.113294121409435462e+02
6.630000000000000000e+02	6.630000000000000000e+05	1.112216813178609556e+02
6.640000000000000000e+02	6.640000000000000000e+05	1.113637872940804101e+02
6.650000000000000000e+02	6.650000000000000000e+05	1.114078284328095521e+02
6.660000000000000000e+02	6.660000000000000000e+05	1.115431973358419384e+02
6.670000000000000000e+02	6.670000000000000000e+05	1.115724616073074458e+02
6.680000000000000000e+02	6.680000000000000000e+05	1.116850882278241528e+02
6.690000000000000000e+02	6.690000000000000000e+05	1.117401702620360169e+02
6.700000000000000000e+02	6.700000000000000000e+05	1.120846876289025431e+02
6.710000000000000000e+02	6.710000000000000000e+05	1.122852998364581936e+02
6.720000000000000000e+02	6.720000000000000000e+05	1.123454030173544140e+02
6.730000000000000000e+02	6.730000000000000000e+05	1.123582135889027143e+02
6.740000000000000000e+02	6.740000000000000000e+05	1.123558043330625225e+02
6.750000000000000000e+02	6.750000000000000000e+05	1.124721984621631350e+02
6.760000000000000000e+02	6.760000000000000000e+05	1.126387481889389903e+02
6.770000000000000000e+02	6.770000000000000000e+05	1.129273361066503440e+02
6.780000000000000000e+02	6.780000000000000000e+05	1.127765048282048213e+02
6.790000000000000000e+02	6.790000000000000000e+05	1.128551407460910525e+02
6.800000000000000000e+02	6.800000000000000000e+05	1.130259350352445153e+02
6.810000000000000000e+02	6.810000000000000000e+05	1.132093301963691516e+02
6.820000000000000000e+02	6.820000000000000000e+05	1.132805569966243979e+02
6.830000000000000000e+02	6.830000000000000000e+05	1.134063056647909349e+02
6.840000000000000000e+02	6.840000000000000000e+05	1.133441662879546499e+02
6.850000000000000000e+02	6.850000000000000000e+05	1.133815828806882422e+02
6.860000000000000000e+02	6.860000000000000000e+05	1.135559841000727914e+02
6.870000000000000000e+02	6.870000000000000000e+05	1.137695835001438809e+02
6.880000000000000000e+02	6.880000000000000000e+05	1.139916441083149294e+02
6.890000000000000000e+02	6.890000000000000000e+05	1.140398507676626707e+02
6.900000000000000000e+02	6.900000000000000000e+05	1.142965921997948016e+02
6.910000000000000000e+02	6.910000000000000000e+05	1.143554022646092534e+02
6.920000000000000000e+02	6.920000000000000000e+05	1.147406863875392133e+02
6.930000000000000000e+02	6.930000000000000000e+05	1.148063863284159680e+02
6.940000000000000000e+02	6.940000000000000000e+05	1.150584856801007874e+02
6.950000000000000000e+02	6.950000000000000000e+05	1.153613185250219999e+02
6.960000000000000000e+02	6.960000000000000000e+05	1.155640713510055235e+02
6.970000000000000000e+02	6.970000000000000000e+05	1.157561282527108659e+02
6.980000000000000000e+02	6.980000000000000000e+05	1.159458789961797720e+02
6.990000000000000000e+02	6.990000000000000000e+05	1.160669379551428761e+02
7.000000000000000000e+02	7.000000000000000000e+05	1.160798696655963909e+02
7.010000000000000000e+02	7.010000000000000000e+05	1.164980063335427332e+02
7.020000000000000000e+02	7.020000000000000000e+05	1.166356040037090622e+02
7.030000000000000000e+02	7.030000000000000000e+05	1.168432909829612072e+02
7.040000000000000000e+02	7.040000000000000000e+05	1.172717275139397515e+02
7.050000000000000000e+02	7.050000000000000000e+05	1.173990206384365536e+02
7.060000000000000000e+02	7.060000000000000000e+05	1.174365116394285593e+02
7.070000000000000000e+02	7.070000000000000000e+05	1.176668094300130036e+02
7.080000000000000000e+02	7.080000000000000000e+05	1.177725429339794800e+02
7.090000000000000000e+02	7.090000000000000000e+05	1.178676586955299825e+02
7.100000000000000000e+02	7.100000000000000000e+05	1.182644025380755153e+02
7.110000000000000000e+02	7.110000000000000000e+05	1.184710748264624272e+02
7.120000000000000000e+02	7.120000000000000000e+05	1.187505820415373563e+02
7.130000000000000000e+02	7.130000000000000000e+05	1.191165198268541587e+02
7.140000000000000000e+02	7.140000000000000000e+05	1.192020249671940633e+02
7.150000000000000000e+02	7.150000000000000000e+05	1.194661984354206652e+02
