0.000000000000000000e+00	0.000000000000000000e+00	6.607249479556569306e-07
1.000000000000000000e+00	1.000000000000000000e+03	2.626235016596561778e+00
2.000000000000000000e+00	2.000000000000000000e+03	4.157233410293811104e+00
3.000000000000000000e+00	3.000000000000000000e+03	4.855058304091132371e+00
4.000000000000000000e+00	4.000000000000000000e+03	5.756640433897407760e+00
5.000000000000000000e+00	5.000000000000000000e+03	6.023477005524043193e+00
6.000000000000000000e+00	6.000000000000000000e+03	6.648776261827732625e+00
7.000000000000000000e+00	7.000000000000000000e+03	6.622822722239008364e+00
8.000000000000000000e+00	8.000000000000000000e+03	7.182650514735214209e+00
9.000000000000000000e+00	9.000000000000000000e+03	7.591136611966474490e+00
1.000000000000000000e+01	1.000000000000000000e+04	8.453297607490558363e+00
1.100000000000000000e+01	1.100000000000000000e+04	8.651099704895621301e+00
1.200000000000000000e+01	1.200000000000000000e+04	9.455687529985038253e+00
1.300000000000000000e+01	1.300000000000000000e+04	1.000906241449902367e+01
1.400000000000000000e+01	1.400000000000000000e+04	1.062077797278440983e+01
1.500000000000000000e+01	1.500000000000000000e+04	1.079270092218871824e+01
1.600000000000000000e+01	1.600000000000000000e+04	1.049915988219899887e+01
1.700000000000000000e+01	1.700000000000000000e+04	1.086860023934991837e+01
1.800000000000000000e+01	1.800000000000000000e+04	1.105981437360384589e+01
1.900000000000000000e+01	1.900000000000000000e+04	1.096951490230295256e+01
2.000000000000000000e+01	2.000000000000000000e+04	1.090452122948130587e+01
2.100000000000000000e+01	2.100000000000000000e+04	1.144318081621963401e+01
2.200000000000000000e+01	2.200000000000000000e+04	1.138887514345394791e+01
2.300000000000000000e+01	2.300000000000000000e+04	1.151287481010588820e+01
2.400000000000000000e+01	2.400000000000000000e+04	1.173874141686374450e+01
2.500000000000000000e+01	2.500000000000000000e+04	1.136026827217834523e+01
2.600000000000000000e+01	2.600000000000000000e+04	1.206884100905212520e+01
2.700000000000000000e+01	2.700000000000000000e+04	1.191443673421875538e+01
2.800000000000000000e+01	2.800000000000000000e+04	1.116597648072930227e+01
2.900000000000000000e+01	2.900000000000000000e+04	1.154772042750684058e+01
3.000000000000000000e+01	3.000000000000000000e+04	1.227699323658839781e+01
3.100000000000000000e+01	3.100000000000000000e+04	1.188921264158804547e+01
3.200000000000000000e+01	3.200000000000000000e+04	1.200749652773897402e+01
3.300000000000000000e+01	3.300000000000000000e+04	1.187989984705427027e+01
3.400000000000000000e+01	3.400000000000000000e+04	1.114245501473206446e+01
3.500000000000000000e+01	3.500000000000000000e+04	1.162021148216070898e+01
3.600000000000000000e+01	3.600000000000000000e+04	1.124665770954849364e+01
3.700000000000000000e+01	3.700000000000000000e+04	1.091237269610861027e+01
3.800000000000000000e+01	3.800000000000000000e+04	1.155555484217399176e+01
3.900000000000000000e+01	3.900000000000000000e+04	1.230830135998264474e+01
4.000000000000000000e+01	4.000000000000000000e+04	1.191457529206696009e+01
4.100000000000000000e+01	4.100000000000000000e+04	1.152659644806434969e+01
4.200000000000000000e+01	4.200000000000000000e+04	1.131157267274201139e+01
4.300000000000000000e+01	4.300000000000000000e+04	1.152689215457321836e+01
4.400000000000000000e+01	4.400000000000000000e+04	1.133781643411253270e+01
4.500000000000000000e+01	4.500000000000000000e+04	1.178794765806202172e+01
4.600000000000000000e+01	4.600000000000000000e+04	1.168912372225691776e+01
4.700000000000000000e+01	4.700000000000000000e+04	1.134604545021790578e+01
4.800000000000000000e+01	4.800000000000000000e+04	1.159070981581097648e+01
4.900000000000000000e+01	4.900000000000000000e+04	1.222469736358180015e+01
5.000000000000000000e+01	5.000000000000000000e+04	1.235252911951528532e+01
5.100000000000000000e+01	5.100000000000000000e+04	1.225567827292384315e+01
5.200000000000000000e+01	5.200000000000000000e+04	1.289739247256438759e+01
5.300000000000000000e+01	5.300000000000000000e+04	1.282433835071147321e+01
5.400000000000000000e+01	5.400000000000000000e+04	1.315506069448134063e+01
5.500000000000000000e+01	5.500000000000000000e+04	1.321358056940418280e+01
5.600000000000000000e+01	5.600000000000000000e+04	1.312817195703954276e+01
5.700000000000000000e+01	5.700000000000000000e+04	1.208330523924391819e+01
5.800000000000000000e+01	5.800000000000000000e+04	1.188819689604085639e+01
5.900000000000000000e+01	5.900000000000000000e+04	1.176710136444954280e+01
6.000000000000000000e+01	6.000000000000000000e+04	1.180495812111835185e+01
6.100000000000000000e+01	6.100000000000000000e+04	1.216071527953429587e+01
6.200000000000000000e+01	6.200000000000000000e+04	1.225183246785823421e+01
6.300000000000000000e+01	6.300000000000000000e+04	1.289475259932266304e+01
6.400000000000000000e+01	6.400000000000000000e+04	1.280104945384786141e+01
6.500000000000000000e+01	6.500000000000000000e+04	1.253553819102744882e+01
6.600000000000000000e+01	6.600000000000000000e+04	1.315729323007722584e+01
6.700000000000000000e+01	6.700000000000000000e+04	1.284681193502031604e+01
6.800000000000000000e+01	6.800000000000000000e+04	1.339900650766729839e+01
6.900000000000000000e+01	6.900000000000000000e+04	1.330178723131716190e+01
7.000000000000000000e+01	7.000000000000000000e+04	1.307804207426898735e+01
7.100000000000000000e+01	7.100000000000000000e+04	1.288598960141833771e+01
7.200000000000000000e+01	7.200000000000000000e+04	1.336665599163427487e+01
7.300000000000000000e+01	7.300000000000000000e+04	1.323738701821708830e+01
7.400000000000000000e+01	7.400000000000000000e+04	1.289052232088462446e+01
7.500000000000000000e+01	7.500000000000000000e+04	1.320150739210333768e+01
7.600000000000000000e+01	7.600000000000000000e+04	1.289377240130892233e+01
7.700000000000000000e+01	7.700000000000000000e+04	1.300322262845271837e+01
7.800000000000000000e+01	7.800000000000000000e+04	1.293518111800947068e+01
7.900000000000000000e+01	7.900000000000000000e+04	1.290413283056845550e+01
8.000000000000000000e+01	8.000000000000000000e+04	1.264351403687074793e+01
8.100000000000000000e+01	8.100000000000000000e+04	1.224395134442364252e+01
8.200000000000000000e+01	8.200000000000000000e+04	1.222714531385579484e+01
8.300000000000000000e+01	8.300000000000000000e+04	1.209853560607196776e+01
8.400000000000000000e+01	8.400000000000000000e+04	1.232078456225970875e+01
8.500000000000000000e+01	8.500000000000000000e+04	1.140300102014187722e+01
8.600000000000000000e+01	8.600000000000000000e+04	1.125723236681112915e+01
8.700000000000000000e+01	8.700000000000000000e+04	1.182321688964504602e+01
8.800000000000000000e+01	8.800000000000000000e+04	1.190656416070703472e+01
8.900000000000000000e+01	8.900000000000000000e+04	1.185027446278775543e+01
9.000000000000000000e+01	9.000000000000000000e+04	1.184062534608420059e+01
9.100000000000000000e+01	9.100000000000000000e+04	1.173945440419559993e+01
9.200000000000000000e+01	9.200000000000000000e+04	1.236587008010816646e+01
9.300000000000000000e+01	9.300000000000000000e+04	1.237280266034783516e+01
9.400000000000000000e+01	9.400000000000000000e+04	1.279295754443206867e+01
9.500000000000000000e+01	9.500000000000000000e+04	1.304518491232772348e+01
9.600000000000000000e+01	9.600000000000000000e+04	1.352560034861701332e+01
9.700000000000000000e+01	9.700000000000000000e+04	1.336534032672457961e+01
9.800000000000000000e+01	9.800000000000000000e+04	1.333944499743369327e+01
9.900000000000000000e+01	9.900000000000000000e+04	1.392516323581147120e+01
1.000000000000000000e+02	1.000000000000000000e+05	1.403086841862092626e+01
1.010000000000000000e+02	1.010000000000000000e+05	1.407635265386082857e+01
