0.000000000000000000e+00	0.000000000000000000e+00	3.311487770932689444e-06
1.000000000000000000e+00	1.000000000000000000e+03	2.156406931147419659e+00
2.000000000000000000e+00	2.000000000000000000e+03	3.135834258188810342e+00
3.000000000000000000e+00	3.000000000000000000e+03	3.979700759729939197e+00
4.000000000000000000e+00	4.000000000000000000e+03	4.806020180887174753e+00
5.000000000000000000e+00	5.000000000000000000e+03	5.421759220525147249e+00
6.000000000000000000e+00	6.000000000000000000e+03	5.925477389746657053e+00
7.000000000000000000e+00	7.000000000000000000e+03	6.408821708847533216e+00
8.000000000000000000e+00	8.000000000000000000e+03	7.095496255642248506e+00
9.000000000000000000e+00	9.000000000000000000e+03	7.571672208832747941e+00
1.000000000000000000e+01	1.000000000000000000e+04	8.009052344524727474e+00
1.100000000000000000e+01	1.100000000000000000e+04	8.379207392381086805e+00
1.200000000000000000e+01	1.200000000000000000e+04	8.784612043398970727e+00
1.300000000000000000e+01	1.300000000000000000e+04	9.121965319816212059e+00
1.400000000000000000e+01	1.400000000000000000e+04	9.363511283425417275e+00
1.500000000000000000e+01	1.500000000000000000e+04	9.611837112301854447e+00
1.600000000000000000e+01	1.600000000000000000e+04	9.926893301767933053e+00
1.700000000000000000e+01	1.700000000000000000e+04	1.029319254965609254e+01
1.800000000000000000e+01	1.800000000000000000e+04	1.049021149773454376e+01
1.900000000000000000e+01	1.900000000000000000e+04	1.090232665271571477e+01
2.000000000000000000e+01	2.000000000000000000e+04	1.122193996040503094e+01
2.100000000000000000e+01	2.100000000000000000e+04	1.141187893997839353e+01
2.200000000000000000e+01	2.200000000000000000e+04	1.178279803777925849e+01
2.300000000000000000e+01	2.300000000000000000e+04	1.209511147923882390e+01
2.400000000000000000e+01	2.400000000000000000e+04	1.241244717758502603e+01
2.500000000000000000e+01	2.500000000000000000e+04	1.278128414896253418e+01
2.600000000000000000e+01	2.600000000000000000e+04	1.286788766480568924e+01
2.700000000000000000e+01	2.700000000000000000e+04	1.291994732087173325e+01
2.800000000000000000e+01	2.800000000000000000e+04	1.298800673633375169e+01
2.900000000000000000e+01	2.900000000000000000e+04	1.319072876735059907e+01
3.000000000000000000e+01	3.000000000000000000e+04	1.324902931808562734e+01
3.100000000000000000e+01	3.100000000000000000e+04	1.347581066422794294e+01
3.200000000000000000e+01	3.200000000000000000e+04	1.368954549858865022e+01
3.300000000000000000e+01	3.300000000000000000e+04	1.419726303898445074e+01
3.400000000000000000e+01	3.400000000000000000e+04	1.460465961094360843e+01
3.500000000000000000e+01	3.500000000000000000e+04	1.474684661834188582e+01
3.600000000000000000e+01	3.600000000000000000e+04	1.494183086735752042e+01
3.700000000000000000e+01	3.700000000000000000e+04	1.518351449442872614e+01
3.800000000000000000e+01	3.800000000000000000e+04	1.549754548290593625e+01
3.900000000000000000e+01	3.900000000000000000e+04	1.565103760936818666e+01
4.000000000000000000e+01	4.000000000000000000e+04	1.587315380527170205e+01
4.100000000000000000e+01	4.100000000000000000e+04	1.611439758786700338e+01
4.200000000000000000e+01	4.200000000000000000e+04	1.627342719551279160e+01
4.300000000000000000e+01	4.300000000000000000e+04	1.669610943009300996e+01
4.400000000000000000e+01	4.400000000000000000e+04	1.686813919415412499e+01
4.500000000000000000e+01	4.500000000000000000e+04	1.697859960691227954e+01
4.600000000000000000e+01	4.600000000000000000e+04	1.695649307251596838e+01
4.700000000000000000e+01	4.700000000000000000e+04	1.689923072268321036e+01
4.800000000000000000e+01	4.800000000000000000e+04	1.713327348199347711e+01
4.900000000000000000e+01	4.900000000000000000e+04	1.711761862759286856e+01
5.000000000000000000e+01	5.000000000000000000e+04	1.726386094813370420e+01
5.100000000000000000e+01	5.100000000000000000e+04	1.731604788689219632e+01
5.200000000000000000e+01	5.200000000000000000e+04	1.759524049171073301e+01
5.300000000000000000e+01	5.300000000000000000e+04	1.788880988818795714e+01
5.400000000000000000e+01	5.400000000000000000e+04	1.819146265169425192e+01
5.500000000000000000e+01	5.500000000000000000e+04	1.839600496812514052e+01
5.600000000000000000e+01	5.600000000000000000e+04	1.865096170847312962e+01
5.700000000000000000e+01	5.700000000000000000e+04	1.886533360911474233e+01
5.800000000000000000e+01	5.800000000000000000e+04	1.883678047160938007e+01
5.900000000000000000e+01	5.900000000000000000e+04	1.897814762373564079e+01
6.000000000000000000e+01	6.000000000000000000e+04	1.928271141174266035e+01
6.100000000000000000e+01	6.100000000000000000e+04	1.946346794024983495e+01
6.200000000000000000e+01	6.200000000000000000e+04	1.962735905677818593e+01
6.300000000000000000e+01	6.300000000000000000e+04	1.964331248221679260e+01
6.400000000000000000e+01	6.400000000000000000e+04	1.985873664772243075e+01
6.500000000000000000e+01	6.500000000000000000e+04	2.028933999119813691e+01
6.600000000000000000e+01	6.600000000000000000e+04	2.059522845890333187e+01
6.700000000000000000e+01	6.700000000000000000e+04	2.057617824820228947e+01
6.800000000000000000e+01	6.800000000000000000e+04	2.075092913890115298e+01
6.900000000000000000e+01	6.900000000000000000e+04	2.076214539314450747e+01
7.000000000000000000e+01	7.000000000000000000e+04	2.081895601262408846e+01
7.100000000000000000e+01	7.100000000000000000e+04	2.085208926018813713e+01
7.200000000000000000e+01	7.200000000000000000e+04	2.100236650195815002e+01
7.300000000000000000e+01	7.300000000000000000e+04	2.096704780400878221e+01
7.400000000000000000e+01	7.400000000000000000e+04	2.121878113377003672e+01
7.500000000000000000e+01	7.500000000000000000e+04	2.133852447647073092e+01
7.600000000000000000e+01	7.600000000000000000e+04	2.135369799775054389e+01
7.700000000000000000e+01	7.700000000000000000e+04	2.127746287558541027e+01
7.800000000000000000e+01	7.800000000000000000e+04	2.163665102165973408e+01
7.900000000000000000e+01	7.900000000000000000e+04	2.152403406102448002e+01
8.000000000000000000e+01	8.000000000000000000e+04	2.175483564269648440e+01
8.100000000000000000e+01	8.100000000000000000e+04	2.194487529708835183e+01
8.200000000000000000e+01	8.200000000000000000e+04	2.207563957682339506e+01
8.300000000000000000e+01	8.300000000000000000e+04	2.218519467714989801e+01
8.400000000000000000e+01	8.400000000000000000e+04	2.227635547823322781e+01
8.500000000000000000e+01	8.500000000000000000e+04	2.207287216637840999e+01
8.600000000000000000e+01	8.600000000000000000e+04	2.201127828185829571e+01
8.700000000000000000e+01	8.700000000000000000e+04	2.199802158377215733e+01
8.800000000000000000e+01	8.800000000000000000e+04	2.195975553803138780e+01
8.900000000000000000e+01	8.900000000000000000e+04	2.192408034960651975e+01
9.000000000000000000e+01	9.000000000000000000e+04	2.194736767534589461e+01
9.100000000000000000e+01	9.100000000000000000e+04	2.203103039612181746e+01
9.200000000000000000e+01	9.200000000000000000e+04	2.227751724342219930e+01
9.300000000000000000e+01	9.300000000000000000e+04	2.226122220790286832e+01
9.400000000000000000e+01	9.400000000000000000e+04	2.240931883114044254e+01
9.500000000000000000e+01	9.500000000000000000e+04	2.237160702794033895e+01
9.600000000000000000e+01	9.600000000000000000e+04	2.249956672081622600e+01
9.700000000000000000e+01	9.700000000000000000e+04	2.281375155704704483e+01
9.800000000000000000e+01	9.800000000000000000e+04	2.299308449738750326e+01
9.900000000000000000e+01	9.900000000000000000e+04	2.308325775749868569e+01
1.000000000000000000e+02	1.000000000000000000e+05	2.338101431653866058e+01
1.010000000000000000e+02	1.010000000000000000e+05	2.346143901944819277e+01
1.020000000000000000e+02	1.020000000000000000e+05	2.374893358245554964e+01
1.030000000000000000e+02	1.030000000000000000e+05	2.405710746740793837e+01
1.040000000000000000e+02	1.040000000000000000e+05	2.424048636182039829e+01
1.050000000000000000e+02	1.050000000000000000e+05	2.473672571391917074e+01
1.060000000000000000e+02	1.060000000000000000e+05	2.498703558430013771e+01
1.070000000000000000e+02	1.070000000000000000e+05	2.524624561906086839e+01
1.080000000000000000e+02	1.080000000000000000e+05	2.556267577202896391e+01
1.090000000000000000e+02	1.090000000000000000e+05	2.586616913003134854e+01
1.100000000000000000e+02	1.100000000000000000e+05	2.622370526868458995e+01
1.110000000000000000e+02	1.110000000000000000e+05	2.652398692633655841e+01
1.120000000000000000e+02	1.120000000000000000e+05	2.673387458510222814e+01
1.130000000000000000e+02	1.130000000000000000e+05	2.724587451974942098e+01
1.140000000000000000e+02	1.140000000000000000e+05	2.755434474963414360e+01
1.150000000000000000e+02	1.150000000000000000e+05	2.777142883037450360e+01
1.160000000000000000e+02	1.160000000000000000e+05	2.805119640513710166e+01
1.170000000000000000e+02	1.170000000000000000e+05	2.837145695726824712e+01
1.180000000000000000e+02	1.180000000000000000e+05	2.842505526530990423e+01
1.190000000000000000e+02	1.190000000000000000e+05	2.879257157347216989e+01
1.200000000000000000e+02	1.200000000000000000e+05	2.898562144505516258e+01
1.210000000000000000e+02	1.210000000000000000e+05	2.913330408835703977e+01
1.220000000000000000e+02	1.220000000000000000e+05	2.934061876895808041e+01
1.230000000000000000e+02	1.230000000000000000e+05	2.935429048138566799e+01
1.240000000000000000e+02	1.240000000000000000e+05	2.954486206392926562e+01
1.250000000000000000e+02	1.250000000000000000e+05	2.965821390638167188e+01
1.260000000000000000e+02	1.260000000000000000e+05	2.991690672658989669e+01
1.270000000000000000e+02	1.270000000000000000e+05	2.988847530116191464e+01
1.280000000000000000e+02	1.280000000000000000e+05	3.000266434894913914e+01
1.290000000000000000e+02	1.290000000000000000e+05	3.013606385584152747e+01
1.300000000000000000e+02	1.300000000000000000e+05	3.025234530412726741e+01
1.310000000000000000e+02	1.310000000000000000e+05	3.038940841619409738e+01
1.320000000000000000e+02	1.320000000000000000e+05	3.047527627774116254e+01
1.330000000000000000e+02	1.330000000000000000e+05	3.056165595631908616e+01
1.340000000000000000e+02	1.340000000000000000e+05	3.059053649126105867e+01
1.350000000000000000e+02	1.350000000000000000e+05	3.071752389237063241e+01
1.360000000000000000e+02	1.360000000000000000e+05	3.080658495794057217e+01
1.370000000000000000e+02	1.370000000000000000e+05	3.101633903756159683e+01
1.380000000000000000e+02	1.380000000000000000e+05	3.103499455818661446e+01
1.390000000000000000e+02	1.390000000000000000e+05	3.110595913825391889e+01
1.400000000000000000e+02	1.400000000000000000e+05	3.121909241692575065e+01
1.410000000000000000e+02	1.410000000000000000e+05	3.127148186865568391e+01
1.420000000000000000e+02	1.420000000000000000e+05	3.152658535601279866e+01
1.430000000000000000e+02	1.430000000000000000e+05	3.144936376230079134e+01
1.440000000000000000e+02	1.440000000000000000e+05	3.161020178324702457e+01
1.450000000000000000e+02	1.450000000000000000e+05	3.169474629559040579e+01
1.460000000000000000e+02	1.460000000000000000e+05	3.152459725475603847e+01
1.470000000000000000e+02	1.470000000000000000e+05	3.152672730207872220e+01
1.480000000000000000e+02	1.480000000000000000e+05	3.147393392951303781e+01
1.490000000000000000e+02	1.490000000000000000e+05	3.155324138771327824e+01
1.500000000000000000e+02	1.500000000000000000e+05	3.156778717319335215e+01
1.510000000000000000e+02	1.510000000000000000e+05	3.175188234220774319e+01
1.520000000000000000e+02	1.520000000000000000e+05	3.181985602677292135e+01
1.530000000000000000e+02	1.530000000000000000e+05	3.201013275494612031e+01
1.540000000000000000e+02	1.540000000000000000e+05	3.203927089134010231e+01
1.550000000000000000e+02	1.550000000000000000e+05	3.217463080269273945e+01
1.560000000000000000e+02	1.560000000000000000e+05	3.231915718512167501e+01
1.570000000000000000e+02	1.570000000000000000e+05	3.238882667888713485e+01
1.580000000000000000e+02	1.580000000000000000e+05	3.256983380873199962e+01
1.590000000000000000e+02	1.590000000000000000e+05	3.264272767999460712e+01
1.600000000000000000e+02	1.600000000000000000e+05	3.272150978961877854e+01
1.610000000000000000e+02	1.610000000000000000e+05	3.279015618122456743e+01
1.620000000000000000e+02	1.620000000000000000e+05	3.287525904781963959e+01
1.630000000000000000e+02	1.630000000000000000e+05	3.282916627657780140e+01
1.640000000000000000e+02	1.640000000000000000e+05	3.281123228646839607e+01
1.650000000000000000e+02	1.650000000000000000e+05	3.283129759718230645e+01
1.660000000000000000e+02	1.660000000000000000e+05	3.272685133311593120e+01
1.670000000000000000e+02	1.670000000000000000e+05	3.267451164055185586e+01
1.680000000000000000e+02	1.680000000000000000e+05	3.273124632743223117e+01
1.690000000000000000e+02	1.690000000000000000e+05	3.283443684229641235e+01
1.700000000000000000e+02	1.700000000000000000e+05	3.284531229040343447e+01
1.710000000000000000e+02	1.710000000000000000e+05	3.295848944250966639e+01
1.720000000000000000e+02	1.720000000000000000e+05	3.293622419759174136e+01
1.730000000000000000e+02	1.730000000000000000e+05	3.309818630657382243e+01
1.740000000000000000e+02	1.740000000000000000e+05	3.332857120615582858e+01
1.750000000000000000e+02	1.750000000000000000e+05	3.343800697743520089e+01
1.760000000000000000e+02	1.760000000000000000e+05	3.362238721745333692e+01
1.770000000000000000e+02	1.770000000000000000e+05	3.369098025714079370e+01
1.780000000000000000e+02	1.780000000000000000e+05	3.379111957790944132e+01
1.790000000000000000e+02	1.790000000000000000e+05	3.388033729016547113e+01
1.800000000000000000e+02	1.800000000000000000e+05	3.403240151223378973e+01
1.810000000000000000e+02	1.810000000000000000e+05	3.428895437157967763e+01
1.820000000000000000e+02	1.820000000000000000e+05	3.442353365388714082e+01
1.830000000000000000e+02	1.830000000000000000e+05	3.433242959811095574e+01
1.840000000000000000e+02	1.840000000000000000e+05	3.450797831629677859e+01
1.850000000000000000e+02	1.850000000000000000e+05	3.461199909909804973e+01
1.860000000000000000e+02	1.860000000000000000e+05	3.469870127235309809e+01
1.870000000000000000e+02	1.870000000000000000e+05	3.511806401175445558e+01
1.880000000000000000e+02	1.880000000000000000e+05	3.511867020823324737e+01
1.890000000000000000e+02	1.890000000000000000e+05	3.526025487217772536e+01
1.900000000000000000e+02	1.900000000000000000e+05	3.514597900172634581e+01
1.910000000000000000e+02	1.910000000000000000e+05	3.523166553348658425e+01
1.920000000000000000e+02	1.920000000000000000e+05	3.521267566883026490e+01
1.930000000000000000e+02	1.930000000000000000e+05	3.521401766317957538e+01
1.940000000000000000e+02	1.940000000000000000e+05	3.535610181636306493e+01
1.950000000000000000e+02	1.950000000000000000e+05	3.531992289990341760e+01
1.960000000000000000e+02	1.960000000000000000e+05	3.546490656432724364e+01
1.970000000000000000e+02	1.970000000000000000e+05	3.555926223316408397e+01
1.980000000000000000e+02	1.980000000000000000e+05	3.563935601400536513e+01
1.990000000000000000e+02	1.990000000000000000e+05	3.562823493419468690e+01
2.000000000000000000e+02	2.000000000000000000e+05	3.555948613834925709e+01
2.010000000000000000e+02	2.010000000000000000e+05	3.546023203164993731e+01
2.020000000000000000e+02	2.020000000000000000e+05	3.549708797827974394e+01
2.030000000000000000e+02	2.030000000000000000e+05	3.547506182159282417e+01
2.040000000000000000e+02	2.040000000000000000e+05	3.561405851383235444e+01
2.050000000000000000e+02	2.050000000000000000e+05	3.556992773694927479e+01
2.060000000000000000e+02	2.060000000000000000e+05	3.574685685078919306e+01
2.070000000000000000e+02	2.070000000000000000e+05	3.575309539083623633e+01
2.080000000000000000e+02	2.080000000000000000e+05	3.594152085933659180e+01
2.090000000000000000e+02	2.090000000000000000e+05	3.578275092712667771e+01
2.100000000000000000e+02	2.100000000000000000e+05	3.579415286468812241e+01
2.110000000000000000e+02	2.110000000000000000e+05	3.584398275005903400e+01
2.120000000000000000e+02	2.120000000000000000e+05	3.604509200865486918e+01
2.130000000000000000e+02	2.130000000000000000e+05	3.608733489739176292e+01
2.140000000000000000e+02	2.140000000000000000e+05	3.621987152627966822e+01
2.150000000000000000e+02	2.150000000000000000e+05	3.630589601037168279e+01
2.160000000000000000e+02	2.160000000000000000e+05	3.638649312049378892e+01
2.170000000000000000e+02	2.170000000000000000e+05	3.637253931328085343e+01
2.180000000000000000e+02	2.180000000000000000e+05	3.633886224344783500e+01
2.190000000000000000e+02	2.190000000000000000e+05	3.634056619222192097e+01
2.200000000000000000e+02	2.200000000000000000e+05	3.642061949717319180e+01
2.210000000000000000e+02	2.210000000000000000e+05	3.655597776294826673e+01
2.220000000000000000e+02	2.220000000000000000e+05	3.656286757445220559e+01
2.230000000000000000e+02	2.230000000000000000e+05	3.681276748258089526e+01
2.240000000000000000e+02	2.240000000000000000e+05	3.691278094970812873e+01
2.250000000000000000e+02	2.250000000000000000e+05	3.700134092531019547e+01
2.260000000000000000e+02	2.260000000000000000e+05	3.722397072470257484e+01
2.270000000000000000e+02	2.270000000000000000e+05	3.734114110601834113e+01
2.280000000000000000e+02	2.280000000000000000e+05	3.752708359133871596e+01
2.290000000000000000e+02	2.290000000000000000e+05	3.775461752376688196e+01
2.300000000000000000e+02	2.300000000000000000e+05	3.771016203101515885e+01
2.310000000000000000e+02	2.310000000000000000e+05	3.789202410069017901e+01
2.320000000000000000e+02	2.320000000000000000e+05	3.800692168472664179e+01
2.330000000000000000e+02	2.330000000000000000e+05	3.824948668694036513e+01
2.340000000000000000e+02	2.340000000000000000e+05	3.818916092555954123e+01
2.350000000000000000e+02	2.350000000000000000e+05	3.810462713977619131e+01
2.360000000000000000e+02	2.360000000000000000e+05	3.813693673897389402e+01
2.370000000000000000e+02	2.370000000000000000e+05	3.814303977271124069e+01
2.380000000000000000e+02	2.380000000000000000e+05	3.810465717971558774e+01
2.390000000000000000e+02	2.390000000000000000e+05	3.822372093842141538e+01
2.400000000000000000e+02	2.400000000000000000e+05	3.817069271509366502e+01
2.410000000000000000e+02	2.410000000000000000e+05	3.810555744746125129e+01
2.420000000000000000e+02	2.420000000000000000e+05	3.817758120237488839e+01
2.430000000000000000e+02	2.430000000000000000e+05	3.827530783237422440e+01
2.440000000000000000e+02	2.440000000000000000e+05	3.840372504517731045e+01
2.450000000000000000e+02	2.450000000000000000e+05	3.849429191491102387e+01
2.460000000000000000e+02	2.460000000000000000e+05	3.845721092684667752e+01
2.470000000000000000e+02	2.470000000000000000e+05	3.871942475868521427e+01
2.480000000000000000e+02	2.480000000000000000e+05	3.861826450768673880e+01
2.490000000000000000e+02	2.490000000000000000e+05	3.883139461648093516e+01
2.500000000000000000e+02	2.500000000000000000e+05	3.883693634454773758e+01
2.510000000000000000e+02	2.510000000000000000e+05	3.879851479721909158e+01
2.520000000000000000e+02	2.520000000000000000e+05	3.893079318114631349e+01
2.530000000000000000e+02	2.530000000000000000e+05	3.910065831061830721e+01
2.540000000000000000e+02	2.540000000000000000e+05	3.926555244269636091e+01
2.550000000000000000e+02	2.550000000000000000e+05	3.952613101170375387e+01
2.560000000000000000e+02	2.560000000000000000e+05	3.958880541271612685e+01
2.570000000000000000e+02	2.570000000000000000e+05	3.963031413714081452e+01
2.580000000000000000e+02	2.580000000000000000e+05	3.978765034035956205e+01
2.590000000000000000e+02	2.590000000000000000e+05	3.976658469555989939e+01
2.600000000000000000e+02	2.600000000000000000e+05	3.979030972646154396e+01
2.610000000000000000e+02	2.610000000000000000e+05	3.994233971322194776e+01
2.620000000000000000e+02	2.620000000000000000e+05	4.023370796527146354e+01
2.630000000000000000e+02	2.630000000000000000e+05	4.035051563393310659e+01
2.640000000000000000e+02	2.640000000000000000e+05	4.044166280481572784e+01
2.650000000000000000e+02	2.650000000000000000e+05	4.057691630234977964e+01
2.660000000000000000e+02	2.660000000000000000e+05	4.073619265480498797e+01
2.670000000000000000e+02	2.670000000000000000e+05	4.090687436629056606e+01
2.680000000000000000e+02	2.680000000000000000e+05	4.090160337868606177e+01
2.690000000000000000e+02	2.690000000000000000e+05	4.097411885523820274e+01
2.700000000000000000e+02	2.700000000000000000e+05	4.098824621388408929e+01
2.710000000000000000e+02	2.710000000000000000e+05	4.104741859214814781e+01
2.720000000000000000e+02	2.720000000000000000e+05	4.100666182007206828e+01
2.730000000000000000e+02	2.730000000000000000e+05	4.120876659883554538e+01
2.740000000000000000e+02	2.740000000000000000e+05	4.135050263490941092e+01
2.750000000000000000e+02	2.750000000000000000e+05	4.139972312136345778e+01
2.760000000000000000e+02	2.760000000000000000e+05	4.166971743719849997e+01
2.770000000000000000e+02	2.770000000000000000e+05	4.158655044218370023e+01
2.780000000000000000e+02	2.780000000000000000e+05	4.174318227747242815e+01
2.790000000000000000e+02	2.790000000000000000e+05	4.191949286617364123e+01
2.800000000000000000e+02	2.800000000000000000e+05	4.213758042254236358e+01
2.810000000000000000e+02	2.810000000000000000e+05	4.221064962291392675e+01
2.820000000000000000e+02	2.820000000000000000e+05	4.232080790671287218e+01
2.830000000000000000e+02	2.830000000000000000e+05	4.249662637215697458e+01
2.840000000000000000e+02	2.840000000000000000e+05	4.267960953299247251e+01
2.850000000000000000e+02	2.850000000000000000e+05	4.254450651423265839e+01
2.860000000000000000e+02	2.860000000000000000e+05	4.261200609043726217e+01
2.870000000000000000e+02	2.870000000000000000e+05	4.278279879264101027e+01
2.880000000000000000e+02	2.880000000000000000e+05	4.284600418914719455e+01
2.890000000000000000e+02	2.890000000000000000e+05	4.288500944607921639e+01
2.900000000000000000e+02	2.900000000000000000e+05	4.294611779891684478e+01
2.910000000000000000e+02	2.910000000000000000e+05	4.296500929463510232e+01
2.920000000000000000e+02	2.920000000000000000e+05	4.303688564293783259e+01
2.930000000000000000e+02	2.930000000000000000e+05	4.311266989988792631e+01
2.940000000000000000e+02	2.940000000000000000e+05	4.304894658523958384e+01
2.950000000000000000e+02	2.950000000000000000e+05	4.300519423196804780e+01
2.960000000000000000e+02	2.960000000000000000e+05	4.296512933571188597e+01
2.970000000000000000e+02	2.970000000000000000e+05	4.282344846432140884e+01
2.980000000000000000e+02	2.980000000000000000e+05	4.277515149251079407e+01
2.990000000000000000e+02	2.990000000000000000e+05	4.282768520027131842e+01
3.000000000000000000e+02	3.000000000000000000e+05	4.298440877317563746e+01
3.010000000000000000e+02	3.010000000000000000e+05	4.292650288414968429e+01
3.020000000000000000e+02	3.020000000000000000e+05	4.294659395685026482e+01
3.030000000000000000e+02	3.030000000000000000e+05	4.302643940866868633e+01
3.040000000000000000e+02	3.040000000000000000e+05	4.324310685929899734e+01
3.050000000000000000e+02	3.050000000000000000e+05	4.317791721883554601e+01
3.060000000000000000e+02	3.060000000000000000e+05	4.314598357598258360e+01
3.070000000000000000e+02	3.070000000000000000e+05	4.308931443765469282e+01
3.080000000000000000e+02	3.080000000000000000e+05	4.301945373137532869e+01
3.090000000000000000e+02	3.090000000000000000e+05	4.303409192989633425e+01
3.100000000000000000e+02	3.100000000000000000e+05	4.315765497260694872e+01
3.110000000000000000e+02	3.110000000000000000e+05	4.302894295515324075e+01
3.120000000000000000e+02	3.120000000000000000e+05	4.311569744668358339e+01
3.130000000000000000e+02	3.130000000000000000e+05	4.305160944782164023e+01
3.140000000000000000e+02	3.140000000000000000e+05	4.302148593398025156e+01
3.150000000000000000e+02	3.150000000000000000e+05	4.306887433084843053e+01
3.160000000000000000e+02	3.160000000000000000e+05	4.328172912255271143e+01
3.170000000000000000e+02	3.170000000000000000e+05	4.329561096577458557e+01
3.180000000000000000e+02	3.180000000000000000e+05	4.336689969011293044e+01
3.190000000000000000e+02	3.190000000000000000e+05	4.330840469555631955e+01
3.200000000000000000e+02	3.200000000000000000e+05	4.340465936567646565e+01
3.210000000000000000e+02	3.210000000000000000e+05	4.338729706476742365e+01
3.220000000000000000e+02	3.220000000000000000e+05	4.322935988237018989e+01
3.230000000000000000e+02	3.230000000000000000e+05	4.327386221852081860e+01
3.240000000000000000e+02	3.240000000000000000e+05	4.342319356220950510e+01
3.250000000000000000e+02	3.250000000000000000e+05	4.345468083291508776e+01
3.260000000000000000e+02	3.260000000000000000e+05	4.340036596199892216e+01
3.270000000000000000e+02	3.270000000000000000e+05	4.356274598352585059e+01
3.280000000000000000e+02	3.280000000000000000e+05	4.354779302315794354e+01
3.290000000000000000e+02	3.290000000000000000e+05	4.362199429258704697e+01
3.300000000000000000e+02	3.300000000000000000e+05	4.364565032119072896e+01
3.310000000000000000e+02	3.310000000000000000e+05	4.376129227056205195e+01
3.320000000000000000e+02	3.320000000000000000e+05	4.379282302963055429e+01
3.330000000000000000e+02	3.330000000000000000e+05	4.363078879684865541e+01
3.340000000000000000e+02	3.340000000000000000e+05	4.374011097686078386e+01
3.350000000000000000e+02	3.350000000000000000e+05	4.381973367158574462e+01
3.360000000000000000e+02	3.360000000000000000e+05	4.378719639850640988e+01
3.370000000000000000e+02	3.370000000000000000e+05	4.392721238005220386e+01
3.380000000000000000e+02	3.380000000000000000e+05	4.401436533567302689e+01
3.390000000000000000e+02	3.390000000000000000e+05	4.398277771179508022e+01
3.400000000000000000e+02	3.400000000000000000e+05	4.400841712239249404e+01
3.410000000000000000e+02	3.410000000000000000e+05	4.410639029953878776e+01
3.420000000000000000e+02	3.420000000000000000e+05	4.410234299744600150e+01
3.430000000000000000e+02	3.430000000000000000e+05	4.394588531331694270e+01
3.440000000000000000e+02	3.440000000000000000e+05	4.388804317117222098e+01
3.450000000000000000e+02	3.450000000000000000e+05	4.382935205939261891e+01
3.460000000000000000e+02	3.460000000000000000e+05	4.386317348410796768e+01
3.470000000000000000e+02	3.470000000000000000e+05	4.373066551385587530e+01
3.480000000000000000e+02	3.480000000000000000e+05	4.368721138851579155e+01
3.490000000000000000e+02	3.490000000000000000e+05	4.376357644442447281e+01
3.500000000000000000e+02	3.500000000000000000e+05	4.375374236236964975e+01
3.510000000000000000e+02	3.510000000000000000e+05	4.382022723731449076e+01
3.520000000000000000e+02	3.520000000000000000e+05	4.398296033089191326e+01
3.530000000000000000e+02	3.530000000000000000e+05	4.404984281080594855e+01
3.540000000000000000e+02	3.540000000000000000e+05	4.406657302877380289e+01
3.550000000000000000e+02	3.550000000000000000e+05	4.423021122324095700e+01
3.560000000000000000e+02	3.560000000000000000e+05	4.430565355380770853e+01
3.570000000000000000e+02	3.570000000000000000e+05	4.439551634655870771e+01
3.580000000000000000e+02	3.580000000000000000e+05	4.449352922762217588e+01
3.590000000000000000e+02	3.590000000000000000e+05	4.452218089256666644e+01
3.600000000000000000e+02	3.600000000000000000e+05	4.470653322632623627e+01
3.610000000000000000e+02	3.610000000000000000e+05	4.463503047616869424e+01
3.620000000000000000e+02	3.620000000000000000e+05	4.468772131185225760e+01
3.630000000000000000e+02	3.630000000000000000e+05	4.462569158204057373e+01
3.640000000000000000e+02	3.640000000000000000e+05	4.476445136798898261e+01
3.650000000000000000e+02	3.650000000000000000e+05	4.486661525786138327e+01
3.660000000000000000e+02	3.660000000000000000e+05	4.505796736166338690e+01
3.670000000000000000e+02	3.670000000000000000e+05	4.534773470981713928e+01
3.680000000000000000e+02	3.680000000000000000e+05	4.552007716588570929e+01
3.690000000000000000e+02	3.690000000000000000e+05	4.571227983982536358e+01
3.700000000000000000e+02	3.700000000000000000e+05	4.564643005505865148e+01
3.710000000000000000e+02	3.710000000000000000e+05	4.566846732282794363e+01
3.720000000000000000e+02	3.720000000000000000e+05	4.566257828297846544e+01
3.730000000000000000e+02	3.730000000000000000e+05	4.562422879098604511e+01
3.740000000000000000e+02	3.740000000000000000e+05	4.596869049284198638e+01
3.750000000000000000e+02	3.750000000000000000e+05	4.594190720131435768e+01
3.760000000000000000e+02	3.760000000000000000e+05	4.596704335958787624e+01
3.770000000000000000e+02	3.770000000000000000e+05	4.614343148535139250e+01
3.780000000000000000e+02	3.780000000000000000e+05	4.632558504530099697e+01
3.790000000000000000e+02	3.790000000000000000e+05	4.624008418841071943e+01
3.800000000000000000e+02	3.800000000000000000e+05	4.627256806041541637e+01
3.810000000000000000e+02	3.810000000000000000e+05	4.640669953337243925e+01
3.820000000000000000e+02	3.820000000000000000e+05	4.642577452760977508e+01
3.830000000000000000e+02	3.830000000000000000e+05	4.647157703241754234e+01
3.840000000000000000e+02	3.840000000000000000e+05	4.654102556331650931e+01
3.850000000000000000e+02	3.850000000000000000e+05	4.654448053825644394e+01
3.860000000000000000e+02	3.860000000000000000e+05	4.662136329518533273e+01
3.870000000000000000e+02	3.870000000000000000e+05	4.674272180275519872e+01
3.880000000000000000e+02	3.880000000000000000e+05	4.672442721792100429e+01
3.890000000000000000e+02	3.890000000000000000e+05	4.681711447992098130e+01
3.900000000000000000e+02	3.900000000000000000e+05	4.695701429880445943e+01
3.910000000000000000e+02	3.910000000000000000e+05	4.693764470001418232e+01
3.920000000000000000e+02	3.920000000000000000e+05	4.697226037226642603e+01
3.930000000000000000e+02	3.930000000000000000e+05	4.700315725625308971e+01
3.940000000000000000e+02	3.940000000000000000e+05	4.707652967463360483e+01
3.950000000000000000e+02	3.950000000000000000e+05	4.698714441734229297e+01
3.960000000000000000e+02	3.960000000000000000e+05	4.693900242785173305e+01
3.970000000000000000e+02	3.970000000000000000e+05	4.675225334953967149e+01
3.980000000000000000e+02	3.980000000000000000e+05	4.686810293352999679e+01
3.990000000000000000e+02	3.990000000000000000e+05	4.680562456005550587e+01
4.000000000000000000e+02	4.000000000000000000e+05	4.696492218158570608e+01
4.010000000000000000e+02	4.010000000000000000e+05	4.694905586196782110e+01
4.020000000000000000e+02	4.020000000000000000e+05	4.701890882138232541e+01
4.030000000000000000e+02	4.030000000000000000e+05	4.692337130588245486e+01
4.040000000000000000e+02	4.040000000000000000e+05	4.705567575311075501e+01
4.050000000000000000e+02	4.050000000000000000e+05	4.730590232939452733e+01
4.060000000000000000e+02	4.060000000000000000e+05	4.732869557225689050e+01
4.070000000000000000e+02	4.070000000000000000e+05	4.738408761043949369e+01
4.080000000000000000e+02	4.080000000000000000e+05	4.744188315102601905e+01
4.090000000000000000e+02	4.090000000000000000e+05	4.726854411631655495e+01
4.100000000000000000e+02	4.100000000000000000e+05	4.728546847113579332e+01
4.110000000000000000e+02	4.110000000000000000e+05	4.728110260260599063e+01
4.120000000000000000e+02	4.120000000000000000e+05	4.731274524985246188e+01
4.130000000000000000e+02	4.130000000000000000e+05	4.737641745881172284e+01
4.140000000000000000e+02	4.140000000000000000e+05	4.748474852232176602e+01
4.150000000000000000e+02	4.150000000000000000e+05	4.759227949093082799e+01
4.160000000000000000e+02	4.160000000000000000e+05	4.770614243250846442e+01
4.170000000000000000e+02	4.170000000000000000e+05	4.767680233599421058e+01
4.180000000000000000e+02	4.180000000000000000e+05	4.770181803026829925e+01
4.190000000000000000e+02	4.190000000000000000e+05	4.774820908810397668e+01
4.200000000000000000e+02	4.200000000000000000e+05	4.785399332423971686e+01
4.210000000000000000e+02	4.210000000000000000e+05	4.781076355230054276e+01
4.220000000000000000e+02	4.220000000000000000e+05	4.792016770641421886e+01
4.230000000000000000e+02	4.230000000000000000e+05	4.810876226803933520e+01
4.240000000000000000e+02	4.240000000000000000e+05	4.807723076866302137e+01
4.250000000000000000e+02	4.250000000000000000e+05	4.813565337453239579e+01
4.260000000000000000e+02	4.260000000000000000e+05	4.827680408363644204e+01
4.270000000000000000e+02	4.270000000000000000e+05	4.827268170367830180e+01
4.280000000000000000e+02	4.280000000000000000e+05	4.821976406454469100e+01
4.290000000000000000e+02	4.290000000000000000e+05	4.825103734430292945e+01
4.300000000000000000e+02	4.300000000000000000e+05	4.827462343984836934e+01
4.310000000000000000e+02	4.310000000000000000e+05	4.839148823496812213e+01
4.320000000000000000e+02	4.320000000000000000e+05	4.826034376552551919e+01
4.330000000000000000e+02	4.330000000000000000e+05	4.827112995501766335e+01
4.340000000000000000e+02	4.340000000000000000e+05	4.839191776627993136e+01
4.350000000000000000e+02	4.350000000000000000e+05	4.842664533186874110e+01
4.360000000000000000e+02	4.360000000000000000e+05	4.859337259119083541e+01
4.370000000000000000e+02	4.370000000000000000e+05	4.865384642359267531e+01
4.380000000000000000e+02	4.380000000000000000e+05	4.865377086332969725e+01
4.390000000000000000e+02	4.390000000000000000e+05	4.879532847189346256e+01
4.400000000000000000e+02	4.400000000000000000e+05	4.866480007981775202e+01
4.410000000000000000e+02	4.410000000000000000e+05	4.878820389063383800e+01
4.420000000000000000e+02	4.420000000000000000e+05	4.897625048819522675e+01
4.430000000000000000e+02	4.430000000000000000e+05	4.904706599356637753e+01
4.440000000000000000e+02	4.440000000000000000e+05	4.896937495259226836e+01
4.450000000000000000e+02	4.450000000000000000e+05	4.911657521349453503e+01
4.460000000000000000e+02	4.460000000000000000e+05	4.924102803566152176e+01
4.470000000000000000e+02	4.470000000000000000e+05	4.913046540639088278e+01
4.480000000000000000e+02	4.480000000000000000e+05	4.927805035285617663e+01
4.490000000000000000e+02	4.490000000000000000e+05	4.926165861232461651e+01
4.500000000000000000e+02	4.500000000000000000e+05	4.932040749562741411e+01
4.510000000000000000e+02	4.510000000000000000e+05	4.925321294716673037e+01
4.520000000000000000e+02	4.520000000000000000e+05	4.940982522067940153e+01
4.530000000000000000e+02	4.530000000000000000e+05	4.953754533046127762e+01
4.540000000000000000e+02	4.540000000000000000e+05	4.968841462505034201e+01
4.550000000000000000e+02	4.550000000000000000e+05	4.963502525441568736e+01
4.560000000000000000e+02	4.560000000000000000e+05	4.972393077745032031e+01
4.570000000000000000e+02	4.570000000000000000e+05	4.992620358448932194e+01
4.580000000000000000e+02	4.580000000000000000e+05	5.000184768499737231e+01
4.590000000000000000e+02	4.590000000000000000e+05	5.002822540449540156e+01
4.600000000000000000e+02	4.600000000000000000e+05	5.021044220757304544e+01
4.610000000000000000e+02	4.610000000000000000e+05	5.021725242252296084e+01
4.620000000000000000e+02	4.620000000000000000e+05	5.025358356407742377e+01
4.630000000000000000e+02	4.630000000000000000e+05	5.030714797042206499e+01
4.640000000000000000e+02	4.640000000000000000e+05	5.023505063320339303e+01
4.650000000000000000e+02	4.650000000000000000e+05	5.032062738028854199e+01
4.660000000000000000e+02	4.660000000000000000e+05	5.029123749164688206e+01
4.670000000000000000e+02	4.670000000000000000e+05	5.025315450295956765e+01
4.680000000000000000e+02	4.680000000000000000e+05	5.034581443576096405e+01
4.690000000000000000e+02	4.690000000000000000e+05	5.056071897254886949e+01
4.700000000000000000e+02	4.700000000000000000e+05	5.068978189718555427e+01
4.710000000000000000e+02	4.710000000000000000e+05	5.081170972602780012e+01
4.720000000000000000e+02	4.720000000000000000e+05	5.094597342153149810e+01
4.730000000000000000e+02	4.730000000000000000e+05	5.098481181938228701e+01
4.740000000000000000e+02	4.740000000000000000e+05	5.095315667772245405e+01
4.750000000000000000e+02	4.750000000000000000e+05	5.088305120586805685e+01
4.760000000000000000e+02	4.760000000000000000e+05	5.097143173410325545e+01
4.770000000000000000e+02	4.770000000000000000e+05	5.111825574829358487e+01
4.780000000000000000e+02	4.780000000000000000e+05	5.129650827617103914e+01
4.790000000000000000e+02	4.790000000000000000e+05	5.146238015633336005e+01
4.800000000000000000e+02	4.800000000000000000e+05	5.148451232022078017e+01
4.810000000000000000e+02	4.810000000000000000e+05	5.157898417453283457e+01
4.820000000000000000e+02	4.820000000000000000e+05	5.162993948749895168e+01
4.830000000000000000e+02	4.830000000000000000e+05	5.168515161060252439e+01
4.840000000000000000e+02	4.840000000000000000e+05	5.166764179898320464e+01
4.850000000000000000e+02	4.850000000000000000e+05	5.161068106826733981e+01
4.860000000000000000e+02	4.860000000000000000e+05	5.159344650348702288e+01
4.870000000000000000e+02	4.870000000000000000e+05	5.162018037823624894e+01
4.880000000000000000e+02	4.880000000000000000e+05	5.168759169929955988e+01
4.890000000000000000e+02	4.890000000000000000e+05	5.162023912781427271e+01
4.900000000000000000e+02	4.900000000000000000e+05	5.162510174322188305e+01
4.910000000000000000e+02	4.910000000000000000e+05	5.170396965156237457e+01
4.920000000000000000e+02	4.920000000000000000e+05	5.171325756076536351e+01
4.930000000000000000e+02	4.930000000000000000e+05	5.179323841050116783e+01
4.940000000000000000e+02	4.940000000000000000e+05	5.190106786172002273e+01
4.950000000000000000e+02	4.950000000000000000e+05	5.188460440310677768e+01
4.960000000000000000e+02	4.960000000000000000e+05	5.202376710191652620e+01
4.970000000000000000e+02	4.970000000000000000e+05	5.213857155271284682e+01
4.980000000000000000e+02	4.980000000000000000e+05	5.218668203467154854e+01
4.990000000000000000e+02	4.990000000000000000e+05	5.229809720760131597e+01
5.000000000000000000e+02	5.000000000000000000e+05	5.237948132909414767e+01
5.010000000000000000e+02	5.010000000000000000e+05	5.238046812503149141e+01
5.020000000000000000e+02	5.020000000000000000e+05	5.247762941504694112e+01
5.030000000000000000e+02	5.030000000000000000e+05	5.250437288607684394e+01
5.040000000000000000e+02	5.040000000000000000e+05	5.239820147768802627e+01
5.050000000000000000e+02	5.050000000000000000e+05	5.227419989945018131e+01
5.060000000000000000e+02	5.060000000000000000e+05	5.241034949064147241e+01
5.070000000000000000e+02	5.070000000000000000e+05	5.263514852659153576e+01
5.080000000000000000e+02	5.080000000000000000e+05	5.271276082195091561e+01
5.090000000000000000e+02	5.090000000000000000e+05	5.275890246773464298e+01
5.100000000000000000e+02	5.100000000000000000e+05	5.279560701023854818e+01
5.110000000000000000e+02	5.110000000000000000e+05	5.279451788122675282e+01
5.120000000000000000e+02	5.120000000000000000e+05	5.270215349236349311e+01
5.130000000000000000e+02	5.130000000000000000e+05	5.279357663251457211e+01
5.140000000000000000e+02	5.140000000000000000e+05	5.290701788928549121e+01
5.150000000000000000e+02	5.150000000000000000e+05	5.298178000228772078e+01
5.160000000000000000e+02	5.160000000000000000e+05	5.292743234978052413e+01
5.170000000000000000e+02	5.170000000000000000e+05	5.296198171718340575e+01
5.180000000000000000e+02	5.180000000000000000e+05	5.314023385879144001e+01
5.190000000000000000e+02	5.190000000000000000e+05	5.316531810911126854e+01
5.200000000000000000e+02	5.200000000000000000e+05	5.317096287691528289e+01
5.210000000000000000e+02	5.210000000000000000e+05	5.322951594928193231e+01
5.220000000000000000e+02	5.220000000000000000e+05	5.324890286138787587e+01
5.230000000000000000e+02	5.230000000000000000e+05	5.315689772885773579e+01
5.240000000000000000e+02	5.240000000000000000e+05	5.317744332088834369e+01
5.250000000000000000e+02	5.250000000000000000e+05	5.335043187410570198e+01
5.260000000000000000e+02	5.260000000000000000e+05	5.346602297777643287e+01
5.270000000000000000e+02	5.270000000000000000e+05	5.361077480237484139e+01
5.280000000000000000e+02	5.280000000000000000e+05	5.373053376982566931e+01
5.290000000000000000e+02	5.290000000000000000e+05	5.382441031762789407e+01
5.300000000000000000e+02	5.300000000000000000e+05	5.396647703691301245e+01
5.310000000000000000e+02	5.310000000000000000e+05	5.414133022346739210e+01
5.320000000000000000e+02	5.320000000000000000e+05	5.403681209508008010e+01
5.330000000000000000e+02	5.330000000000000000e+05	5.406389890292401645e+01
5.340000000000000000e+02	5.340000000000000000e+05	5.409458453606717399e+01
5.350000000000000000e+02	5.350000000000000000e+05	5.416174838604678143e+01
5.360000000000000000e+02	5.360000000000000000e+05	5.421633424033394988e+01
5.370000000000000000e+02	5.370000000000000000e+05	5.418913091648217062e+01
5.380000000000000000e+02	5.380000000000000000e+05	5.427399018560581823e+01
5.390000000000000000e+02	5.390000000000000000e+05	5.428519142872926295e+01
5.400000000000000000e+02	5.400000000000000000e+05	5.427678032109405137e+01
5.410000000000000000e+02	5.410000000000000000e+05	5.416165629346888011e+01
5.420000000000000000e+02	5.420000000000000000e+05	5.437767599816793052e+01
5.430000000000000000e+02	5.430000000000000000e+05	5.444777781791514570e+01
5.440000000000000000e+02	5.440000000000000000e+05	5.443424004787374315e+01
5.450000000000000000e+02	5.450000000000000000e+05	5.452267372814628033e+01
5.460000000000000000e+02	5.460000000000000000e+05	5.445341451927335896e+01
5.470000000000000000e+02	5.470000000000000000e+05	5.445379135516191837e+01
5.480000000000000000e+02	5.480000000000000000e+05	5.461857964514629060e+01
5.490000000000000000e+02	5.490000000000000000e+05	5.468909691724070399e+01
5.500000000000000000e+02	5.500000000000000000e+05	5.491463128846511665e+01
5.510000000000000000e+02	5.510000000000000000e+05	5.503359302371146100e+01
5.520000000000000000e+02	5.520000000000000000e+05	5.493213363829686102e+01
5.530000000000000000e+02	5.530000000000000000e+05	5.492498237275511741e+01
5.540000000000000000e+02	5.540000000000000000e+05	5.488381446162505028e+01
5.550000000000000000e+02	5.550000000000000000e+05	5.511304970993626995e+01
5.560000000000000000e+02	5.560000000000000000e+05	5.515437088630799423e+01
5.570000000000000000e+02	5.570000000000000000e+05	5.528303438153704263e+01
5.580000000000000000e+02	5.580000000000000000e+05	5.525972238349800847e+01
5.590000000000000000e+02	5.590000000000000000e+05	5.539117490677347178e+01
5.600000000000000000e+02	5.600000000000000000e+05	5.540529090770373699e+01
5.610000000000000000e+02	5.610000000000000000e+05	5.540570079209174992e+01
5.620000000000000000e+02	5.620000000000000000e+05	5.541126193486471863e+01
5.630000000000000000e+02	5.630000000000000000e+05	5.532688849701261091e+01
5.640000000000000000e+02	5.640000000000000000e+05	5.529469150955557666e+01
5.650000000000000000e+02	5.650000000000000000e+05	5.538388383149654715e+01
5.660000000000000000e+02	5.660000000000000000e+05	5.557551431373941853e+01
5.670000000000000000e+02	5.670000000000000000e+05	5.571577898043781829e+01
5.680000000000000000e+02	5.680000000000000000e+05	5.567241584709483959e+01
5.690000000000000000e+02	5.690000000000000000e+05	5.565858721567691703e+01
5.700000000000000000e+02	5.700000000000000000e+05	5.573307932030609635e+01
5.710000000000000000e+02	5.710000000000000000e+05	5.576218064555299492e+01
5.720000000000000000e+02	5.720000000000000000e+05	5.586225168893999893e+01
5.730000000000000000e+02	5.730000000000000000e+05	5.588142968663282772e+01
5.740000000000000000e+02	5.740000000000000000e+05	5.590389539671100749e+01
5.750000000000000000e+02	5.750000000000000000e+05	5.594379938526682139e+01
5.760000000000000000e+02	5.760000000000000000e+05	5.592578972031041928e+01
5.770000000000000000e+02	5.770000000000000000e+05	5.621349467230585617e+01
5.780000000000000000e+02	5.780000000000000000e+05	5.608254663296406761e+01
5.790000000000000000e+02	5.790000000000000000e+05	5.606603866799800073e+01
5.800000000000000000e+02	5.800000000000000000e+05	5.613061575346645782e+01
5.810000000000000000e+02	5.810000000000000000e+05	5.609722762159515952e+01
5.820000000000000000e+02	5.820000000000000000e+05	5.603197419871192864e+01
5.830000000000000000e+02	5.830000000000000000e+05	5.595747881271209678e+01
5.840000000000000000e+02	5.840000000000000000e+05	5.597940147122584165e+01
5.850000000000000000e+02	5.850000000000000000e+05	5.614569535663415678e+01
5.860000000000000000e+02	5.860000000000000000e+05	5.625399042541200600e+01
5.870000000000000000e+02	5.870000000000000000e+05	5.639769070860434397e+01
5.880000000000000000e+02	5.880000000000000000e+05	5.625680079957148649e+01
5.890000000000000000e+02	5.890000000000000000e+05	5.624089187378194765e+01
5.900000000000000000e+02	5.900000000000000000e+05	5.628718314173275417e+01
5.910000000000000000e+02	5.910000000000000000e+05	5.638901681634013130e+01
5.920000000000000000e+02	5.920000000000000000e+05	5.630574490037034963e+01
5.930000000000000000e+02	5.930000000000000000e+05	5.639158669122632261e+01
5.940000000000000000e+02	5.940000000000000000e+05	5.641099287279948982e+01
5.950000000000000000e+02	5.950000000000000000e+05	5.651517185858082826e+01
5.960000000000000000e+02	5.960000000000000000e+05	5.679360571166427007e+01
5.970000000000000000e+02	5.970000000000000000e+05	5.681437044840961903e+01
5.980000000000000000e+02	5.980000000000000000e+05	5.684500486356600391e+01
5.990000000000000000e+02	5.990000000000000000e+05	5.671982038246934366e+01
6.000000000000000000e+02	6.000000000000000000e+05	5.685139941560284882e+01
6.010000000000000000e+02	6.010000000000000000e+05	5.701690720832290538e+01
6.020000000000000000e+02	6.020000000000000000e+05	5.700840052860038298e+01
6.030000000000000000e+02	6.030000000000000000e+05	5.722632144923905173e+01
6.040000000000000000e+02	6.040000000000000000e+05	5.718545299758788758e+01
6.050000000000000000e+02	6.050000000000000000e+05	5.731153553151361280e+01
6.060000000000000000e+02	6.060000000000000000e+05	5.718613521798251753e+01
6.070000000000000000e+02	6.070000000000000000e+05	5.724302581578488258e+01
6.080000000000000000e+02	6.080000000000000000e+05	5.729516700011662067e+01
6.090000000000000000e+02	6.090000000000000000e+05	5.742484453568350489e+01
6.100000000000000000e+02	6.100000000000000000e+05	5.761673028220174331e+01
6.110000000000000000e+02	6.110000000000000000e+05	5.769860207305584510e+01
6.120000000000000000e+02	6.120000000000000000e+05	5.759861031854966740e+01
6.130000000000000000e+02	6.130000000000000000e+05	5.771996616131070112e+01
6.140000000000000000e+02	6.140000000000000000e+05	5.776556402644468591e+01
6.150000000000000000e+02	6.150000000000000000e+05	5.779476865416465614e+01
6.160000000000000000e+02	6.160000000000000000e+05	5.771409335650875505e+01
6.170000000000000000e+02	6.170000000000000000e+05	5.773970053797727786e+01
6.180000000000000000e+02	6.180000000000000000e+05	5.766585011577429754e+01
6.190000000000000000e+02	6.190000000000000000e+05	5.770629111179632531e+01
6.200000000000000000e+02	6.200000000000000000e+05	5.764042271046098165e+01
6.210000000000000000e+02	6.210000000000000000e+05	5.773812616717832213e+01
6.220000000000000000e+02	6.220000000000000000e+05	5.774151191859552057e+01
6.230000000000000000e+02	6.230000000000000000e+05	5.778317936740973693e+01
6.240000000000000000e+02	6.240000000000000000e+05	5.792252309320414838e+01
6.250000000000000000e+02	6.250000000000000000e+05	5.800976122377457500e+01
6.260000000000000000e+02	6.260000000000000000e+05	5.802218386929232707e+01
6.270000000000000000e+02	6.270000000000000000e+05	5.800763383161042697e+01
6.280000000000000000e+02	6.280000000000000000e+05	5.813363567356766737e+01
6.290000000000000000e+02	6.290000000000000000e+05	5.822969485225910091e+01
6.300000000000000000e+02	6.300000000000000000e+05	5.838404011404911387e+01
6.310000000000000000e+02	6.310000000000000000e+05	5.842337182549740504e+01
6.320000000000000000e+02	6.320000000000000000e+05	5.833273644037679162e+01
6.330000000000000000e+02	6.330000000000000000e+05	5.825796949722869300e+01
6.340000000000000000e+02	6.340000000000000000e+05	5.832778680935828675e+01
6.350000000000000000e+02	6.350000000000000000e+05	5.845027904713059286e+01
6.360000000000000000e+02	6.360000000000000000e+05	5.857831039235993842e+01
6.370000000000000000e+02	6.370000000000000000e+05	5.886563080458548569e+01
6.380000000000000000e+02	6.380000000000000000e+05	5.888912231210230885e+01
6.390000000000000000e+02	6.390000000000000000e+05	5.881379424022955504e+01
6.400000000000000000e+02	6.400000000000000000e+05	5.867984422352277107e+01
6.410000000000000000e+02	6.410000000000000000e+05	5.881357491287040062e+01
6.420000000000000000e+02	6.420000000000000000e+05	5.885696095865678501e+01
6.430000000000000000e+02	6.430000000000000000e+05	5.878108040405190593e+01
6.440000000000000000e+02	6.440000000000000000e+05	5.882123514897214989e+01
6.450000000000000000e+02	6.450000000000000000e+05	5.899499761887798854e+01
6.460000000000000000e+02	6.460000000000000000e+05	5.894774062530643732e+01
6.470000000000000000e+02	6.470000000000000000e+05	5.878224897909968405e+01
6.480000000000000000e+02	6.480000000000000000e+05	5.868055999846698967e+01
6.490000000000000000e+02	6.490000000000000000e+05	5.856273516573731541e+01
6.500000000000000000e+02	6.500000000000000000e+05	5.858212115081401095e+01
6.510000000000000000e+02	6.510000000000000000e+05	5.867142371673166679e+01
6.520000000000000000e+02	6.520000000000000000e+05	5.879605411156305905e+01
6.530000000000000000e+02	6.530000000000000000e+05	5.902263472041886416e+01
6.540000000000000000e+02	6.540000000000000000e+05	5.913430785032323200e+01
6.550000000000000000e+02	6.550000000000000000e+05	5.912354679934927759e+01
6.560000000000000000e+02	6.560000000000000000e+05	5.902536752263453224e+01
6.570000000000000000e+02	6.570000000000000000e+05	5.900181778882047468e+01
6.580000000000000000e+02	6.580000000000000000e+05	5.889825529401758075e+01
6.590000000000000000e+02	6.590000000000000000e+05	5.899799080179343491e+01
6.600000000000000000e+02	6.600000000000000000e+05	5.919260784430919387e+01
6.610000000000000000e+02	6.610000000000000000e+05	5.920993939772997550e+01
6.620000000000000000e+02	6.620000000000000000e+05	5.917948807359925212e+01
6.630000000000000000e+02	6.630000000000000000e+05	5.928988275799510177e+01
6.640000000000000000e+02	6.640000000000000000e+05	5.935913029117107698e+01
6.650000000000000000e+02	6.650000000000000000e+05	5.937326349621188371e+01
6.660000000000000000e+02	6.660000000000000000e+05	5.950352060193556980e+01
6.670000000000000000e+02	6.670000000000000000e+05	5.950370359895826766e+01
6.680000000000000000e+02	6.680000000000000000e+05	5.950306531535051846e+01
6.690000000000000000e+02	6.690000000000000000e+05	5.959585134738705392e+01
6.700000000000000000e+02	6.700000000000000000e+05	5.958277983902701180e+01
6.710000000000000000e+02	6.710000000000000000e+05	5.949682768575223690e+01
6.720000000000000000e+02	6.720000000000000000e+05	5.954181216136134935e+01
6.730000000000000000e+02	6.730000000000000000e+05	5.956493334680391882e+01
6.740000000000000000e+02	6.740000000000000000e+05	5.959945930565847050e+01
6.750000000000000000e+02	6.750000000000000000e+05	5.955406330666705372e+01
6.760000000000000000e+02	6.760000000000000000e+05	5.944065042843813984e+01
6.770000000000000000e+02	6.770000000000000000e+05	5.950811803039169945e+01
6.780000000000000000e+02	6.780000000000000000e+05	5.941933324238546987e+01
6.790000000000000000e+02	6.790000000000000000e+05	5.941852935325891849e+01
6.800000000000000000e+02	6.800000000000000000e+05	5.935065720274790380e+01
6.810000000000000000e+02	6.810000000000000000e+05	5.947238358126171676e+01
6.820000000000000000e+02	6.820000000000000000e+05	5.953238938370385114e+01
6.830000000000000000e+02	6.830000000000000000e+05	5.958810903970864814e+01
6.840000000000000000e+02	6.840000000000000000e+05	5.960088370764412957e+01
6.850000000000000000e+02	6.850000000000000000e+05	5.955752094169591260e+01
6.860000000000000000e+02	6.860000000000000000e+05	5.956305344021693315e+01
6.870000000000000000e+02	6.870000000000000000e+05	5.952271213223683333e+01
6.880000000000000000e+02	6.880000000000000000e+05	5.960343137647833345e+01
6.890000000000000000e+02	6.890000000000000000e+05	5.975316276391643555e+01
6.900000000000000000e+02	6.900000000000000000e+05	5.966682047369067021e+01
6.910000000000000000e+02	6.910000000000000000e+05	5.971124363114419964e+01
6.920000000000000000e+02	6.920000000000000000e+05	5.975793321853613804e+01
6.930000000000000000e+02	6.930000000000000000e+05	5.968308320724672456e+01
6.940000000000000000e+02	6.940000000000000000e+05	5.973946558017489394e+01
6.950000000000000000e+02	6.950000000000000000e+05	5.971289609204271898e+01
6.960000000000000000e+02	6.960000000000000000e+05	5.969244816255765329e+01
6.970000000000000000e+02	6.970000000000000000e+05	5.980748072867130105e+01
6.980000000000000000e+02	6.980000000000000000e+05	5.981838523330845447e+01
6.990000000000000000e+02	6.990000000000000000e+05	6.006896752885834445e+01
7.000000000000000000e+02	7.000000000000000000e+05	6.006447022129593449e+01
7.010000000000000000e+02	7.010000000000000000e+05	6.019816368382090843e+01
7.020000000000000000e+02	7.020000000000000000e+05	6.030592756298422330e+01
7.030000000000000000e+02	7.030000000000000000e+05	6.030772952285944655e+01
7.040000000000000000e+02	7.040000000000000000e+05	6.039852159072840010e+01
7.050000000000000000e+02	7.050000000000000000e+05	6.047130196357582577e+01
7.060000000000000000e+02	7.060000000000000000e+05	6.055115139933723611e+01
7.070000000000000000e+02	7.070000000000000000e+05	6.058492951766312018e+01
7.080000000000000000e+02	7.080000000000000000e+05	6.056849176156031689e+01
7.090000000000000000e+02	7.090000000000000000e+05	6.068087758204472237e+01
7.100000000000000000e+02	7.100000000000000000e+05	6.076522623815954915e+01
7.110000000000000000e+02	7.110000000000000000e+05	6.068082786717597088e+01
7.120000000000000000e+02	7.120000000000000000e+05	6.049391173229113861e+01
7.130000000000000000e+02	7.130000000000000000e+05	6.063040230302618738e+01
7.140000000000000000e+02	7.140000000000000000e+05	6.064580259087071568e+01
7.150000000000000000e+02	7.150000000000000000e+05	6.064602828701372772e+01
7.160000000000000000e+02	7.160000000000000000e+05	6.069893079930107405e+01
7.170000000000000000e+02	7.170000000000000000e+05	6.091563022019277440e+01
7.180000000000000000e+02	7.180000000000000000e+05	6.107729880800359012e+01
7.190000000000000000e+02	7.190000000000000000e+05	6.108876706353178321e+01
7.200000000000000000e+02	7.200000000000000000e+05	6.104737372953903218e+01
7.210000000000000000e+02	7.210000000000000000e+05	6.112101436703553503e+01
7.220000000000000000e+02	7.220000000000000000e+05	6.120476345289060305e+01
7.230000000000000000e+02	7.230000000000000000e+05	6.132477154679754250e+01
7.240000000000000000e+02	7.240000000000000000e+05	6.136699935032613951e+01
7.250000000000000000e+02	7.250000000000000000e+05	6.151944626465952126e+01
7.260000000000000000e+02	7.260000000000000000e+05	6.158240671546586498e+01
7.270000000000000000e+02	7.270000000000000000e+05	6.167658439632755574e+01
7.280000000000000000e+02	7.280000000000000000e+05	6.163782821065235851e+01
7.290000000000000000e+02	7.290000000000000000e+05	6.171746765631628051e+01
7.300000000000000000e+02	7.300000000000000000e+05	6.167499911207417540e+01
7.310000000000000000e+02	7.310000000000000000e+05	6.175552618075261790e+01
7.320000000000000000e+02	7.320000000000000000e+05	6.180190943764208811e+01
7.330000000000000000e+02	7.330000000000000000e+05	6.189454559232766684e+01
7.340000000000000000e+02	7.340000000000000000e+05	6.185775099913274744e+01
7.350000000000000000e+02	7.350000000000000000e+05	6.177637858213602584e+01
7.360000000000000000e+02	7.360000000000000000e+05	6.183129139126137375e+01
7.370000000000000000e+02	7.370000000000000000e+05	6.188734021500184923e+01
7.380000000000000000e+02	7.380000000000000000e+05	6.180698400716809715e+01
7.390000000000000000e+02	7.390000000000000000e+05	6.187584184194273718e+01
7.400000000000000000e+02	7.400000000000000000e+05	6.184445740588139273e+01
7.410000000000000000e+02	7.410000000000000000e+05	6.186490574037566148e+01
7.420000000000000000e+02	7.420000000000000000e+05	6.186920800768010054e+01
7.430000000000000000e+02	7.430000000000000000e+05	6.185181132606439292e+01
7.440000000000000000e+02	7.440000000000000000e+05	6.187568676467455475e+01
7.450000000000000000e+02	7.450000000000000000e+05	6.197375397679227405e+01
7.460000000000000000e+02	7.460000000000000000e+05	6.215131995085936012e+01
7.470000000000000000e+02	7.470000000000000000e+05	6.203615029147382387e+01
7.480000000000000000e+02	7.480000000000000000e+05	6.217472826587784596e+01
7.490000000000000000e+02	7.490000000000000000e+05	6.223916140874906944e+01
7.500000000000000000e+02	7.500000000000000000e+05	6.234027277221525054e+01
7.510000000000000000e+02	7.510000000000000000e+05	6.234776755245177071e+01
7.520000000000000000e+02	7.520000000000000000e+05	6.219264267586378025e+01
7.530000000000000000e+02	7.530000000000000000e+05	6.226162464339594038e+01
7.540000000000000000e+02	7.540000000000000000e+05	6.223423322757478360e+01
7.550000000000000000e+02	7.550000000000000000e+05	6.209815991725431417e+01
7.560000000000000000e+02	7.560000000000000000e+05	6.207665216239895756e+01
7.570000000000000000e+02	7.570000000000000000e+05	6.216413003213541089e+01
7.580000000000000000e+02	7.580000000000000000e+05	6.222208544186712942e+01
7.590000000000000000e+02	7.590000000000000000e+05	6.240683855693441728e+01
7.600000000000000000e+02	7.600000000000000000e+05	6.254006545389301408e+01
7.610000000000000000e+02	7.610000000000000000e+05	6.261050062177118036e+01
7.620000000000000000e+02	7.620000000000000000e+05	6.262076902021953373e+01
7.630000000000000000e+02	7.630000000000000000e+05	6.265053031075152745e+01
7.640000000000000000e+02	7.640000000000000000e+05	6.281424542423440016e+01
7.650000000000000000e+02	7.650000000000000000e+05	6.275413269441025932e+01
7.660000000000000000e+02	7.660000000000000000e+05	6.298987645405308200e+01
7.670000000000000000e+02	7.670000000000000000e+05	6.305980863224412047e+01
7.680000000000000000e+02	7.680000000000000000e+05	6.316040530712119505e+01
7.690000000000000000e+02	7.690000000000000000e+05	6.326168509088557812e+01
7.700000000000000000e+02	7.700000000000000000e+05	6.296281151456594927e+01
7.710000000000000000e+02	7.710000000000000000e+05	6.320694542383729697e+01
7.720000000000000000e+02	7.720000000000000000e+05	6.334390802657969743e+01
7.730000000000000000e+02	7.730000000000000000e+05	6.345908028089710484e+01
7.740000000000000000e+02	7.740000000000000000e+05	6.340796299754870802e+01
7.750000000000000000e+02	7.750000000000000000e+05	6.343484931758511891e+01
7.760000000000000000e+02	7.760000000000000000e+05	6.356799650954015846e+01
7.770000000000000000e+02	7.770000000000000000e+05	6.364040412418212611e+01
7.780000000000000000e+02	7.780000000000000000e+05	6.383786096606681326e+01
7.790000000000000000e+02	7.790000000000000000e+05	6.384411047180203269e+01
7.800000000000000000e+02	7.800000000000000000e+05	6.388444619908731426e+01
7.810000000000000000e+02	7.810000000000000000e+05	6.390288884922311752e+01
7.820000000000000000e+02	7.820000000000000000e+05	6.378773972392831126e+01
7.830000000000000000e+02	7.830000000000000000e+05	6.387778763220246248e+01
7.840000000000000000e+02	7.840000000000000000e+05	6.381779302355813854e+01
7.850000000000000000e+02	7.850000000000000000e+05	6.394504971820881423e+01
7.860000000000000000e+02	7.860000000000000000e+05	6.403471704696015365e+01
7.870000000000000000e+02	7.870000000000000000e+05	6.403736270600407465e+01
7.880000000000000000e+02	7.880000000000000000e+05	6.389649897848779148e+01
7.890000000000000000e+02	7.890000000000000000e+05	6.389538697995365624e+01
7.900000000000000000e+02	7.900000000000000000e+05	6.381080117794152784e+01
7.910000000000000000e+02	7.910000000000000000e+05	6.385839790474278033e+01
7.920000000000000000e+02	7.920000000000000000e+05	6.377563911582332423e+01
7.930000000000000000e+02	7.930000000000000000e+05	6.387968241260141866e+01
7.940000000000000000e+02	7.940000000000000000e+05	6.395874148084132571e+01
7.950000000000000000e+02	7.950000000000000000e+05	6.388427749303015446e+01
7.960000000000000000e+02	7.960000000000000000e+05	6.391264304281249764e+01
7.970000000000000000e+02	7.970000000000000000e+05	6.402261207180752933e+01
7.980000000000000000e+02	7.980000000000000000e+05	6.399819590395878066e+01
7.990000000000000000e+02	7.990000000000000000e+05	6.379290370210219407e+01
8.000000000000000000e+02	8.000000000000000000e+05	6.386008500793803933e+01
8.010000000000000000e+02	8.010000000000000000e+05	6.383905652112196094e+01
8.020000000000000000e+02	8.020000000000000000e+05	6.400143265267738002e+01
8.030000000000000000e+02	8.030000000000000000e+05	6.399507106686888136e+01
8.040000000000000000e+02	8.040000000000000000e+05	6.394602008015999672e+01
8.050000000000000000e+02	8.050000000000000000e+05	6.420230378451356046e+01
8.060000000000000000e+02	8.060000000000000000e+05	6.420449123226259758e+01
8.070000000000000000e+02	8.070000000000000000e+05	6.426078854089404047e+01
8.080000000000000000e+02	8.080000000000000000e+05	6.452831974758622380e+01
8.090000000000000000e+02	8.090000000000000000e+05	6.448267260477136631e+01
8.100000000000000000e+02	8.100000000000000000e+05	6.463966629761759464e+01
8.110000000000000000e+02	8.110000000000000000e+05	6.477256774866410183e+01
8.120000000000000000e+02	8.120000000000000000e+05	6.469942283913547953e+01
8.130000000000000000e+02	8.130000000000000000e+05	6.445884057434254544e+01
8.140000000000000000e+02	8.140000000000000000e+05	6.459125538761598762e+01
8.150000000000000000e+02	8.150000000000000000e+05	6.467856983194070608e+01
8.160000000000000000e+02	8.160000000000000000e+05	6.474737613476975184e+01
8.170000000000000000e+02	8.170000000000000000e+05	6.464774498311149387e+01
8.180000000000000000e+02	8.180000000000000000e+05	6.455354445223156290e+01
8.190000000000000000e+02	8.190000000000000000e+05	6.449221623936868752e+01
8.200000000000000000e+02	8.200000000000000000e+05	6.460312313696825015e+01
8.210000000000000000e+02	8.210000000000000000e+05	6.464602165675147205e+01
8.220000000000000000e+02	8.220000000000000000e+05	6.468908692110322534e+01
8.230000000000000000e+02	8.230000000000000000e+05	6.481884982402327466e+01
8.240000000000000000e+02	8.240000000000000000e+05	6.491615907438696809e+01
8.250000000000000000e+02	8.250000000000000000e+05	6.498835511639109086e+01
8.260000000000000000e+02	8.260000000000000000e+05	6.521253930829860224e+01
8.270000000000000000e+02	8.270000000000000000e+05	6.521849399078695342e+01
8.280000000000000000e+02	8.280000000000000000e+05	6.515320879666946041e+01
8.290000000000000000e+02	8.290000000000000000e+05	6.512529195490091638e+01
8.300000000000000000e+02	8.300000000000000000e+05	6.514096866741063252e+01
8.310000000000000000e+02	8.310000000000000000e+05	6.537877026302487593e+01
8.320000000000000000e+02	8.320000000000000000e+05	6.547444081471579125e+01
8.330000000000000000e+02	8.330000000000000000e+05	6.538388801519245419e+01
8.340000000000000000e+02	8.340000000000000000e+05	6.553883183496238019e+01
8.350000000000000000e+02	8.350000000000000000e+05	6.567567901706469513e+01
8.360000000000000000e+02	8.360000000000000000e+05	6.561450417692422832e+01
8.370000000000000000e+02	8.370000000000000000e+05	6.567017610716648335e+01
8.380000000000000000e+02	8.380000000000000000e+05	6.556721139431189727e+01
8.390000000000000000e+02	8.390000000000000000e+05	6.556880090167402386e+01
8.400000000000000000e+02	8.400000000000000000e+05	6.554915018093366541e+01
8.410000000000000000e+02	8.410000000000000000e+05	6.547766283193193715e+01
8.420000000000000000e+02	8.420000000000000000e+05	6.545970429810982694e+01
8.430000000000000000e+02	8.430000000000000000e+05	6.549527454553938810e+01
8.440000000000000000e+02	8.440000000000000000e+05	6.534306230512565605e+01
8.450000000000000000e+02	8.450000000000000000e+05	6.528248767214482484e+01
8.460000000000000000e+02	8.460000000000000000e+05	6.536159235638680798e+01
8.470000000000000000e+02	8.470000000000000000e+05	6.534654557812622500e+01
8.480000000000000000e+02	8.480000000000000000e+05	6.518409335244651004e+01
8.490000000000000000e+02	8.490000000000000000e+05	6.523602558806025797e+01
8.500000000000000000e+02	8.500000000000000000e+05	6.526371656286420375e+01
8.510000000000000000e+02	8.510000000000000000e+05	6.513061949033173903e+01
8.520000000000000000e+02	8.520000000000000000e+05	6.504947942610139933e+01
8.530000000000000000e+02	8.530000000000000000e+05	6.501754260876015223e+01
8.540000000000000000e+02	8.540000000000000000e+05	6.494057342060692406e+01
8.550000000000000000e+02	8.550000000000000000e+05	6.506774202212561420e+01
8.560000000000000000e+02	8.560000000000000000e+05	6.519260377904495840e+01
8.570000000000000000e+02	8.570000000000000000e+05	6.516000412894989324e+01
8.580000000000000000e+02	8.580000000000000000e+05	6.536096774081370597e+01
8.590000000000000000e+02	8.590000000000000000e+05	6.543838119299186928e+01
8.600000000000000000e+02	8.600000000000000000e+05	6.532424685603916714e+01
8.610000000000000000e+02	8.610000000000000000e+05	6.531525730424648657e+01
8.620000000000000000e+02	8.620000000000000000e+05	6.546090550730745861e+01
8.630000000000000000e+02	8.630000000000000000e+05	6.562559615871712992e+01
8.640000000000000000e+02	8.640000000000000000e+05	6.571252399445970127e+01
8.650000000000000000e+02	8.650000000000000000e+05	6.577082208881320469e+01
8.660000000000000000e+02	8.660000000000000000e+05	6.572064529638015529e+01
8.670000000000000000e+02	8.670000000000000000e+05	6.578492084963748709e+01
8.680000000000000000e+02	8.680000000000000000e+05	6.593337899460621543e+01
8.690000000000000000e+02	8.690000000000000000e+05	6.596492451642222932e+01
8.700000000000000000e+02	8.700000000000000000e+05	6.589008130266496721e+01
8.710000000000000000e+02	8.710000000000000000e+05	6.588356054412633966e+01
8.720000000000000000e+02	8.720000000000000000e+05	6.591557211450269449e+01
8.730000000000000000e+02	8.730000000000000000e+05	6.610375527441189547e+01
8.740000000000000000e+02	8.740000000000000000e+05	6.625144717786892556e+01
8.750000000000000000e+02	8.750000000000000000e+05	6.636524243196979000e+01
8.760000000000000000e+02	8.760000000000000000e+05	6.635820727480825099e+01
8.770000000000000000e+02	8.770000000000000000e+05	6.638119088706422133e+01
8.780000000000000000e+02	8.780000000000000000e+05	6.622379703912957893e+01
8.790000000000000000e+02	8.790000000000000000e+05	6.628399675782027600e+01
8.800000000000000000e+02	8.800000000000000000e+05	6.612963657607231482e+01
8.810000000000000000e+02	8.810000000000000000e+05	6.620008975645295379e+01
8.820000000000000000e+02	8.820000000000000000e+05	6.621042661625310188e+01
8.830000000000000000e+02	8.830000000000000000e+05	6.614789465575725558e+01
8.840000000000000000e+02	8.840000000000000000e+05	6.615468513714624521e+01
8.850000000000000000e+02	8.850000000000000000e+05	6.599174929689807811e+01
8.860000000000000000e+02	8.860000000000000000e+05	6.578169328689894257e+01
8.870000000000000000e+02	8.870000000000000000e+05	6.571545734746665346e+01
8.880000000000000000e+02	8.880000000000000000e+05	6.573521488258630541e+01
8.890000000000000000e+02	8.890000000000000000e+05	6.567372491613176066e+01
8.900000000000000000e+02	8.900000000000000000e+05	6.571686560165184687e+01
8.910000000000000000e+02	8.910000000000000000e+05	6.574827450504564297e+01
8.920000000000000000e+02	8.920000000000000000e+05	6.580601168498446896e+01
8.930000000000000000e+02	8.930000000000000000e+05	6.586474852382264089e+01
8.940000000000000000e+02	8.940000000000000000e+05	6.601971353160520550e+01
8.950000000000000000e+02	8.950000000000000000e+05	6.607680613678371628e+01
8.960000000000000000e+02	8.960000000000000000e+05	6.610197102675572012e+01
8.970000000000000000e+02	8.970000000000000000e+05	6.619767031719048589e+01
8.980000000000000000e+02	8.980000000000000000e+05	6.634410580522420275e+01
8.990000000000000000e+02	8.990000000000000000e+05	6.631823038898839684e+01
9.000000000000000000e+02	9.000000000000000000e+05	6.638261475919179588e+01
9.010000000000000000e+02	9.010000000000000000e+05	6.641642415750514772e+01
9.020000000000000000e+02	9.020000000000000000e+05	6.649011655804874010e+01
9.030000000000000000e+02	9.030000000000000000e+05	6.647981803120283928e+01
9.040000000000000000e+02	9.040000000000000000e+05	6.643085297377641041e+01
9.050000000000000000e+02	9.050000000000000000e+05	6.660854679570994108e+01
9.060000000000000000e+02	9.060000000000000000e+05	6.661543174558582336e+01
9.070000000000000000e+02	9.070000000000000000e+05	6.673473281513325617e+01
9.080000000000000000e+02	9.080000000000000000e+05	6.659430715736992568e+01
9.090000000000000000e+02	9.090000000000000000e+05	6.664561412933711892e+01
9.100000000000000000e+02	9.100000000000000000e+05	6.661605965690357323e+01
9.110000000000000000e+02	9.110000000000000000e+05	6.674892848875364848e+01
9.120000000000000000e+02	9.120000000000000000e+05	6.679297286193649086e+01
9.130000000000000000e+02	9.130000000000000000e+05	6.687513912717524533e+01
9.140000000000000000e+02	9.140000000000000000e+05	6.702182189243117705e+01
9.150000000000000000e+02	9.150000000000000000e+05	6.706881252392965109e+01
9.160000000000000000e+02	9.160000000000000000e+05	6.710376109930369637e+01
9.170000000000000000e+02	9.170000000000000000e+05	6.711088184060055539e+01
9.180000000000000000e+02	9.180000000000000000e+05	6.711702068861099235e+01
9.190000000000000000e+02	9.190000000000000000e+05	6.721976275757889141e+01
9.200000000000000000e+02	9.200000000000000000e+05	6.710189620366280394e+01
9.210000000000000000e+02	9.210000000000000000e+05	6.713225434059678776e+01
9.220000000000000000e+02	9.220000000000000000e+05	6.723518651602611840e+01
9.230000000000000000e+02	9.230000000000000000e+05	6.731818863688714316e+01
9.240000000000000000e+02	9.240000000000000000e+05	6.732478708619399299e+01
9.250000000000000000e+02	9.250000000000000000e+05	6.720512330116289945e+01
9.260000000000000000e+02	9.260000000000000000e+05	6.743474164736922205e+01
9.270000000000000000e+02	9.270000000000000000e+05	6.756176921324059492e+01
9.280000000000000000e+02	9.280000000000000000e+05	6.754049301475899370e+01
9.290000000000000000e+02	9.290000000000000000e+05	6.750073529488977897e+01
9.300000000000000000e+02	9.300000000000000000e+05	6.756229366312307150e+01
9.310000000000000000e+02	9.310000000000000000e+05	6.746895620108061564e+01
9.320000000000000000e+02	9.320000000000000000e+05	6.736733421458382054e+01
9.330000000000000000e+02	9.330000000000000000e+05	6.743506383698768047e+01
9.340000000000000000e+02	9.340000000000000000e+05	6.738592151683722875e+01
9.350000000000000000e+02	9.350000000000000000e+05	6.740641779928004951e+01
9.360000000000000000e+02	9.360000000000000000e+05	6.743143085098712675e+01
9.370000000000000000e+02	9.370000000000000000e+05	6.744681368630683949e+01
9.380000000000000000e+02	9.380000000000000000e+05	6.770521607269375863e+01
9.390000000000000000e+02	9.390000000000000000e+05	6.791764957446559947e+01
9.400000000000000000e+02	9.400000000000000000e+05	6.786734858698774531e+01
9.410000000000000000e+02	9.410000000000000000e+05	6.801346687838288574e+01
9.420000000000000000e+02	9.420000000000000000e+05	6.810195060669147438e+01
9.430000000000000000e+02	9.430000000000000000e+05	6.813314886973310536e+01
9.440000000000000000e+02	9.440000000000000000e+05	6.838018472815754478e+01
9.450000000000000000e+02	9.450000000000000000e+05	6.829105012822938647e+01
9.460000000000000000e+02	9.460000000000000000e+05	6.823055433452219631e+01
9.470000000000000000e+02	9.470000000000000000e+05	6.833725504111890814e+01
9.480000000000000000e+02	9.480000000000000000e+05	6.835708787142571907e+01
9.490000000000000000e+02	9.490000000000000000e+05	6.819608248844114939e+01
9.500000000000000000e+02	9.500000000000000000e+05	6.806192468650989724e+01
9.510000000000000000e+02	9.510000000000000000e+05	6.801683304164087929e+01
9.520000000000000000e+02	9.520000000000000000e+05	6.804872520917707845e+01
9.530000000000000000e+02	9.530000000000000000e+05	6.813206187442249018e+01
9.540000000000000000e+02	9.540000000000000000e+05	6.804993319325964762e+01
9.550000000000000000e+02	9.550000000000000000e+05	6.817316385446233085e+01
9.560000000000000000e+02	9.560000000000000000e+05	6.817793964233648296e+01
9.570000000000000000e+02	9.570000000000000000e+05	6.815229065980190626e+01
9.580000000000000000e+02	9.580000000000000000e+05	6.806885739928962664e+01
9.590000000000000000e+02	9.590000000000000000e+05	6.795541371098494210e+01
9.600000000000000000e+02	9.600000000000000000e+05	6.791639216643373800e+01
9.610000000000000000e+02	9.610000000000000000e+05	6.801897783199416381e+01
9.620000000000000000e+02	9.620000000000000000e+05	6.805237263668111325e+01
9.630000000000000000e+02	9.630000000000000000e+05	6.810642436720934256e+01
9.640000000000000000e+02	9.640000000000000000e+05	6.823436921254355525e+01
9.650000000000000000e+02	9.650000000000000000e+05	6.818675871279172895e+01
9.660000000000000000e+02	9.660000000000000000e+05	6.826031276222578015e+01
9.670000000000000000e+02	9.670000000000000000e+05	6.858113447504210569e+01
9.680000000000000000e+02	9.680000000000000000e+05	6.872350317852914259e+01
9.690000000000000000e+02	9.690000000000000000e+05	6.881963282315959418e+01
9.700000000000000000e+02	9.700000000000000000e+05	6.917976108115968259e+01
9.710000000000000000e+02	9.710000000000000000e+05	6.912436418585237163e+01
9.720000000000000000e+02	9.720000000000000000e+05	6.920528065341498802e+01
9.730000000000000000e+02	9.730000000000000000e+05	6.953221853851881917e+01
9.740000000000000000e+02	9.740000000000000000e+05	6.942407498272730493e+01
9.750000000000000000e+02	9.750000000000000000e+05	6.961967713516263245e+01
9.760000000000000000e+02	9.760000000000000000e+05	6.948716022165143613e+01
9.770000000000000000e+02	9.770000000000000000e+05	6.945493227341302145e+01
9.780000000000000000e+02	9.780000000000000000e+05	6.943764858908068049e+01
9.790000000000000000e+02	9.790000000000000000e+05	6.948619049207358955e+01
9.800000000000000000e+02	9.800000000000000000e+05	6.948660439354583218e+01
9.810000000000000000e+02	9.810000000000000000e+05	6.967720153133753058e+01
9.820000000000000000e+02	9.820000000000000000e+05	6.984533891258779192e+01
9.830000000000000000e+02	9.830000000000000000e+05	6.981716926039695181e+01
9.840000000000000000e+02	9.840000000000000000e+05	6.977271058005862869e+01
9.850000000000000000e+02	9.850000000000000000e+05	6.984141817929348406e+01
9.860000000000000000e+02	9.860000000000000000e+05	6.991405562474129454e+01
9.870000000000000000e+02	9.870000000000000000e+05	6.989898019546863850e+01
9.880000000000000000e+02	9.880000000000000000e+05	6.989508398397443045e+01
9.890000000000000000e+02	9.890000000000000000e+05	6.993145973153980322e+01
9.900000000000000000e+02	9.900000000000000000e+05	7.008560090091842198e+01
9.910000000000000000e+02	9.910000000000000000e+05	7.032031003515244549e+01
9.920000000000000000e+02	9.920000000000000000e+05	7.040206622172664197e+01
9.930000000000000000e+02	9.930000000000000000e+05	7.048316138288203092e+01
9.940000000000000000e+02	9.940000000000000000e+05	7.061497249428384748e+01
9.950000000000000000e+02	9.950000000000000000e+05	7.080005864172009922e+01
9.960000000000000000e+02	9.960000000000000000e+05	7.089218204812969759e+01
9.970000000000000000e+02	9.970000000000000000e+05	7.098784241101093073e+01
9.980000000000000000e+02	9.980000000000000000e+05	7.128444934434718050e+01
9.990000000000000000e+02	9.990000000000000000e+05	7.141355644894828458e+01
1.000000000000000000e+03	1.000000000000000000e+06	7.143502601397845808e+01
1.001000000000000000e+03	1.001000000000000000e+06	7.160855693809300249e+01
1.002000000000000000e+03	1.002000000000000000e+06	7.171762983493987065e+01
1.003000000000000000e+03	1.003000000000000000e+06	7.182273921474724432e+01
1.004000000000000000e+03	1.004000000000000000e+06	7.180898302627188912e+01
1.005000000000000000e+03	1.005000000000000000e+06	7.183102851743522876e+01
1.006000000000000000e+03	1.006000000000000000e+06	7.180672929417704609e+01
1.007000000000000000e+03	1.007000000000000000e+06	7.189688716904278465e+01
1.008000000000000000e+03	1.008000000000000000e+06	7.205967291988196166e+01
1.009000000000000000e+03	1.009000000000000000e+06	7.204527265560993499e+01
1.010000000000000000e+03	1.010000000000000000e+06	7.215966218983011515e+01
1.011000000000000000e+03	1.011000000000000000e+06	7.229794628436728487e+01
1.012000000000000000e+03	1.012000000000000000e+06	7.232941727562869971e+01
1.013000000000000000e+03	1.013000000000000000e+06	7.237716057060497121e+01
1.014000000000000000e+03	1.014000000000000000e+06	7.224197776107959612e+01
1.015000000000000000e+03	1.015000000000000000e+06	7.242234652463449152e+01
1.016000000000000000e+03	1.016000000000000000e+06	7.252961433311247674e+01
1.017000000000000000e+03	1.017000000000000000e+06	7.266199455807159779e+01
1.018000000000000000e+03	1.018000000000000000e+06	7.277469487202074561e+01
1.019000000000000000e+03	1.019000000000000000e+06	7.257500452525998469e+01
1.020000000000000000e+03	1.020000000000000000e+06	7.262994857856817532e+01
1.021000000000000000e+03	1.021000000000000000e+06	7.257724727122689501e+01
1.022000000000000000e+03	1.022000000000000000e+06	7.252461317017800013e+01
1.023000000000000000e+03	1.023000000000000000e+06	7.253309499434628549e+01
1.024000000000000000e+03	1.024000000000000000e+06	7.259480311003665065e+01
1.025000000000000000e+03	1.025000000000000000e+06	7.262140028855914409e+01
1.026000000000000000e+03	1.026000000000000000e+06	7.273693180108820400e+01
1.027000000000000000e+03	1.027000000000000000e+06	7.278686083761390080e+01
1.028000000000000000e+03	1.028000000000000000e+06	7.296745893144117190e+01
1.029000000000000000e+03	1.029000000000000000e+06	7.307884375440588087e+01
1.030000000000000000e+03	1.030000000000000000e+06	7.326972421946422287e+01
1.031000000000000000e+03	1.031000000000000000e+06	7.348314491063621290e+01
1.032000000000000000e+03	1.032000000000000000e+06	7.347393163739056376e+01
1.033000000000000000e+03	1.033000000000000000e+06	7.352948425949482214e+01
1.034000000000000000e+03	1.034000000000000000e+06	7.357233994880522232e+01
1.035000000000000000e+03	1.035000000000000000e+06	7.365606746018119111e+01
1.036000000000000000e+03	1.036000000000000000e+06	7.367236316192918366e+01
1.037000000000000000e+03	1.037000000000000000e+06	7.355897059966748941e+01
1.038000000000000000e+03	1.038000000000000000e+06	7.369350836016074879e+01
1.039000000000000000e+03	1.039000000000000000e+06	7.361272954073128005e+01
1.040000000000000000e+03	1.040000000000000000e+06	7.361351430306599752e+01
1.041000000000000000e+03	1.041000000000000000e+06	7.373681884305013057e+01
1.042000000000000000e+03	1.042000000000000000e+06	7.379404194506645354e+01
1.043000000000000000e+03	1.043000000000000000e+06	7.373279964643342055e+01
1.044000000000000000e+03	1.044000000000000000e+06	7.376401734026848089e+01
1.045000000000000000e+03	1.045000000000000000e+06	7.382326375145611053e+01
1.046000000000000000e+03	1.046000000000000000e+06	7.378964142340235810e+01
1.047000000000000000e+03	1.047000000000000000e+06	7.388416126444361964e+01
1.048000000000000000e+03	1.048000000000000000e+06	7.388066988867147700e+01
1.049000000000000000e+03	1.049000000000000000e+06	7.383873188389198106e+01
1.050000000000000000e+03	1.050000000000000000e+06	7.384828688099115368e+01
1.051000000000000000e+03	1.051000000000000000e+06	7.383728675149306753e+01
1.052000000000000000e+03	1.052000000000000000e+06	7.388211576806696712e+01
1.053000000000000000e+03	1.053000000000000000e+06	7.394970766443302068e+01
1.054000000000000000e+03	1.054000000000000000e+06	7.396416624526391104e+01
1.055000000000000000e+03	1.055000000000000000e+06	7.399566397564666431e+01
1.056000000000000000e+03	1.056000000000000000e+06	7.402108730615246657e+01
1.057000000000000000e+03	1.057000000000000000e+06	7.397322955459013372e+01
1.058000000000000000e+03	1.058000000000000000e+06	7.386627109777117539e+01
1.059000000000000000e+03	1.059000000000000000e+06	7.388768031096546451e+01
1.060000000000000000e+03	1.060000000000000000e+06	7.392279503320953893e+01
1.061000000000000000e+03	1.061000000000000000e+06	7.415192249377392386e+01
1.062000000000000000e+03	1.062000000000000000e+06	7.439057102691424461e+01
1.063000000000000000e+03	1.063000000000000000e+06	7.431349476003211407e+01
1.064000000000000000e+03	1.064000000000000000e+06	7.440752744625956439e+01
1.065000000000000000e+03	1.065000000000000000e+06	7.452721324582985574e+01
1.066000000000000000e+03	1.066000000000000000e+06	7.453596199606174366e+01
1.067000000000000000e+03	1.067000000000000000e+06	7.461732612936995679e+01
1.068000000000000000e+03	1.068000000000000000e+06	7.482345281227003397e+01
1.069000000000000000e+03	1.069000000000000000e+06	7.476667349334778123e+01
1.070000000000000000e+03	1.070000000000000000e+06	7.471861725399681120e+01
1.071000000000000000e+03	1.071000000000000000e+06	7.462838447702509370e+01
1.072000000000000000e+03	1.072000000000000000e+06	7.460267408294284053e+01
1.073000000000000000e+03	1.073000000000000000e+06	7.483020449696870458e+01
1.074000000000000000e+03	1.074000000000000000e+06	7.462144321811528869e+01
1.075000000000000000e+03	1.075000000000000000e+06	7.460219457499302109e+01
1.076000000000000000e+03	1.076000000000000000e+06	7.460328052702841717e+01
1.077000000000000000e+03	1.077000000000000000e+06	7.468363573511271625e+01
1.078000000000000000e+03	1.078000000000000000e+06	7.478220389009639746e+01
1.079000000000000000e+03	1.079000000000000000e+06	7.474822618778551941e+01
1.080000000000000000e+03	1.080000000000000000e+06	7.474316134013243129e+01
1.081000000000000000e+03	1.081000000000000000e+06	7.482367657835878560e+01
1.082000000000000000e+03	1.082000000000000000e+06	7.497053825136362093e+01
1.083000000000000000e+03	1.083000000000000000e+06	7.474548106977503892e+01
1.084000000000000000e+03	1.084000000000000000e+06	7.489906008565480988e+01
1.085000000000000000e+03	1.085000000000000000e+06	7.514933037730712329e+01
1.086000000000000000e+03	1.086000000000000000e+06	7.504643230236277418e+01
1.087000000000000000e+03	1.087000000000000000e+06	7.508621694994923246e+01
1.088000000000000000e+03	1.088000000000000000e+06	7.529767407417359948e+01
1.089000000000000000e+03	1.089000000000000000e+06	7.526154409185625127e+01
1.090000000000000000e+03	1.090000000000000000e+06	7.527729665601269460e+01
1.091000000000000000e+03	1.091000000000000000e+06	7.521668629157773012e+01
1.092000000000000000e+03	1.092000000000000000e+06	7.513508217845996739e+01
1.093000000000000000e+03	1.093000000000000000e+06	7.515537016452864805e+01
1.094000000000000000e+03	1.094000000000000000e+06	7.527183083183258816e+01
1.095000000000000000e+03	1.095000000000000000e+06	7.513783974476120875e+01
1.096000000000000000e+03	1.096000000000000000e+06	7.502904148239827009e+01
1.097000000000000000e+03	1.097000000000000000e+06	7.503794835358854698e+01
1.098000000000000000e+03	1.098000000000000000e+06	7.504900962689646349e+01
1.099000000000000000e+03	1.099000000000000000e+06	7.492358861517415392e+01
1.100000000000000000e+03	1.100000000000000000e+06	7.486020975378768583e+01
1.101000000000000000e+03	1.101000000000000000e+06	7.476079908903676596e+01
1.102000000000000000e+03	1.102000000000000000e+06	7.475254721464489194e+01
1.103000000000000000e+03	1.103000000000000000e+06	7.487057320971507579e+01
1.104000000000000000e+03	1.104000000000000000e+06	7.505981792571739675e+01
1.105000000000000000e+03	1.105000000000000000e+06	7.511225153730528348e+01
1.106000000000000000e+03	1.106000000000000000e+06	7.521496383605939684e+01
1.107000000000000000e+03	1.107000000000000000e+06	7.507592218461203970e+01
1.108000000000000000e+03	1.108000000000000000e+06	7.504581998195438075e+01
1.109000000000000000e+03	1.109000000000000000e+06	7.509748261646826961e+01
1.110000000000000000e+03	1.110000000000000000e+06	7.508762344842537573e+01
1.111000000000000000e+03	1.111000000000000000e+06	7.521444471941568111e+01
1.112000000000000000e+03	1.112000000000000000e+06	7.522171030266125058e+01
1.113000000000000000e+03	1.113000000000000000e+06	7.522754633395850021e+01
1.114000000000000000e+03	1.114000000000000000e+06	7.542937075693323834e+01
1.115000000000000000e+03	1.115000000000000000e+06	7.544980865943355752e+01
1.116000000000000000e+03	1.116000000000000000e+06	7.554260300414628659e+01
1.117000000000000000e+03	1.117000000000000000e+06	7.552792621586381472e+01
1.118000000000000000e+03	1.118000000000000000e+06	7.558891137300601315e+01
1.119000000000000000e+03	1.119000000000000000e+06	7.581507283923718887e+01
1.120000000000000000e+03	1.120000000000000000e+06	7.600346093882733101e+01
1.121000000000000000e+03	1.121000000000000000e+06	7.616463222440890490e+01
1.122000000000000000e+03	1.122000000000000000e+06	7.629689146639834973e+01
1.123000000000000000e+03	1.123000000000000000e+06	7.645062479557098811e+01
1.124000000000000000e+03	1.124000000000000000e+06	7.662091237797079657e+01
1.125000000000000000e+03	1.125000000000000000e+06	7.672827442821929367e+01
1.126000000000000000e+03	1.126000000000000000e+06	7.691893086130758661e+01
