0.000000000000000000e+00	0.000000000000000000e+00	4.505697451938245774e-06
1.000000000000000000e+00	1.000000000000000000e+03	1.784510249650414382e+00
2.000000000000000000e+00	2.000000000000000000e+03	2.612544197930088963e+00
3.000000000000000000e+00	3.000000000000000000e+03	3.224317033295767576e+00
4.000000000000000000e+00	4.000000000000000000e+03	3.843608596905398578e+00
5.000000000000000000e+00	5.000000000000000000e+03	4.368714620062835507e+00
6.000000000000000000e+00	6.000000000000000000e+03	4.842046470215869647e+00
7.000000000000000000e+00	7.000000000000000000e+03	5.301796297882921394e+00
8.000000000000000000e+00	8.000000000000000000e+03	5.731107822966583498e+00
9.000000000000000000e+00	9.000000000000000000e+03	6.054108245238910335e+00
1.000000000000000000e+01	1.000000000000000000e+04	6.540563537586035814e+00
1.100000000000000000e+01	1.100000000000000000e+04	6.975942740849600199e+00
1.200000000000000000e+01	1.200000000000000000e+04	7.366600483859913062e+00
1.300000000000000000e+01	1.300000000000000000e+04	7.837480026193643035e+00
1.400000000000000000e+01	1.400000000000000000e+04	8.060538988235325775e+00
1.500000000000000000e+01	1.500000000000000000e+04	8.543158277803414080e+00
1.600000000000000000e+01	1.600000000000000000e+04	8.848123604633210348e+00
1.700000000000000000e+01	1.700000000000000000e+04	9.090137061612916014e+00
1.800000000000000000e+01	1.800000000000000000e+04	9.456555298723973380e+00
1.900000000000000000e+01	1.900000000000000000e+04	9.651576292955370562e+00
2.000000000000000000e+01	2.000000000000000000e+04	1.017841604797232513e+01
2.100000000000000000e+01	2.100000000000000000e+04	1.051416702386015700e+01
2.200000000000000000e+01	2.200000000000000000e+04	1.088153398003234607e+01
2.300000000000000000e+01	2.300000000000000000e+04	1.123422956651371152e+01
2.400000000000000000e+01	2.400000000000000000e+04	1.139769579317703929e+01
2.500000000000000000e+01	2.500000000000000000e+04	1.152926379422326697e+01
2.600000000000000000e+01	2.600000000000000000e+04	1.199067835548121685e+01
2.700000000000000000e+01	2.700000000000000000e+04	1.205652471846288520e+01
2.800000000000000000e+01	2.800000000000000000e+04	1.231395766583156615e+01
2.900000000000000000e+01	2.900000000000000000e+04	1.233535442620786782e+01
3.000000000000000000e+01	3.000000000000000000e+04	1.251383108025263802e+01
3.100000000000000000e+01	3.100000000000000000e+04	1.270501196818035083e+01
3.200000000000000000e+01	3.200000000000000000e+04	1.285059800726107504e+01
3.300000000000000000e+01	3.300000000000000000e+04	1.305638307541491727e+01
3.400000000000000000e+01	3.400000000000000000e+04	1.332099139468737015e+01
3.500000000000000000e+01	3.500000000000000000e+04	1.361749622637836943e+01
3.600000000000000000e+01	3.600000000000000000e+04	1.396081592125610271e+01
3.700000000000000000e+01	3.700000000000000000e+04	1.425747707137216480e+01
3.800000000000000000e+01	3.800000000000000000e+04	1.441808025770904678e+01
3.900000000000000000e+01	3.900000000000000000e+04	1.479489654938038257e+01
4.000000000000000000e+01	4.000000000000000000e+04	1.534943970034954397e+01
4.100000000000000000e+01	4.100000000000000000e+04	1.577562678021625153e+01
4.200000000000000000e+01	4.200000000000000000e+04	1.600023574374759505e+01
4.300000000000000000e+01	4.300000000000000000e+04	1.635848346841149947e+01
4.400000000000000000e+01	4.400000000000000000e+04	1.655239279707768674e+01
4.500000000000000000e+01	4.500000000000000000e+04	1.680850600184161792e+01
4.600000000000000000e+01	4.600000000000000000e+04	1.690445877797591478e+01
4.700000000000000000e+01	4.700000000000000000e+04	1.716387370033263693e+01
4.800000000000000000e+01	4.800000000000000000e+04	1.747498529124235134e+01
4.900000000000000000e+01	4.900000000000000000e+04	1.761691355684131466e+01
5.000000000000000000e+01	5.000000000000000000e+04	1.807270352383920553e+01
5.100000000000000000e+01	5.100000000000000000e+04	1.842570267543298002e+01
5.200000000000000000e+01	5.200000000000000000e+04	1.868013739478559287e+01
5.300000000000000000e+01	5.300000000000000000e+04	1.891475510699085660e+01
5.400000000000000000e+01	5.400000000000000000e+04	1.907266768175162497e+01
5.500000000000000000e+01	5.500000000000000000e+04	1.940351451529221194e+01
5.600000000000000000e+01	5.600000000000000000e+04	1.969331122086334673e+01
5.700000000000000000e+01	5.700000000000000000e+04	2.003234808595413341e+01
5.800000000000000000e+01	5.800000000000000000e+04	2.031920734352020474e+01
5.900000000000000000e+01	5.900000000000000000e+04	2.038616264920276677e+01
6.000000000000000000e+01	6.000000000000000000e+04	2.053971631450777835e+01
6.100000000000000000e+01	6.100000000000000000e+04	2.077466954136766830e+01
6.200000000000000000e+01	6.200000000000000000e+04	2.118004719445807638e+01
6.300000000000000000e+01	6.300000000000000000e+04	2.129495266858381797e+01
6.400000000000000000e+01	6.400000000000000000e+04	2.164714649833231874e+01
6.500000000000000000e+01	6.500000000000000000e+04	2.203704367161717670e+01
6.600000000000000000e+01	6.600000000000000000e+04	2.232788984583987357e+01
6.700000000000000000e+01	6.700000000000000000e+04	2.249308049842971613e+01
6.800000000000000000e+01	6.800000000000000000e+04	2.267843036126943801e+01
6.900000000000000000e+01	6.900000000000000000e+04	2.289480546575693864e+01
7.000000000000000000e+01	7.000000000000000000e+04	2.305711082889776264e+01
7.100000000000000000e+01	7.100000000000000000e+04	2.327259802462962313e+01
7.200000000000000000e+01	7.200000000000000000e+04	2.322870576803811815e+01
7.300000000000000000e+01	7.300000000000000000e+04	2.358091365713157828e+01
7.400000000000000000e+01	7.400000000000000000e+04	2.381587994367204786e+01
7.500000000000000000e+01	7.500000000000000000e+04	2.384736693342487968e+01
7.600000000000000000e+01	7.600000000000000000e+04	2.403235072588476129e+01
7.700000000000000000e+01	7.700000000000000000e+04	2.445777714052665530e+01
7.800000000000000000e+01	7.800000000000000000e+04	2.452293537875339169e+01
7.900000000000000000e+01	7.900000000000000000e+04	2.473161357749494016e+01
8.000000000000000000e+01	8.000000000000000000e+04	2.493194346270153616e+01
8.100000000000000000e+01	8.100000000000000000e+04	2.510465253899921123e+01
8.200000000000000000e+01	8.200000000000000000e+04	2.521207615630927990e+01
8.300000000000000000e+01	8.300000000000000000e+04	2.545232793913796954e+01
8.400000000000000000e+01	8.400000000000000000e+04	2.555502744156795103e+01
8.500000000000000000e+01	8.500000000000000000e+04	2.570026306064870170e+01
8.600000000000000000e+01	8.600000000000000000e+04	2.580336865834421900e+01
8.700000000000000000e+01	8.700000000000000000e+04	2.592082188042516933e+01
8.800000000000000000e+01	8.800000000000000000e+04	2.616471400192580177e+01
8.900000000000000000e+01	8.900000000000000000e+04	2.621592601942008471e+01
9.000000000000000000e+01	9.000000000000000000e+04	2.621153962692618578e+01
9.100000000000000000e+01	9.100000000000000000e+04	2.621449772309907900e+01
9.200000000000000000e+01	9.200000000000000000e+04	2.625292537254706815e+01
9.300000000000000000e+01	9.300000000000000000e+04	2.641739125290740020e+01
9.400000000000000000e+01	9.400000000000000000e+04	2.684460692920360714e+01
9.500000000000000000e+01	9.500000000000000000e+04	2.711841281176031160e+01
9.600000000000000000e+01	9.600000000000000000e+04	2.722249211490762022e+01
9.700000000000000000e+01	9.700000000000000000e+04	2.723769629555533811e+01
9.800000000000000000e+01	9.800000000000000000e+04	2.745684247956365809e+01
9.900000000000000000e+01	9.900000000000000000e+04	2.743889946294860493e+01
1.000000000000000000e+02	1.000000000000000000e+05	2.746599784192273574e+01
1.010000000000000000e+02	1.010000000000000000e+05	2.756881454534007858e+01
1.020000000000000000e+02	1.020000000000000000e+05	2.760833923273969859e+01
1.030000000000000000e+02	1.030000000000000000e+05	2.765729394269133579e+01
1.040000000000000000e+02	1.040000000000000000e+05	2.785479496574397373e+01
1.050000000000000000e+02	1.050000000000000000e+05	2.814753497836501239e+01
1.060000000000000000e+02	1.060000000000000000e+05	2.832421761794945780e+01
1.070000000000000000e+02	1.070000000000000000e+05	2.833718485102005857e+01
1.080000000000000000e+02	1.080000000000000000e+05	2.841998984118064442e+01
1.090000000000000000e+02	1.090000000000000000e+05	2.865638596543013605e+01
1.100000000000000000e+02	1.100000000000000000e+05	2.870153842930443133e+01
1.110000000000000000e+02	1.110000000000000000e+05	2.905358065602893447e+01
1.120000000000000000e+02	1.120000000000000000e+05	2.930994171563494888e+01
1.130000000000000000e+02	1.130000000000000000e+05	2.970133214375199060e+01
1.140000000000000000e+02	1.140000000000000000e+05	2.976695180966086340e+01
1.150000000000000000e+02	1.150000000000000000e+05	2.986807737635610138e+01
1.160000000000000000e+02	1.160000000000000000e+05	3.021396870576463556e+01
1.170000000000000000e+02	1.170000000000000000e+05	3.040617850654233578e+01
1.180000000000000000e+02	1.180000000000000000e+05	3.069941400502412066e+01
1.190000000000000000e+02	1.190000000000000000e+05	3.078306413171426215e+01
1.200000000000000000e+02	1.200000000000000000e+05	3.107402633833859085e+01
1.210000000000000000e+02	1.210000000000000000e+05	3.155947596126110355e+01
1.220000000000000000e+02	1.220000000000000000e+05	3.164009816476975345e+01
1.230000000000000000e+02	1.230000000000000000e+05	3.174985080648499647e+01
1.240000000000000000e+02	1.240000000000000000e+05	3.181356905842693905e+01
1.250000000000000000e+02	1.250000000000000000e+05	3.185843545368953400e+01
1.260000000000000000e+02	1.260000000000000000e+05	3.204351609960124847e+01
1.270000000000000000e+02	1.270000000000000000e+05	3.235896345341889457e+01
1.280000000000000000e+02	1.280000000000000000e+05	3.251797327502161750e+01
1.290000000000000000e+02	1.290000000000000000e+05	3.290973039693477631e+01
1.300000000000000000e+02	1.300000000000000000e+05	3.311968989761781046e+01
1.310000000000000000e+02	1.310000000000000000e+05	3.322892118924211502e+01
1.320000000000000000e+02	1.320000000000000000e+05	3.335053796961147299e+01
1.330000000000000000e+02	1.330000000000000000e+05	3.358583486554681485e+01
1.340000000000000000e+02	1.340000000000000000e+05	3.362284978909878674e+01
1.350000000000000000e+02	1.350000000000000000e+05	3.372823917247870895e+01
1.360000000000000000e+02	1.360000000000000000e+05	3.392087521428876329e+01
1.370000000000000000e+02	1.370000000000000000e+05	3.425278606564177863e+01
1.380000000000000000e+02	1.380000000000000000e+05	3.452417617061828992e+01
1.390000000000000000e+02	1.390000000000000000e+05	3.468090966008207943e+01
1.400000000000000000e+02	1.400000000000000000e+05	3.488286614679256559e+01
1.410000000000000000e+02	1.410000000000000000e+05	3.526391169739684273e+01
1.420000000000000000e+02	1.420000000000000000e+05	3.550829700688918678e+01
1.430000000000000000e+02	1.430000000000000000e+05	3.578216816538186151e+01
1.440000000000000000e+02	1.440000000000000000e+05	3.591125530911087083e+01
1.450000000000000000e+02	1.450000000000000000e+05	3.606543023282172555e+01
1.460000000000000000e+02	1.460000000000000000e+05	3.632215057732667418e+01
1.470000000000000000e+02	1.470000000000000000e+05	3.652204960315214777e+01
1.480000000000000000e+02	1.480000000000000000e+05	3.670890500102237297e+01
1.490000000000000000e+02	1.490000000000000000e+05	3.688282831774595394e+01
1.500000000000000000e+02	1.500000000000000000e+05	3.711679514917005918e+01
1.510000000000000000e+02	1.510000000000000000e+05	3.723918753742608345e+01
1.520000000000000000e+02	1.520000000000000000e+05	3.761564698753242908e+01
1.530000000000000000e+02	1.530000000000000000e+05	3.796531401733816580e+01
1.540000000000000000e+02	1.540000000000000000e+05	3.819189033014053791e+01
1.550000000000000000e+02	1.550000000000000000e+05	3.845540933851641796e+01
1.560000000000000000e+02	1.560000000000000000e+05	3.865462018123071886e+01
1.570000000000000000e+02	1.570000000000000000e+05	3.893597674842177980e+01
1.580000000000000000e+02	1.580000000000000000e+05	3.913564800860127235e+01
1.590000000000000000e+02	1.590000000000000000e+05	3.947872414199772351e+01
1.600000000000000000e+02	1.600000000000000000e+05	3.957619241006617727e+01
1.610000000000000000e+02	1.610000000000000000e+05	3.967038575203577722e+01
1.620000000000000000e+02	1.620000000000000000e+05	3.973602218597714852e+01
1.630000000000000000e+02	1.630000000000000000e+05	3.991016159552275155e+01
1.640000000000000000e+02	1.640000000000000000e+05	3.998044559715196300e+01
1.650000000000000000e+02	1.650000000000000000e+05	4.024976495057745041e+01
1.660000000000000000e+02	1.660000000000000000e+05	4.048881211172927408e+01
1.670000000000000000e+02	1.670000000000000000e+05	4.085148589378965056e+01
1.680000000000000000e+02	1.680000000000000000e+05	4.098130144096992922e+01
1.690000000000000000e+02	1.690000000000000000e+05	4.118891773332710926e+01
1.700000000000000000e+02	1.700000000000000000e+05	4.123764032853221551e+01
1.710000000000000000e+02	1.710000000000000000e+05	4.136515648934268086e+01
1.720000000000000000e+02	1.720000000000000000e+05	4.144534741567515823e+01
1.730000000000000000e+02	1.730000000000000000e+05	4.161530261686238674e+01
1.740000000000000000e+02	1.740000000000000000e+05	4.155084818897670829e+01
1.750000000000000000e+02	1.750000000000000000e+05	4.167218887065781274e+01
1.760000000000000000e+02	1.760000000000000000e+05	4.180917282620524134e+01
1.770000000000000000e+02	1.770000000000000000e+05	4.214919977275260266e+01
1.780000000000000000e+02	1.780000000000000000e+05	4.258768281205526307e+01
1.790000000000000000e+02	1.790000000000000000e+05	4.291416381399712776e+01
1.800000000000000000e+02	1.800000000000000000e+05	4.316400836823450504e+01
1.810000000000000000e+02	1.810000000000000000e+05	4.336026424037196136e+01
1.820000000000000000e+02	1.820000000000000000e+05	4.382964712020178411e+01
1.830000000000000000e+02	1.830000000000000000e+05	4.408861315049502849e+01
1.840000000000000000e+02	1.840000000000000000e+05	4.433637214177563379e+01
1.850000000000000000e+02	1.850000000000000000e+05	4.461537157699356015e+01
1.860000000000000000e+02	1.860000000000000000e+05	4.477394890213045642e+01
1.870000000000000000e+02	1.870000000000000000e+05	4.498234918751727918e+01
1.880000000000000000e+02	1.880000000000000000e+05	4.512625751573836652e+01
1.890000000000000000e+02	1.890000000000000000e+05	4.526326039929268319e+01
1.900000000000000000e+02	1.900000000000000000e+05	4.532793713398175584e+01
1.910000000000000000e+02	1.910000000000000000e+05	4.535123344653262478e+01
1.920000000000000000e+02	1.920000000000000000e+05	4.557634566028335854e+01
1.930000000000000000e+02	1.930000000000000000e+05	4.597263629692739784e+01
1.940000000000000000e+02	1.940000000000000000e+05	4.632650736977588934e+01
1.950000000000000000e+02	1.950000000000000000e+05	4.637453557746557919e+01
1.960000000000000000e+02	1.960000000000000000e+05	4.645866249310522988e+01
1.970000000000000000e+02	1.970000000000000000e+05	4.651364760557319755e+01
1.980000000000000000e+02	1.980000000000000000e+05	4.693401129313124187e+01
1.990000000000000000e+02	1.990000000000000000e+05	4.708815832538521562e+01
2.000000000000000000e+02	2.000000000000000000e+05	4.736783108669586539e+01
2.010000000000000000e+02	2.010000000000000000e+05	4.754452263944266832e+01
2.020000000000000000e+02	2.020000000000000000e+05	4.776948971236841146e+01
2.030000000000000000e+02	2.030000000000000000e+05	4.812027446466224490e+01
2.040000000000000000e+02	2.040000000000000000e+05	4.828303913361661870e+01
2.050000000000000000e+02	2.050000000000000000e+05	4.844611006157325761e+01
2.060000000000000000e+02	2.060000000000000000e+05	4.871931462809199331e+01
2.070000000000000000e+02	2.070000000000000000e+05	4.913332301976160466e+01
2.080000000000000000e+02	2.080000000000000000e+05	4.924921292177123888e+01
2.090000000000000000e+02	2.090000000000000000e+05	4.942606292668647683e+01
2.100000000000000000e+02	2.100000000000000000e+05	4.941245356592276750e+01
2.110000000000000000e+02	2.110000000000000000e+05	4.977846752100696648e+01
2.120000000000000000e+02	2.120000000000000000e+05	4.977513161173377654e+01
2.130000000000000000e+02	2.130000000000000000e+05	4.998171242522883517e+01
2.140000000000000000e+02	2.140000000000000000e+05	5.041759970973669880e+01
2.150000000000000000e+02	2.150000000000000000e+05	5.081768671887678579e+01
2.160000000000000000e+02	2.160000000000000000e+05	5.102823963816292974e+01
2.170000000000000000e+02	2.170000000000000000e+05	5.123252649827827554e+01
2.180000000000000000e+02	2.180000000000000000e+05	5.125137043658437364e+01
2.190000000000000000e+02	2.190000000000000000e+05	5.147993936505223189e+01
2.200000000000000000e+02	2.200000000000000000e+05	5.170432513250953832e+01
2.210000000000000000e+02	2.210000000000000000e+05	5.179071658458401117e+01
2.220000000000000000e+02	2.220000000000000000e+05	5.183702570600933512e+01
2.230000000000000000e+02	2.230000000000000000e+05	5.208181761461742099e+01
2.240000000000000000e+02	2.240000000000000000e+05	5.200876405126501822e+01
2.250000000000000000e+02	2.250000000000000000e+05	5.221152434846587198e+01
2.260000000000000000e+02	2.260000000000000000e+05	5.243071860585794752e+01
2.270000000000000000e+02	2.270000000000000000e+05	5.244726709427909128e+01
2.280000000000000000e+02	2.280000000000000000e+05	5.253949036404658557e+01
2.290000000000000000e+02	2.290000000000000000e+05	5.261123797461418405e+01
2.300000000000000000e+02	2.300000000000000000e+05	5.269550099741856997e+01
2.310000000000000000e+02	2.310000000000000000e+05	5.291580580755647389e+01
2.320000000000000000e+02	2.320000000000000000e+05	5.285163486407908096e+01
2.330000000000000000e+02	2.330000000000000000e+05	5.292962666759321166e+01
2.340000000000000000e+02	2.340000000000000000e+05	5.314536844592697662e+01
2.350000000000000000e+02	2.350000000000000000e+05	5.328630949844147580e+01
2.360000000000000000e+02	2.360000000000000000e+05	5.348922479854923751e+01
2.370000000000000000e+02	2.370000000000000000e+05	5.347612447170995154e+01
2.380000000000000000e+02	2.380000000000000000e+05	5.344038532622633397e+01
2.390000000000000000e+02	2.390000000000000000e+05	5.350952929457531582e+01
2.400000000000000000e+02	2.400000000000000000e+05	5.398341409544424607e+01
2.410000000000000000e+02	2.410000000000000000e+05	5.431320070165369174e+01
2.420000000000000000e+02	2.420000000000000000e+05	5.449768174095365936e+01
2.430000000000000000e+02	2.430000000000000000e+05	5.478965764761183976e+01
2.440000000000000000e+02	2.440000000000000000e+05	5.486724507873891810e+01
2.450000000000000000e+02	2.450000000000000000e+05	5.524140989553837500e+01
2.460000000000000000e+02	2.460000000000000000e+05	5.566099949885149556e+01
2.470000000000000000e+02	2.470000000000000000e+05	5.577220760750562789e+01
2.480000000000000000e+02	2.480000000000000000e+05	5.592749936425055779e+01
2.490000000000000000e+02	2.490000000000000000e+05	5.624371509201282748e+01
2.500000000000000000e+02	2.500000000000000000e+05	5.636150423791002595e+01
2.510000000000000000e+02	2.510000000000000000e+05	5.669440568443914685e+01
2.520000000000000000e+02	2.520000000000000000e+05	5.694642337066056825e+01
2.530000000000000000e+02	2.530000000000000000e+05	5.735788165044650100e+01
2.540000000000000000e+02	2.540000000000000000e+05	5.737559490475206303e+01
2.550000000000000000e+02	2.550000000000000000e+05	5.733389424821805846e+01
2.560000000000000000e+02	2.560000000000000000e+05	5.745014122985518412e+01
2.570000000000000000e+02	2.570000000000000000e+05	5.750998367753754792e+01
2.580000000000000000e+02	2.580000000000000000e+05	5.754731759376387856e+01
2.590000000000000000e+02	2.590000000000000000e+05	5.755363702681817983e+01
2.600000000000000000e+02	2.600000000000000000e+05	5.771141286040641916e+01
2.610000000000000000e+02	2.610000000000000000e+05	5.784393967286177229e+01
2.620000000000000000e+02	2.620000000000000000e+05	5.822564245266067218e+01
2.630000000000000000e+02	2.630000000000000000e+05	5.829462192152768552e+01
2.640000000000000000e+02	2.640000000000000000e+05	5.847964308719207338e+01
2.650000000000000000e+02	2.650000000000000000e+05	5.864525374121200230e+01
2.660000000000000000e+02	2.660000000000000000e+05	5.864999779599620666e+01
2.670000000000000000e+02	2.670000000000000000e+05	5.866025998809053732e+01
2.680000000000000000e+02	2.680000000000000000e+05	5.885918159552376494e+01
2.690000000000000000e+02	2.690000000000000000e+05	5.893405968123857264e+01
2.700000000000000000e+02	2.700000000000000000e+05	5.909538286390100126e+01
2.710000000000000000e+02	2.710000000000000000e+05	5.944813929709619060e+01
2.720000000000000000e+02	2.720000000000000000e+05	5.966654157147908677e+01
2.730000000000000000e+02	2.730000000000000000e+05	5.986224060697175986e+01
2.740000000000000000e+02	2.740000000000000000e+05	5.998222455538224551e+01
2.750000000000000000e+02	2.750000000000000000e+05	6.005469570822194925e+01
2.760000000000000000e+02	2.760000000000000000e+05	6.035853926567125427e+01
2.770000000000000000e+02	2.770000000000000000e+05	6.061951578002127405e+01
2.780000000000000000e+02	2.780000000000000000e+05	6.067889925568000109e+01
2.790000000000000000e+02	2.790000000000000000e+05	6.083487157884659524e+01
2.800000000000000000e+02	2.800000000000000000e+05	6.114864500514393342e+01
2.810000000000000000e+02	2.810000000000000000e+05	6.119334996384691294e+01
2.820000000000000000e+02	2.820000000000000000e+05	6.130070426992839572e+01
2.830000000000000000e+02	2.830000000000000000e+05	6.156368864593329704e+01
2.840000000000000000e+02	2.840000000000000000e+05	6.176290391621697040e+01
2.850000000000000000e+02	2.850000000000000000e+05	6.197057152764245558e+01
2.860000000000000000e+02	2.860000000000000000e+05	6.218540262553020170e+01
2.870000000000000000e+02	2.870000000000000000e+05	6.227592589713289328e+01
2.880000000000000000e+02	2.880000000000000000e+05	6.246707906332216709e+01
2.890000000000000000e+02	2.890000000000000000e+05	6.295157586168177488e+01
2.900000000000000000e+02	2.900000000000000000e+05	6.313479087821327340e+01
2.910000000000000000e+02	2.910000000000000000e+05	6.343143780725097258e+01
2.920000000000000000e+02	2.920000000000000000e+05	6.358389954459650539e+01
2.930000000000000000e+02	2.930000000000000000e+05	6.382625766800561706e+01
2.940000000000000000e+02	2.940000000000000000e+05	6.391887709017883168e+01
2.950000000000000000e+02	2.950000000000000000e+05	6.407465711370721806e+01
2.960000000000000000e+02	2.960000000000000000e+05	6.408945296093033051e+01
2.970000000000000000e+02	2.970000000000000000e+05	6.421701392478499315e+01
2.980000000000000000e+02	2.980000000000000000e+05	6.437463457921926135e+01
2.990000000000000000e+02	2.990000000000000000e+05	6.468535081018860922e+01
3.000000000000000000e+02	3.000000000000000000e+05	6.480137859662445976e+01
3.010000000000000000e+02	3.010000000000000000e+05	6.482597028135357675e+01
3.020000000000000000e+02	3.020000000000000000e+05	6.483948153240318391e+01
3.030000000000000000e+02	3.030000000000000000e+05	6.483220809167218590e+01
3.040000000000000000e+02	3.040000000000000000e+05	6.523182517303814620e+01
3.050000000000000000e+02	3.050000000000000000e+05	6.543045868322603553e+01
3.060000000000000000e+02	3.060000000000000000e+05	6.544078518832286306e+01
3.070000000000000000e+02	3.070000000000000000e+05	6.576716138660762567e+01
3.080000000000000000e+02	3.080000000000000000e+05	6.598744479656023998e+01
3.090000000000000000e+02	3.090000000000000000e+05	6.610279559826487628e+01
3.100000000000000000e+02	3.100000000000000000e+05	6.640029595430389975e+01
3.110000000000000000e+02	3.110000000000000000e+05	6.648598025013917834e+01
3.120000000000000000e+02	3.120000000000000000e+05	6.662232658962118137e+01
3.130000000000000000e+02	3.130000000000000000e+05	6.679585788457725926e+01
3.140000000000000000e+02	3.140000000000000000e+05	6.694132764923394063e+01
3.150000000000000000e+02	3.150000000000000000e+05	6.720190167128099290e+01
3.160000000000000000e+02	3.160000000000000000e+05	6.728529685619750467e+01
3.170000000000000000e+02	3.170000000000000000e+05	6.741014785833330336e+01
3.180000000000000000e+02	3.180000000000000000e+05	6.762172490873881259e+01
3.190000000000000000e+02	3.190000000000000000e+05	6.769448999570509784e+01
3.200000000000000000e+02	3.200000000000000000e+05	6.786037562384157695e+01
3.210000000000000000e+02	3.210000000000000000e+05	6.799315555693695501e+01
3.220000000000000000e+02	3.220000000000000000e+05	6.805581203397068180e+01
3.230000000000000000e+02	3.230000000000000000e+05	6.808436848393461105e+01
3.240000000000000000e+02	3.240000000000000000e+05	6.830530256010071355e+01
3.250000000000000000e+02	3.250000000000000000e+05	6.843746276311047438e+01
3.260000000000000000e+02	3.260000000000000000e+05	6.855552883565161437e+01
3.270000000000000000e+02	3.270000000000000000e+05	6.881349939976462338e+01
3.280000000000000000e+02	3.280000000000000000e+05	6.890903328634475145e+01
3.290000000000000000e+02	3.290000000000000000e+05	6.893817004788974145e+01
3.300000000000000000e+02	3.300000000000000000e+05	6.890917037099011111e+01
3.310000000000000000e+02	3.310000000000000000e+05	6.908129015326591116e+01
3.320000000000000000e+02	3.320000000000000000e+05	6.936553368619094329e+01
3.330000000000000000e+02	3.330000000000000000e+05	6.949478421341682122e+01
3.340000000000000000e+02	3.340000000000000000e+05	6.970672377511716888e+01
3.350000000000000000e+02	3.350000000000000000e+05	6.976098449818287861e+01
3.360000000000000000e+02	3.360000000000000000e+05	7.001002203918652356e+01
3.370000000000000000e+02	3.370000000000000000e+05	6.987076221294927336e+01
3.380000000000000000e+02	3.380000000000000000e+05	7.004398883014088995e+01
3.390000000000000000e+02	3.390000000000000000e+05	7.026433843422155689e+01
3.400000000000000000e+02	3.400000000000000000e+05	7.062018351380321235e+01
3.410000000000000000e+02	3.410000000000000000e+05	7.083067500138758987e+01
3.420000000000000000e+02	3.420000000000000000e+05	7.092283895265208571e+01
3.430000000000000000e+02	3.430000000000000000e+05	7.103892592571185105e+01
3.440000000000000000e+02	3.440000000000000000e+05	7.108500562008502754e+01
3.450000000000000000e+02	3.450000000000000000e+05	7.122869924982910561e+01
3.460000000000000000e+02	3.460000000000000000e+05	7.136769323153590960e+01
3.470000000000000000e+02	3.470000000000000000e+05	7.161803958384957980e+01
3.480000000000000000e+02	3.480000000000000000e+05	7.173658848572910074e+01
3.490000000000000000e+02	3.490000000000000000e+05	7.200842098379575873e+01
3.500000000000000000e+02	3.500000000000000000e+05	7.213652295741252374e+01
3.510000000000000000e+02	3.510000000000000000e+05	7.218635240490095839e+01
3.520000000000000000e+02	3.520000000000000000e+05	7.225136908754403464e+01
3.530000000000000000e+02	3.530000000000000000e+05	7.219527639340600444e+01
3.540000000000000000e+02	3.540000000000000000e+05	7.257589510322912929e+01
3.550000000000000000e+02	3.550000000000000000e+05	7.273623784735831066e+01
3.560000000000000000e+02	3.560000000000000000e+05	7.272590308007191595e+01
3.570000000000000000e+02	3.570000000000000000e+05	7.274324877024230318e+01
3.580000000000000000e+02	3.580000000000000000e+05	7.290981426284794509e+01
3.590000000000000000e+02	3.590000000000000000e+05	7.286685752278856398e+01
3.600000000000000000e+02	3.600000000000000000e+05	7.298151997459773099e+01
3.610000000000000000e+02	3.610000000000000000e+05	7.293974174160295831e+01
3.620000000000000000e+02	3.620000000000000000e+05	7.315794521719985255e+01
3.630000000000000000e+02	3.630000000000000000e+05	7.330174475255212485e+01
3.640000000000000000e+02	3.640000000000000000e+05	7.343584325907329458e+01
3.650000000000000000e+02	3.650000000000000000e+05	7.398383904523581123e+01
3.660000000000000000e+02	3.660000000000000000e+05	7.407240739417761688e+01
3.670000000000000000e+02	3.670000000000000000e+05	7.429131645117182359e+01
3.680000000000000000e+02	3.680000000000000000e+05	7.442721852124020643e+01
3.690000000000000000e+02	3.690000000000000000e+05	7.450981591680481131e+01
3.700000000000000000e+02	3.700000000000000000e+05	7.473407442887419450e+01
3.710000000000000000e+02	3.710000000000000000e+05	7.483650887075660307e+01
3.720000000000000000e+02	3.720000000000000000e+05	7.498963897016292890e+01
3.730000000000000000e+02	3.730000000000000000e+05	7.496307277781549772e+01
3.740000000000000000e+02	3.740000000000000000e+05	7.504111763047062311e+01
3.750000000000000000e+02	3.750000000000000000e+05	7.509209332552524074e+01
3.760000000000000000e+02	3.760000000000000000e+05	7.546414603471741600e+01
3.770000000000000000e+02	3.770000000000000000e+05	7.558522463401847347e+01
3.780000000000000000e+02	3.780000000000000000e+05	7.572613901698896655e+01
3.790000000000000000e+02	3.790000000000000000e+05	7.589218829164406088e+01
3.800000000000000000e+02	3.800000000000000000e+05	7.607548190711148095e+01
3.810000000000000000e+02	3.810000000000000000e+05	7.638404017453203210e+01
3.820000000000000000e+02	3.820000000000000000e+05	7.660482230521583347e+01
3.830000000000000000e+02	3.830000000000000000e+05	7.661140418172280420e+01
3.840000000000000000e+02	3.840000000000000000e+05	7.674257867672672262e+01
3.850000000000000000e+02	3.850000000000000000e+05	7.693096441462003554e+01
3.860000000000000000e+02	3.860000000000000000e+05	7.705669898612190138e+01
3.870000000000000000e+02	3.870000000000000000e+05	7.721290530942395947e+01
3.880000000000000000e+02	3.880000000000000000e+05	7.756670466235981110e+01
3.890000000000000000e+02	3.890000000000000000e+05	7.768690292000223963e+01
3.900000000000000000e+02	3.900000000000000000e+05	7.781249642615240703e+01
3.910000000000000000e+02	3.910000000000000000e+05	7.789661501422834533e+01
3.920000000000000000e+02	3.920000000000000000e+05	7.813805734636254385e+01
3.930000000000000000e+02	3.930000000000000000e+05	7.837835766439167173e+01
3.940000000000000000e+02	3.940000000000000000e+05	7.860308600212501062e+01
3.950000000000000000e+02	3.950000000000000000e+05	7.884719661652658829e+01
3.960000000000000000e+02	3.960000000000000000e+05	7.913000860157410443e+01
3.970000000000000000e+02	3.970000000000000000e+05	7.930796732239539892e+01
3.980000000000000000e+02	3.980000000000000000e+05	7.941477020096542105e+01
3.990000000000000000e+02	3.990000000000000000e+05	7.965633635055699813e+01
4.000000000000000000e+02	4.000000000000000000e+05	7.968397388971769146e+01
4.010000000000000000e+02	4.010000000000000000e+05	7.974809745173995168e+01
4.020000000000000000e+02	4.020000000000000000e+05	7.998026272347149757e+01
4.030000000000000000e+02	4.030000000000000000e+05	7.990993756348642307e+01
4.040000000000000000e+02	4.040000000000000000e+05	7.985331092322466873e+01
4.050000000000000000e+02	4.050000000000000000e+05	7.994528347707614557e+01
4.060000000000000000e+02	4.060000000000000000e+05	8.019904723205814889e+01
4.070000000000000000e+02	4.070000000000000000e+05	8.030254962436164590e+01
4.080000000000000000e+02	4.080000000000000000e+05	8.031774592759684595e+01
4.090000000000000000e+02	4.090000000000000000e+05	8.034716957079950816e+01
4.100000000000000000e+02	4.100000000000000000e+05	8.050408473370690388e+01
4.110000000000000000e+02	4.110000000000000000e+05	8.072939399674858407e+01
4.120000000000000000e+02	4.120000000000000000e+05	8.077944940061364321e+01
4.130000000000000000e+02	4.130000000000000000e+05	8.084522024970212328e+01
4.140000000000000000e+02	4.140000000000000000e+05	8.096541068043974576e+01
4.150000000000000000e+02	4.150000000000000000e+05	8.108005663177169708e+01
4.160000000000000000e+02	4.160000000000000000e+05	8.121223885759728489e+01
4.170000000000000000e+02	4.170000000000000000e+05	8.139093539088865725e+01
4.180000000000000000e+02	4.180000000000000000e+05	8.158227877711235010e+01
4.190000000000000000e+02	4.190000000000000000e+05	8.153057457849091350e+01
4.200000000000000000e+02	4.200000000000000000e+05	8.169408350020937348e+01
4.210000000000000000e+02	4.210000000000000000e+05	8.190945869127430967e+01
4.220000000000000000e+02	4.220000000000000000e+05	8.224485298537639721e+01
4.230000000000000000e+02	4.230000000000000000e+05	8.238774251280877081e+01
4.240000000000000000e+02	4.240000000000000000e+05	8.279055001953861392e+01
4.250000000000000000e+02	4.250000000000000000e+05	8.279152987414278186e+01
4.260000000000000000e+02	4.260000000000000000e+05	8.299853474499384731e+01
4.270000000000000000e+02	4.270000000000000000e+05	8.303545548066327342e+01
4.280000000000000000e+02	4.280000000000000000e+05	8.313852160798586510e+01
4.290000000000000000e+02	4.290000000000000000e+05	8.335329028845075072e+01
4.300000000000000000e+02	4.300000000000000000e+05	8.358359772075817773e+01
4.310000000000000000e+02	4.310000000000000000e+05	8.349130380348553615e+01
4.320000000000000000e+02	4.320000000000000000e+05	8.353061378387462810e+01
4.330000000000000000e+02	4.330000000000000000e+05	8.369419035345188718e+01
4.340000000000000000e+02	4.340000000000000000e+05	8.413833344831752470e+01
4.350000000000000000e+02	4.350000000000000000e+05	8.444441778010839528e+01
4.360000000000000000e+02	4.360000000000000000e+05	8.469857013501274423e+01
4.370000000000000000e+02	4.370000000000000000e+05	8.466045822489687112e+01
4.380000000000000000e+02	4.380000000000000000e+05	8.490675211706107461e+01
4.390000000000000000e+02	4.390000000000000000e+05	8.509412305331082393e+01
4.400000000000000000e+02	4.400000000000000000e+05	8.535387260465725490e+01
4.410000000000000000e+02	4.410000000000000000e+05	8.556001207283001975e+01
4.420000000000000000e+02	4.420000000000000000e+05	8.566203785965289796e+01
4.430000000000000000e+02	4.430000000000000000e+05	8.576748879438822826e+01
4.440000000000000000e+02	4.440000000000000000e+05	8.618339960786262566e+01
4.450000000000000000e+02	4.450000000000000000e+05	8.622931399037042866e+01
4.460000000000000000e+02	4.460000000000000000e+05	8.638479191091914799e+01
4.470000000000000000e+02	4.470000000000000000e+05	8.651637848470076619e+01
4.480000000000000000e+02	4.480000000000000000e+05	8.656645593158776819e+01
4.490000000000000000e+02	4.490000000000000000e+05	8.655930996042161496e+01
4.500000000000000000e+02	4.500000000000000000e+05	8.665803582089506563e+01
4.510000000000000000e+02	4.510000000000000000e+05	8.665694962183405892e+01
4.520000000000000000e+02	4.520000000000000000e+05	8.681987977549620439e+01
4.530000000000000000e+02	4.530000000000000000e+05	8.702429514361544705e+01
4.540000000000000000e+02	4.540000000000000000e+05	8.692203819039249879e+01
4.550000000000000000e+02	4.550000000000000000e+05	8.700825608033395042e+01
4.560000000000000000e+02	4.560000000000000000e+05	8.715104215114985209e+01
4.570000000000000000e+02	4.570000000000000000e+05	8.746585705072435246e+01
4.580000000000000000e+02	4.580000000000000000e+05	8.752622958318367807e+01
4.590000000000000000e+02	4.590000000000000000e+05	8.781230903513129249e+01
4.600000000000000000e+02	4.600000000000000000e+05	8.797077007015263916e+01
4.610000000000000000e+02	4.610000000000000000e+05	8.817970969135986081e+01
4.620000000000000000e+02	4.620000000000000000e+05	8.832318359084295878e+01
4.630000000000000000e+02	4.630000000000000000e+05	8.842283512009865376e+01
4.640000000000000000e+02	4.640000000000000000e+05	8.869255598997527557e+01
4.650000000000000000e+02	4.650000000000000000e+05	8.888099542080159665e+01
4.660000000000000000e+02	4.660000000000000000e+05	8.903219178756182828e+01
4.670000000000000000e+02	4.670000000000000000e+05	8.902600315573218381e+01
4.680000000000000000e+02	4.680000000000000000e+05	8.913907310847460508e+01
4.690000000000000000e+02	4.690000000000000000e+05	8.909866805718465343e+01
4.700000000000000000e+02	4.700000000000000000e+05	8.937430852568164141e+01
4.710000000000000000e+02	4.710000000000000000e+05	8.943160379107585811e+01
4.720000000000000000e+02	4.720000000000000000e+05	8.955594973871973252e+01
4.730000000000000000e+02	4.730000000000000000e+05	8.969757816508766268e+01
4.740000000000000000e+02	4.740000000000000000e+05	8.965488655423312991e+01
4.750000000000000000e+02	4.750000000000000000e+05	8.986262817651586943e+01
4.760000000000000000e+02	4.760000000000000000e+05	8.998435043729737970e+01
4.770000000000000000e+02	4.770000000000000000e+05	9.021741748086412827e+01
4.780000000000000000e+02	4.780000000000000000e+05	9.042890367529295759e+01
4.790000000000000000e+02	4.790000000000000000e+05	9.064968907148029587e+01
4.800000000000000000e+02	4.800000000000000000e+05	9.074617384092847772e+01
4.810000000000000000e+02	4.810000000000000000e+05	9.087259241858116354e+01
4.820000000000000000e+02	4.820000000000000000e+05	9.104544312975954767e+01
4.830000000000000000e+02	4.830000000000000000e+05	9.140888756881268762e+01
4.840000000000000000e+02	4.840000000000000000e+05	9.153897307492046309e+01
4.850000000000000000e+02	4.850000000000000000e+05	9.159311353290772217e+01
4.860000000000000000e+02	4.860000000000000000e+05	9.179610244830105614e+01
4.870000000000000000e+02	4.870000000000000000e+05	9.186701732910988483e+01
4.880000000000000000e+02	4.880000000000000000e+05	9.227375126193315680e+01
4.890000000000000000e+02	4.890000000000000000e+05	9.259579493727321164e+01
4.900000000000000000e+02	4.900000000000000000e+05	9.285519438747215304e+01
4.910000000000000000e+02	4.910000000000000000e+05	9.287078560990313747e+01
4.920000000000000000e+02	4.920000000000000000e+05	9.299643603475180953e+01
4.930000000000000000e+02	4.930000000000000000e+05	9.339916657978773173e+01
4.940000000000000000e+02	4.940000000000000000e+05	9.354279451489782105e+01
4.950000000000000000e+02	4.950000000000000000e+05	9.370138600057723011e+01
4.960000000000000000e+02	4.960000000000000000e+05	9.380112655071111760e+01
4.970000000000000000e+02	4.970000000000000000e+05	9.384303084277442508e+01
4.980000000000000000e+02	4.980000000000000000e+05	9.394139561786856518e+01
4.990000000000000000e+02	4.990000000000000000e+05	9.391074162231059574e+01
5.000000000000000000e+02	5.000000000000000000e+05	9.396137487085431417e+01
5.010000000000000000e+02	5.010000000000000000e+05	9.420967337876602699e+01
5.020000000000000000e+02	5.020000000000000000e+05	9.426327105668786999e+01
5.030000000000000000e+02	5.030000000000000000e+05	9.432018213446930588e+01
5.040000000000000000e+02	5.040000000000000000e+05	9.442579471803030344e+01
5.050000000000000000e+02	5.050000000000000000e+05	9.423431561783195320e+01
5.060000000000000000e+02	5.060000000000000000e+05	9.437279737056201157e+01
5.070000000000000000e+02	5.070000000000000000e+05	9.442913177942816105e+01
5.080000000000000000e+02	5.080000000000000000e+05	9.452882775183334729e+01
5.090000000000000000e+02	5.090000000000000000e+05	9.490573779928209319e+01
5.100000000000000000e+02	5.100000000000000000e+05	9.515989953525922829e+01
5.110000000000000000e+02	5.110000000000000000e+05	9.529657287230880058e+01
5.120000000000000000e+02	5.120000000000000000e+05	9.540749458819128392e+01
5.130000000000000000e+02	5.130000000000000000e+05	9.543055992691078870e+01
5.140000000000000000e+02	5.140000000000000000e+05	9.546441460193750572e+01
5.150000000000000000e+02	5.150000000000000000e+05	9.552460220146743097e+01
5.160000000000000000e+02	5.160000000000000000e+05	9.562599995015359866e+01
5.170000000000000000e+02	5.170000000000000000e+05	9.572388920034673276e+01
5.180000000000000000e+02	5.180000000000000000e+05	9.600344639326172569e+01
5.190000000000000000e+02	5.190000000000000000e+05	9.630630944679302274e+01
5.200000000000000000e+02	5.200000000000000000e+05	9.665633296706724309e+01
5.210000000000000000e+02	5.210000000000000000e+05	9.672688707174617662e+01
5.220000000000000000e+02	5.220000000000000000e+05	9.694458914180513887e+01
5.230000000000000000e+02	5.230000000000000000e+05	9.702151525588281800e+01
5.240000000000000000e+02	5.240000000000000000e+05	9.721439567873385101e+01
5.250000000000000000e+02	5.250000000000000000e+05	9.735990773422459199e+01
5.260000000000000000e+02	5.260000000000000000e+05	9.749625522272484091e+01
5.270000000000000000e+02	5.270000000000000000e+05	9.744720116271814447e+01
5.280000000000000000e+02	5.280000000000000000e+05	9.755620941183489947e+01
5.290000000000000000e+02	5.290000000000000000e+05	9.783522533012882150e+01
5.300000000000000000e+02	5.300000000000000000e+05	9.823035153656903162e+01
5.310000000000000000e+02	5.310000000000000000e+05	9.843059462021106754e+01
5.320000000000000000e+02	5.320000000000000000e+05	9.869024017257822834e+01
5.330000000000000000e+02	5.330000000000000000e+05	9.878034028462559490e+01
5.340000000000000000e+02	5.340000000000000000e+05	9.875277417480955933e+01
5.350000000000000000e+02	5.350000000000000000e+05	9.889170995560182575e+01
5.360000000000000000e+02	5.360000000000000000e+05	9.894827495150974528e+01
5.370000000000000000e+02	5.370000000000000000e+05	9.902710235875447609e+01
5.380000000000000000e+02	5.380000000000000000e+05	9.911695739813740147e+01
5.390000000000000000e+02	5.390000000000000000e+05	9.935013501866579588e+01
5.400000000000000000e+02	5.400000000000000000e+05	9.942786437325162296e+01
5.410000000000000000e+02	5.410000000000000000e+05	9.951351050078642402e+01
5.420000000000000000e+02	5.420000000000000000e+05	9.966152212914164465e+01
5.430000000000000000e+02	5.430000000000000000e+05	9.978514402182977960e+01
5.440000000000000000e+02	5.440000000000000000e+05	9.986219314172031147e+01
5.450000000000000000e+02	5.450000000000000000e+05	9.987514181918825784e+01
5.460000000000000000e+02	5.460000000000000000e+05	9.990207811377331382e+01
5.470000000000000000e+02	5.470000000000000000e+05	1.001927234808480307e+02
5.480000000000000000e+02	5.480000000000000000e+05	1.005508402814906930e+02
5.490000000000000000e+02	5.490000000000000000e+05	1.006277280216673660e+02
5.500000000000000000e+02	5.500000000000000000e+05	1.006072166386245499e+02
5.510000000000000000e+02	5.510000000000000000e+05	1.006595883948221939e+02
5.520000000000000000e+02	5.520000000000000000e+05	1.007157922534695871e+02
5.530000000000000000e+02	5.530000000000000000e+05	1.008908785806938369e+02
5.540000000000000000e+02	5.540000000000000000e+05	1.008637133765295317e+02
5.550000000000000000e+02	5.550000000000000000e+05	1.010121718821117582e+02
5.560000000000000000e+02	5.560000000000000000e+05	1.010866255066812016e+02
5.570000000000000000e+02	5.570000000000000000e+05	1.013156602948834575e+02
5.580000000000000000e+02	5.580000000000000000e+05	1.014579170790936899e+02
5.590000000000000000e+02	5.590000000000000000e+05	1.015415531490987462e+02
5.600000000000000000e+02	5.600000000000000000e+05	1.016280046918808608e+02
5.610000000000000000e+02	5.610000000000000000e+05	1.017458459349361277e+02
5.620000000000000000e+02	5.620000000000000000e+05	1.017761958069452533e+02
5.630000000000000000e+02	5.630000000000000000e+05	1.020048504074283358e+02
5.640000000000000000e+02	5.640000000000000000e+05	1.019790284363790391e+02
5.650000000000000000e+02	5.650000000000000000e+05	1.019645830707543723e+02
5.660000000000000000e+02	5.660000000000000000e+05	1.020397016096737701e+02
5.670000000000000000e+02	5.670000000000000000e+05	1.021364280349517202e+02
5.680000000000000000e+02	5.680000000000000000e+05	1.021876104296893999e+02
5.690000000000000000e+02	5.690000000000000000e+05	1.022935773483393973e+02
5.700000000000000000e+02	5.700000000000000000e+05	1.024070733159308020e+02
5.710000000000000000e+02	5.710000000000000000e+05	1.024889289751737209e+02
5.720000000000000000e+02	5.720000000000000000e+05	1.026578165335234161e+02
5.730000000000000000e+02	5.730000000000000000e+05	1.028441398499324748e+02
5.740000000000000000e+02	5.740000000000000000e+05	1.030039119379959516e+02
5.750000000000000000e+02	5.750000000000000000e+05	1.030600720526274614e+02
5.760000000000000000e+02	5.760000000000000000e+05	1.030217277225398078e+02
5.770000000000000000e+02	5.770000000000000000e+05	1.029386597134110275e+02
5.780000000000000000e+02	5.780000000000000000e+05	1.031723594031133189e+02
5.790000000000000000e+02	5.790000000000000000e+05	1.033052855561859360e+02
5.800000000000000000e+02	5.800000000000000000e+05	1.032703906593160070e+02
5.810000000000000000e+02	5.810000000000000000e+05	1.031856005429630159e+02
5.820000000000000000e+02	5.820000000000000000e+05	1.032750038912905666e+02
5.830000000000000000e+02	5.830000000000000000e+05	1.033427089408385342e+02
5.840000000000000000e+02	5.840000000000000000e+05	1.033833363827756244e+02
5.850000000000000000e+02	5.850000000000000000e+05	1.035010254442676825e+02
5.860000000000000000e+02	5.860000000000000000e+05	1.035248558766562610e+02
5.870000000000000000e+02	5.870000000000000000e+05	1.038724906052108707e+02
5.880000000000000000e+02	5.880000000000000000e+05	1.039877084460315331e+02
5.890000000000000000e+02	5.890000000000000000e+05	1.043748341824818482e+02
5.900000000000000000e+02	5.900000000000000000e+05	1.045426953731989670e+02
5.910000000000000000e+02	5.910000000000000000e+05	1.045149210908455899e+02
5.920000000000000000e+02	5.920000000000000000e+05	1.045349206921611795e+02
5.930000000000000000e+02	5.930000000000000000e+05	1.048114423474447818e+02
5.940000000000000000e+02	5.940000000000000000e+05	1.049021698146965065e+02
5.950000000000000000e+02	5.950000000000000000e+05	1.049599142431452634e+02
5.960000000000000000e+02	5.960000000000000000e+05	1.052073447293494155e+02
5.970000000000000000e+02	5.970000000000000000e+05	1.053333823599442525e+02
5.980000000000000000e+02	5.980000000000000000e+05	1.052265311740005984e+02
5.990000000000000000e+02	5.990000000000000000e+05	1.052815020072456491e+02
6.000000000000000000e+02	6.000000000000000000e+05	1.053101345111281404e+02
6.010000000000000000e+02	6.010000000000000000e+05	1.054259342052698827e+02
6.020000000000000000e+02	6.020000000000000000e+05	1.056591848058465359e+02
6.030000000000000000e+02	6.030000000000000000e+05	1.058311316041099985e+02
6.040000000000000000e+02	6.040000000000000000e+05	1.058739664039042481e+02
6.050000000000000000e+02	6.050000000000000000e+05	1.058583356980304870e+02
6.060000000000000000e+02	6.060000000000000000e+05	1.060381110995577103e+02
6.070000000000000000e+02	6.070000000000000000e+05	1.059833878989331737e+02
6.080000000000000000e+02	6.080000000000000000e+05	1.059613928870147532e+02
6.090000000000000000e+02	6.090000000000000000e+05	1.060273449986972309e+02
6.100000000000000000e+02	6.100000000000000000e+05	1.061226095168469925e+02
6.110000000000000000e+02	6.110000000000000000e+05	1.063302840703515812e+02
6.120000000000000000e+02	6.120000000000000000e+05	1.064655964923110787e+02
6.130000000000000000e+02	6.130000000000000000e+05	1.064424872255649888e+02
6.140000000000000000e+02	6.140000000000000000e+05	1.067076206013286139e+02
6.150000000000000000e+02	6.150000000000000000e+05	1.068203579826555369e+02
6.160000000000000000e+02	6.160000000000000000e+05	1.069671065360227118e+02
6.170000000000000000e+02	6.170000000000000000e+05	1.070415217157293029e+02
6.180000000000000000e+02	6.180000000000000000e+05	1.071857401965926613e+02
6.190000000000000000e+02	6.190000000000000000e+05	1.072424573678667485e+02
6.200000000000000000e+02	6.200000000000000000e+05	1.072143175247279174e+02
6.210000000000000000e+02	6.210000000000000000e+05	1.072684397009214337e+02
6.220000000000000000e+02	6.220000000000000000e+05	1.074609668571233669e+02
6.230000000000000000e+02	6.230000000000000000e+05	1.075368844218766071e+02
6.240000000000000000e+02	6.240000000000000000e+05	1.077881961077137447e+02
6.250000000000000000e+02	6.250000000000000000e+05	1.080165936569923844e+02
6.260000000000000000e+02	6.260000000000000000e+05	1.083208475699780990e+02
6.270000000000000000e+02	6.270000000000000000e+05	1.084039250738975539e+02
6.280000000000000000e+02	6.280000000000000000e+05	1.085975370895095153e+02
6.290000000000000000e+02	6.290000000000000000e+05	1.088319154317287314e+02
6.300000000000000000e+02	6.300000000000000000e+05	1.089056711360072569e+02
6.310000000000000000e+02	6.310000000000000000e+05	1.091165009931880121e+02
6.320000000000000000e+02	6.320000000000000000e+05	1.093928726057077796e+02
6.330000000000000000e+02	6.330000000000000000e+05	1.094896379166956990e+02
6.340000000000000000e+02	6.340000000000000000e+05	1.095861159947174883e+02
6.350000000000000000e+02	6.350000000000000000e+05	1.095874713741775111e+02
6.360000000000000000e+02	6.360000000000000000e+05	1.095236013751574831e+02
6.370000000000000000e+02	6.370000000000000000e+05	1.095915819725903617e+02
6.380000000000000000e+02	6.380000000000000000e+05	1.097521304874723000e+02
6.390000000000000000e+02	6.390000000000000000e+05	1.096713658732371357e+02
6.400000000000000000e+02	6.400000000000000000e+05	1.098023913234379449e+02
6.410000000000000000e+02	6.410000000000000000e+05	1.098338277445671451e+02
6.420000000000000000e+02	6.420000000000000000e+05	1.100384243014730572e+02
6.430000000000000000e+02	6.430000000000000000e+05	1.103865293797394855e+02
6.440000000000000000e+02	6.440000000000000000e+05	1.106262343281538278e+02
6.450000000000000000e+02	6.450000000000000000e+05	1.104900661780040139e+02
6.460000000000000000e+02	6.460000000000000000e+05	1.107206154915051002e+02
6.470000000000000000e+02	6.470000000000000000e+05	1.108883042377394901e+02
6.480000000000000000e+02	6.480000000000000000e+05	1.110178809928147530e+02
6.490000000000000000e+02	6.490000000000000000e+05	1.113121327595505079e+02
6.500000000000000000e+02	6.500000000000000000e+05	1.114195618651192774e+02
6.510000000000000000e+02	6.510000000000000000e+05	1.116834765961879015e+02
6.520000000000000000e+02	6.520000000000000000e+05	1.118242226796768506e+02
6.530000000000000000e+02	6.530000000000000000e+05	1.120427242856206504e+02
6.540000000000000000e+02	6.540000000000000000e+05	1.118893388241142048e+02
6.550000000000000000e+02	6.550000000000000000e+05	1.120432670224663525e+02
6.560000000000000000e+02	6.560000000000000000e+05	1.120536927275070695e+02
6.570000000000000000e+02	6.570000000000000000e+05	1.121391195656574382e+02
6.580000000000000000e+02	6.580000000000000000e+05	1.122844644092934914e+02
6.590000000000000000e+02	6.590000000000000000e+05	1.124471200367690358e+02
6.600000000000000000e+02	6.600000000000000000e+05	1.124821081121706214e+02
6.610000000000000000e+02	6.610000000000000000e+05	1.124024081043909149e+02
6.620000000000000000e+02	6.620000000000000000e+05	1.126357175547541800e+02
6.630000000000000000e+02	6.630000000000000000e+05	1.129527371828855706e+02
6.640000000000000000e+02	6.640000000000000000e+05	1.132526497862499610e+02
6.650000000000000000e+02	6.650000000000000000e+05	1.134294590904383000e+02
6.660000000000000000e+02	6.660000000000000000e+05	1.135289338107950243e+02
6.670000000000000000e+02	6.670000000000000000e+05	1.134791782771748672e+02
6.680000000000000000e+02	6.680000000000000000e+05	1.135427308917307556e+02
6.690000000000000000e+02	6.690000000000000000e+05	1.136285125350045604e+02
6.700000000000000000e+02	6.700000000000000000e+05	1.136809879318211784e+02
6.710000000000000000e+02	6.710000000000000000e+05	1.138750180830490422e+02
6.720000000000000000e+02	6.720000000000000000e+05	1.139641242483593118e+02
6.730000000000000000e+02	6.730000000000000000e+05	1.139061188034807941e+02
6.740000000000000000e+02	6.740000000000000000e+05	1.140124959737225367e+02
6.750000000000000000e+02	6.750000000000000000e+05	1.140068193285331404e+02
6.760000000000000000e+02	6.760000000000000000e+05	1.139030226212164933e+02
6.770000000000000000e+02	6.770000000000000000e+05	1.139849618043805037e+02
6.780000000000000000e+02	6.780000000000000000e+05	1.139317962911508175e+02
6.790000000000000000e+02	6.790000000000000000e+05	1.140708434666756688e+02
6.800000000000000000e+02	6.800000000000000000e+05	1.141976273729993352e+02
6.810000000000000000e+02	6.810000000000000000e+05	1.141505886276055577e+02
6.820000000000000000e+02	6.820000000000000000e+05	1.142753955855385328e+02
6.830000000000000000e+02	6.830000000000000000e+05	1.143989312514551528e+02
6.840000000000000000e+02	6.840000000000000000e+05	1.143305357121314501e+02
6.850000000000000000e+02	6.850000000000000000e+05	1.144759590737674699e+02
6.860000000000000000e+02	6.860000000000000000e+05	1.146914130156154243e+02
6.870000000000000000e+02	6.870000000000000000e+05	1.148719756057739261e+02
6.880000000000000000e+02	6.880000000000000000e+05	1.151464441338331710e+02
6.890000000000000000e+02	6.890000000000000000e+05	1.150973774549439241e+02
6.900000000000000000e+02	6.900000000000000000e+05	1.152101726735275662e+02
6.910000000000000000e+02	6.910000000000000000e+05	1.152533198883126886e+02
6.920000000000000000e+02	6.920000000000000000e+05	1.153563312804169243e+02
6.930000000000000000e+02	6.930000000000000000e+05	1.156502341949728816e+02
6.940000000000000000e+02	6.940000000000000000e+05	1.157280857576558617e+02
6.950000000000000000e+02	6.950000000000000000e+05	1.158098417218862863e+02
6.960000000000000000e+02	6.960000000000000000e+05	1.160017034892209011e+02
6.970000000000000000e+02	6.970000000000000000e+05	1.160856820684571460e+02
6.980000000000000000e+02	6.980000000000000000e+05	1.165525281790445860e+02
6.990000000000000000e+02	6.990000000000000000e+05	1.167023365952700829e+02
7.000000000000000000e+02	7.000000000000000000e+05	1.167370985492687794e+02
7.010000000000000000e+02	7.010000000000000000e+05	1.169259205424197461e+02
7.020000000000000000e+02	7.020000000000000000e+05	1.168050476988112933e+02
7.030000000000000000e+02	7.030000000000000000e+05	1.166054009752248675e+02
7.040000000000000000e+02	7.040000000000000000e+05	1.166250778202013834e+02
7.050000000000000000e+02	7.050000000000000000e+05	1.167465233172254102e+02
7.060000000000000000e+02	7.060000000000000000e+05	1.168570583826328146e+02
7.070000000000000000e+02	7.070000000000000000e+05	1.168800357526454832e+02
7.080000000000000000e+02	7.080000000000000000e+05	1.169148469175798368e+02
7.090000000000000000e+02	7.090000000000000000e+05	1.170561400375858483e+02
7.100000000000000000e+02	7.100000000000000000e+05	1.171637311210919705e+02
7.110000000000000000e+02	7.110000000000000000e+05	1.172742772838006573e+02
7.120000000000000000e+02	7.120000000000000000e+05	1.174724351947620562e+02
7.130000000000000000e+02	7.130000000000000000e+05	1.176093535749531043e+02
7.140000000000000000e+02	7.140000000000000000e+05	1.176459995404054695e+02
7.150000000000000000e+02	7.150000000000000000e+05	1.177760118819390982e+02
7.160000000000000000e+02	7.160000000000000000e+05	1.179665649783221255e+02
7.170000000000000000e+02	7.170000000000000000e+05	1.180734944625736773e+02
7.180000000000000000e+02	7.180000000000000000e+05	1.181207695649519138e+02
7.190000000000000000e+02	7.190000000000000000e+05	1.182857726235334468e+02
7.200000000000000000e+02	7.200000000000000000e+05	1.183491848486164173e+02
7.210000000000000000e+02	7.210000000000000000e+05	1.185299909633988591e+02
7.220000000000000000e+02	7.220000000000000000e+05	1.183170744935233216e+02
7.230000000000000000e+02	7.230000000000000000e+05	1.184189748127504487e+02
7.240000000000000000e+02	7.240000000000000000e+05	1.187166990029798512e+02
7.250000000000000000e+02	7.250000000000000000e+05	1.186465664568893459e+02
7.260000000000000000e+02	7.260000000000000000e+05	1.188397854044500832e+02
7.270000000000000000e+02	7.270000000000000000e+05	1.190337890432726482e+02
7.280000000000000000e+02	7.280000000000000000e+05	1.191844970525596352e+02
7.290000000000000000e+02	7.290000000000000000e+05	1.193559734715327636e+02
7.300000000000000000e+02	7.300000000000000000e+05	1.193334324746783324e+02
7.310000000000000000e+02	7.310000000000000000e+05	1.193290125146519074e+02
7.320000000000000000e+02	7.320000000000000000e+05	1.194819680815529068e+02
7.330000000000000000e+02	7.330000000000000000e+05	1.195386119806267402e+02
7.340000000000000000e+02	7.340000000000000000e+05	1.195340586015324078e+02
7.350000000000000000e+02	7.350000000000000000e+05	1.197066806261652232e+02
7.360000000000000000e+02	7.360000000000000000e+05	1.196354066092234945e+02
7.370000000000000000e+02	7.370000000000000000e+05	1.196941852089360054e+02
7.380000000000000000e+02	7.380000000000000000e+05	1.197401156746029613e+02
7.390000000000000000e+02	7.390000000000000000e+05	1.199262361563976356e+02
7.400000000000000000e+02	7.400000000000000000e+05	1.200930694598040276e+02
7.410000000000000000e+02	7.410000000000000000e+05	1.202209350785891075e+02
7.420000000000000000e+02	7.420000000000000000e+05	1.203227874488014209e+02
7.430000000000000000e+02	7.430000000000000000e+05	1.204811545788889902e+02
7.440000000000000000e+02	7.440000000000000000e+05	1.205886189524475611e+02
7.450000000000000000e+02	7.450000000000000000e+05	1.208590664518265925e+02
7.460000000000000000e+02	7.460000000000000000e+05	1.210520437985806268e+02
7.470000000000000000e+02	7.470000000000000000e+05	1.212603079109694306e+02
7.480000000000000000e+02	7.480000000000000000e+05	1.212635433065468931e+02
7.490000000000000000e+02	7.490000000000000000e+05	1.213445638893063858e+02
7.500000000000000000e+02	7.500000000000000000e+05	1.215051440312117847e+02
7.510000000000000000e+02	7.510000000000000000e+05	1.216867892483143407e+02
7.520000000000000000e+02	7.520000000000000000e+05	1.216442107964525263e+02
7.530000000000000000e+02	7.530000000000000000e+05	1.216266943727460728e+02
7.540000000000000000e+02	7.540000000000000000e+05	1.218809144375458402e+02
7.550000000000000000e+02	7.550000000000000000e+05	1.221132799035575687e+02
7.560000000000000000e+02	7.560000000000000000e+05	1.221994522699556995e+02
7.570000000000000000e+02	7.570000000000000000e+05	1.224626099530213708e+02
7.580000000000000000e+02	7.580000000000000000e+05	1.226303374228478447e+02
7.590000000000000000e+02	7.590000000000000000e+05	1.228182023704176515e+02
7.600000000000000000e+02	7.600000000000000000e+05	1.227863944313225346e+02
7.610000000000000000e+02	7.610000000000000000e+05	1.230891834522157069e+02
7.620000000000000000e+02	7.620000000000000000e+05	1.232014650515355640e+02
7.630000000000000000e+02	7.630000000000000000e+05	1.232603469764503785e+02
7.640000000000000000e+02	7.640000000000000000e+05	1.233775396066707373e+02
7.650000000000000000e+02	7.650000000000000000e+05	1.235140734626216528e+02
7.660000000000000000e+02	7.660000000000000000e+05	1.236704229414497860e+02
7.670000000000000000e+02	7.670000000000000000e+05	1.238387330346940445e+02
7.680000000000000000e+02	7.680000000000000000e+05	1.241052853484320195e+02
7.690000000000000000e+02	7.690000000000000000e+05	1.242124782163417791e+02
7.700000000000000000e+02	7.700000000000000000e+05	1.244406013736255261e+02
7.710000000000000000e+02	7.710000000000000000e+05	1.245534072192244963e+02
7.720000000000000000e+02	7.720000000000000000e+05	1.247330488882526112e+02
7.730000000000000000e+02	7.730000000000000000e+05	1.248625872157678032e+02
7.740000000000000000e+02	7.740000000000000000e+05	1.250222718342064638e+02
7.750000000000000000e+02	7.750000000000000000e+05	1.251198990873567709e+02
7.760000000000000000e+02	7.760000000000000000e+05	1.252214719091796269e+02
7.770000000000000000e+02	7.770000000000000000e+05	1.252361666512745586e+02
7.780000000000000000e+02	7.780000000000000000e+05	1.253105253298387964e+02
7.790000000000000000e+02	7.790000000000000000e+05	1.255492599289455597e+02
7.800000000000000000e+02	7.800000000000000000e+05	1.255181034971864023e+02
7.810000000000000000e+02	7.810000000000000000e+05	1.257108206576813814e+02
7.820000000000000000e+02	7.820000000000000000e+05	1.258121617146159110e+02
7.830000000000000000e+02	7.830000000000000000e+05	1.258795079395221848e+02
7.840000000000000000e+02	7.840000000000000000e+05	1.259059248289860591e+02
7.850000000000000000e+02	7.850000000000000000e+05	1.258571823276182045e+02
7.860000000000000000e+02	7.860000000000000000e+05	1.258256110496443938e+02
7.870000000000000000e+02	7.870000000000000000e+05	1.259109998327895141e+02
7.880000000000000000e+02	7.880000000000000000e+05	1.258544857549160270e+02
7.890000000000000000e+02	7.890000000000000000e+05	1.260495978151424623e+02
7.900000000000000000e+02	7.900000000000000000e+05	1.261228566821655761e+02
7.910000000000000000e+02	7.910000000000000000e+05	1.263201675538531816e+02
7.920000000000000000e+02	7.920000000000000000e+05	1.263894992040963530e+02
7.930000000000000000e+02	7.930000000000000000e+05	1.264416565111572766e+02
7.940000000000000000e+02	7.940000000000000000e+05	1.268380578028874339e+02
7.950000000000000000e+02	7.950000000000000000e+05	1.271606866348090819e+02
7.960000000000000000e+02	7.960000000000000000e+05	1.273264227154777188e+02
7.970000000000000000e+02	7.970000000000000000e+05	1.275197915874014285e+02
7.980000000000000000e+02	7.980000000000000000e+05	1.275400049471180353e+02
7.990000000000000000e+02	7.990000000000000000e+05	1.275678239173118840e+02
8.000000000000000000e+02	8.000000000000000000e+05	1.275318229198344824e+02
8.010000000000000000e+02	8.010000000000000000e+05	1.277944463064372940e+02
8.020000000000000000e+02	8.020000000000000000e+05	1.278553437538257498e+02
8.030000000000000000e+02	8.030000000000000000e+05	1.281889960035050251e+02
8.040000000000000000e+02	8.040000000000000000e+05	1.284392102554272981e+02
8.050000000000000000e+02	8.050000000000000000e+05	1.284544782994446450e+02
8.060000000000000000e+02	8.060000000000000000e+05	1.286159714986326037e+02
8.070000000000000000e+02	8.070000000000000000e+05	1.287630863291436185e+02
8.080000000000000000e+02	8.080000000000000000e+05	1.287856286844899216e+02
8.090000000000000000e+02	8.090000000000000000e+05	1.288219735538530699e+02
8.100000000000000000e+02	8.100000000000000000e+05	1.289763373608977020e+02
8.110000000000000000e+02	8.110000000000000000e+05	1.291547480931339749e+02
8.120000000000000000e+02	8.120000000000000000e+05	1.294970140001694006e+02
8.130000000000000000e+02	8.130000000000000000e+05	1.298321664575612715e+02
8.140000000000000000e+02	8.140000000000000000e+05	1.298434729602192022e+02
8.150000000000000000e+02	8.150000000000000000e+05	1.300243882220522949e+02
8.160000000000000000e+02	8.160000000000000000e+05	1.300929158086259463e+02
8.170000000000000000e+02	8.170000000000000000e+05	1.301353404559533544e+02
8.180000000000000000e+02	8.180000000000000000e+05	1.305171940373689097e+02
8.190000000000000000e+02	8.190000000000000000e+05	1.307082122316256232e+02
8.200000000000000000e+02	8.200000000000000000e+05	1.307795268989424073e+02
8.210000000000000000e+02	8.210000000000000000e+05	1.307431142209409529e+02
8.220000000000000000e+02	8.220000000000000000e+05	1.307736835739548837e+02
8.230000000000000000e+02	8.230000000000000000e+05	1.309433083423757580e+02
8.240000000000000000e+02	8.240000000000000000e+05	1.310437228942804211e+02
8.250000000000000000e+02	8.250000000000000000e+05	1.312072782901682331e+02
8.260000000000000000e+02	8.260000000000000000e+05	1.314576582151017021e+02
8.270000000000000000e+02	8.270000000000000000e+05	1.315276849542232469e+02
8.280000000000000000e+02	8.280000000000000000e+05	1.314574847269150837e+02
8.290000000000000000e+02	8.290000000000000000e+05	1.315021373480344664e+02
8.300000000000000000e+02	8.300000000000000000e+05	1.316819078453864904e+02
8.310000000000000000e+02	8.310000000000000000e+05	1.316203169423187376e+02
8.320000000000000000e+02	8.320000000000000000e+05	1.315776950592714059e+02
8.330000000000000000e+02	8.330000000000000000e+05	1.317656536722534497e+02
8.340000000000000000e+02	8.340000000000000000e+05	1.318097470533295450e+02
8.350000000000000000e+02	8.350000000000000000e+05	1.319431374565426438e+02
8.360000000000000000e+02	8.360000000000000000e+05	1.319651394551233068e+02
8.370000000000000000e+02	8.370000000000000000e+05	1.321051690318557235e+02
8.380000000000000000e+02	8.380000000000000000e+05	1.321577790911268551e+02
8.390000000000000000e+02	8.390000000000000000e+05	1.320917598157407440e+02
8.400000000000000000e+02	8.400000000000000000e+05	1.321827582081540129e+02
8.410000000000000000e+02	8.410000000000000000e+05	1.321168557786764381e+02
8.420000000000000000e+02	8.420000000000000000e+05	1.322370162587908737e+02
8.430000000000000000e+02	8.430000000000000000e+05	1.321934501179936490e+02
8.440000000000000000e+02	8.440000000000000000e+05	1.324044037212314038e+02
8.450000000000000000e+02	8.450000000000000000e+05	1.326722110183374070e+02
8.460000000000000000e+02	8.460000000000000000e+05	1.328702334610242701e+02
8.470000000000000000e+02	8.470000000000000000e+05	1.328626423708247728e+02
8.480000000000000000e+02	8.480000000000000000e+05	1.329334355256341098e+02
8.490000000000000000e+02	8.490000000000000000e+05	1.329717180238673393e+02
8.500000000000000000e+02	8.500000000000000000e+05	1.330514253053082712e+02
8.510000000000000000e+02	8.510000000000000000e+05	1.330848218092997683e+02
8.520000000000000000e+02	8.520000000000000000e+05	1.331854972813227675e+02
8.530000000000000000e+02	8.530000000000000000e+05	1.331600545747089939e+02
8.540000000000000000e+02	8.540000000000000000e+05	1.334155346319387263e+02
8.550000000000000000e+02	8.550000000000000000e+05	1.335089997431271343e+02
8.560000000000000000e+02	8.560000000000000000e+05	1.335860728413810250e+02
8.570000000000000000e+02	8.570000000000000000e+05	1.336799528276281990e+02
8.580000000000000000e+02	8.580000000000000000e+05	1.338115746043363572e+02
8.590000000000000000e+02	8.590000000000000000e+05	1.338459507522023841e+02
8.600000000000000000e+02	8.600000000000000000e+05	1.338919803128165711e+02
8.610000000000000000e+02	8.610000000000000000e+05	1.340735424474153206e+02
8.620000000000000000e+02	8.620000000000000000e+05	1.342497935882393278e+02
8.630000000000000000e+02	8.630000000000000000e+05	1.345214721232694046e+02
8.640000000000000000e+02	8.640000000000000000e+05	1.347846250990137946e+02
8.650000000000000000e+02	8.650000000000000000e+05	1.348277864932155978e+02
8.660000000000000000e+02	8.660000000000000000e+05	1.348929853096152556e+02
8.670000000000000000e+02	8.670000000000000000e+05	1.348122930174800445e+02
8.680000000000000000e+02	8.680000000000000000e+05	1.348755889183142642e+02
8.690000000000000000e+02	8.690000000000000000e+05	1.351398739942616203e+02
8.700000000000000000e+02	8.700000000000000000e+05	1.351513717002562203e+02
8.710000000000000000e+02	8.710000000000000000e+05	1.354678432576666012e+02
8.720000000000000000e+02	8.720000000000000000e+05	1.356775581723109951e+02
8.730000000000000000e+02	8.730000000000000000e+05	1.357808284484843568e+02
8.740000000000000000e+02	8.740000000000000000e+05	1.359044982347538166e+02
8.750000000000000000e+02	8.750000000000000000e+05	1.360587112846731941e+02
8.760000000000000000e+02	8.760000000000000000e+05	1.360786189482022337e+02
8.770000000000000000e+02	8.770000000000000000e+05	1.360835036450117173e+02
8.780000000000000000e+02	8.780000000000000000e+05	1.361286099501230069e+02
8.790000000000000000e+02	8.790000000000000000e+05	1.363560900195016643e+02
8.800000000000000000e+02	8.800000000000000000e+05	1.364303341880812468e+02
8.810000000000000000e+02	8.810000000000000000e+05	1.364554333357493761e+02
8.820000000000000000e+02	8.820000000000000000e+05	1.363968444491875118e+02
8.830000000000000000e+02	8.830000000000000000e+05	1.365541597216405307e+02
8.840000000000000000e+02	8.840000000000000000e+05	1.368351951447351098e+02
8.850000000000000000e+02	8.850000000000000000e+05	1.370289221911413620e+02
8.860000000000000000e+02	8.860000000000000000e+05	1.373855929205651307e+02
8.870000000000000000e+02	8.870000000000000000e+05	1.374913467434905101e+02
8.880000000000000000e+02	8.880000000000000000e+05	1.376019977705261681e+02
8.890000000000000000e+02	8.890000000000000000e+05	1.378448460718465185e+02
8.900000000000000000e+02	8.900000000000000000e+05	1.380630640601605137e+02
8.910000000000000000e+02	8.910000000000000000e+05	1.380218374962432222e+02
8.920000000000000000e+02	8.920000000000000000e+05	1.381325094385993850e+02
8.930000000000000000e+02	8.930000000000000000e+05	1.381957495934852034e+02
8.940000000000000000e+02	8.940000000000000000e+05	1.381820795927224026e+02
8.950000000000000000e+02	8.950000000000000000e+05	1.383488425885111894e+02
8.960000000000000000e+02	8.960000000000000000e+05	1.383798015369464167e+02
8.970000000000000000e+02	8.970000000000000000e+05	1.384550947607859541e+02
8.980000000000000000e+02	8.980000000000000000e+05	1.384412238289951915e+02
8.990000000000000000e+02	8.990000000000000000e+05	1.384859511244969781e+02
9.000000000000000000e+02	9.000000000000000000e+05	1.385209766754387886e+02
9.010000000000000000e+02	9.010000000000000000e+05	1.386096251020102841e+02
9.020000000000000000e+02	9.020000000000000000e+05	1.386845261555379807e+02
9.030000000000000000e+02	9.030000000000000000e+05	1.387997007692189584e+02
9.040000000000000000e+02	9.040000000000000000e+05	1.388732057148063177e+02
9.050000000000000000e+02	9.050000000000000000e+05	1.388812268072118457e+02
9.060000000000000000e+02	9.060000000000000000e+05	1.390104234939653907e+02
9.070000000000000000e+02	9.070000000000000000e+05	1.390345215461175599e+02
9.080000000000000000e+02	9.080000000000000000e+05	1.391760933155759972e+02
9.090000000000000000e+02	9.090000000000000000e+05	1.391848879550362312e+02
9.100000000000000000e+02	9.100000000000000000e+05	1.392811915981493769e+02
9.110000000000000000e+02	9.110000000000000000e+05	1.393407316092956876e+02
9.120000000000000000e+02	9.120000000000000000e+05	1.394204982302052258e+02
9.130000000000000000e+02	9.130000000000000000e+05	1.394214279415341196e+02
9.140000000000000000e+02	9.140000000000000000e+05	1.392931607902573319e+02
9.150000000000000000e+02	9.150000000000000000e+05	1.393731191130224261e+02
9.160000000000000000e+02	9.160000000000000000e+05	1.394320204483090890e+02
9.170000000000000000e+02	9.170000000000000000e+05	1.394072548360308588e+02
9.180000000000000000e+02	9.180000000000000000e+05	1.395996828209252385e+02
9.190000000000000000e+02	9.190000000000000000e+05	1.396581100411357284e+02
9.200000000000000000e+02	9.200000000000000000e+05	1.398089905474072623e+02
9.210000000000000000e+02	9.210000000000000000e+05	1.399006311661109407e+02
