0.000000000000000000e+00	0.000000000000000000e+00	2.156571207695231175e-06
1.000000000000000000e+00	1.000000000000000000e+03	1.662215714994400795e+00
2.000000000000000000e+00	2.000000000000000000e+03	2.562879306335156926e+00
3.000000000000000000e+00	3.000000000000000000e+03	3.316867239161176428e+00
4.000000000000000000e+00	4.000000000000000000e+03	4.003609743526032716e+00
5.000000000000000000e+00	5.000000000000000000e+03	4.689877168330196966e+00
6.000000000000000000e+00	6.000000000000000000e+03	5.275782472411008506e+00
7.000000000000000000e+00	7.000000000000000000e+03	5.701017587673846698e+00
8.000000000000000000e+00	8.000000000000000000e+03	6.384718689088175303e+00
9.000000000000000000e+00	9.000000000000000000e+03	6.979814462651489748e+00
1.000000000000000000e+01	1.000000000000000000e+04	7.253194860841494673e+00
1.100000000000000000e+01	1.100000000000000000e+04	7.511272394564649346e+00
1.200000000000000000e+01	1.200000000000000000e+04	7.822851923330467194e+00
1.300000000000000000e+01	1.300000000000000000e+04	8.456648799710531961e+00
1.400000000000000000e+01	1.400000000000000000e+04	8.694390931060846484e+00
1.500000000000000000e+01	1.500000000000000000e+04	8.781126925753191870e+00
1.600000000000000000e+01	1.600000000000000000e+04	9.275100376955828452e+00
1.700000000000000000e+01	1.700000000000000000e+04	9.460477152437494652e+00
1.800000000000000000e+01	1.800000000000000000e+04	9.767043507184334672e+00
1.900000000000000000e+01	1.900000000000000000e+04	9.938516683018391973e+00
2.000000000000000000e+01	2.000000000000000000e+04	1.033026104538016909e+01
2.100000000000000000e+01	2.100000000000000000e+04	1.061403555429440893e+01
2.200000000000000000e+01	2.200000000000000000e+04	1.078695545479593143e+01
2.300000000000000000e+01	2.300000000000000000e+04	1.100598235099980471e+01
2.400000000000000000e+01	2.400000000000000000e+04	1.137962523395585457e+01
2.500000000000000000e+01	2.500000000000000000e+04	1.170975302207823532e+01
2.600000000000000000e+01	2.600000000000000000e+04	1.198876537391788766e+01
2.700000000000000000e+01	2.700000000000000000e+04	1.211846938340730162e+01
2.800000000000000000e+01	2.800000000000000000e+04	1.251502274052246477e+01
2.900000000000000000e+01	2.900000000000000000e+04	1.304174509030203133e+01
3.000000000000000000e+01	3.000000000000000000e+04	1.322124752682330850e+01
3.100000000000000000e+01	3.100000000000000000e+04	1.372572271773287156e+01
3.200000000000000000e+01	3.200000000000000000e+04	1.407315133308926569e+01
3.300000000000000000e+01	3.300000000000000000e+04	1.434916767275033855e+01
3.400000000000000000e+01	3.400000000000000000e+04	1.428636437448498597e+01
3.500000000000000000e+01	3.500000000000000000e+04	1.464484221698396560e+01
3.600000000000000000e+01	3.600000000000000000e+04	1.503615687269858192e+01
3.700000000000000000e+01	3.700000000000000000e+04	1.499426704080476647e+01
3.800000000000000000e+01	3.800000000000000000e+04	1.508979178529073373e+01
3.900000000000000000e+01	3.900000000000000000e+04	1.541598772736890410e+01
4.000000000000000000e+01	4.000000000000000000e+04	1.558565793937485466e+01
4.100000000000000000e+01	4.100000000000000000e+04	1.598558848732485771e+01
4.200000000000000000e+01	4.200000000000000000e+04	1.613974808599997957e+01
4.300000000000000000e+01	4.300000000000000000e+04	1.632017225918312420e+01
4.400000000000000000e+01	4.400000000000000000e+04	1.642867079961594357e+01
4.500000000000000000e+01	4.500000000000000000e+04	1.665374746863604116e+01
4.600000000000000000e+01	4.600000000000000000e+04	1.687910068226091909e+01
4.700000000000000000e+01	4.700000000000000000e+04	1.692170336348568682e+01
4.800000000000000000e+01	4.800000000000000000e+04	1.724266200452749231e+01
4.900000000000000000e+01	4.900000000000000000e+04	1.757815978817342284e+01
5.000000000000000000e+01	5.000000000000000000e+04	1.783193590087272185e+01
5.100000000000000000e+01	5.100000000000000000e+04	1.836793005744666374e+01
5.200000000000000000e+01	5.200000000000000000e+04	1.853404141326580401e+01
5.300000000000000000e+01	5.300000000000000000e+04	1.870747282779841925e+01
5.400000000000000000e+01	5.400000000000000000e+04	1.916746962770501739e+01
5.500000000000000000e+01	5.500000000000000000e+04	1.954789058580514549e+01
5.600000000000000000e+01	5.600000000000000000e+04	1.973665636533471357e+01
5.700000000000000000e+01	5.700000000000000000e+04	1.990909790050979566e+01
5.800000000000000000e+01	5.800000000000000000e+04	2.033843723576636009e+01
5.900000000000000000e+01	5.900000000000000000e+04	2.063437234573173384e+01
6.000000000000000000e+01	6.000000000000000000e+04	2.100202381770138160e+01
6.100000000000000000e+01	6.100000000000000000e+04	2.146346521529336826e+01
6.200000000000000000e+01	6.200000000000000000e+04	2.175392196410981072e+01
6.300000000000000000e+01	6.300000000000000000e+04	2.184948042796107615e+01
6.400000000000000000e+01	6.400000000000000000e+04	2.182161538411379453e+01
6.500000000000000000e+01	6.500000000000000000e+04	2.195973780354985649e+01
6.600000000000000000e+01	6.600000000000000000e+04	2.210962459090891130e+01
6.700000000000000000e+01	6.700000000000000000e+04	2.226322782826104785e+01
6.800000000000000000e+01	6.800000000000000000e+04	2.246716722646243980e+01
6.900000000000000000e+01	6.900000000000000000e+04	2.264100607886278027e+01
7.000000000000000000e+01	7.000000000000000000e+04	2.275139390816084983e+01
7.100000000000000000e+01	7.100000000000000000e+04	2.292980470272713589e+01
7.200000000000000000e+01	7.200000000000000000e+04	2.314409229265315204e+01
7.300000000000000000e+01	7.300000000000000000e+04	2.318533130155213939e+01
7.400000000000000000e+01	7.400000000000000000e+04	2.320692196363441795e+01
7.500000000000000000e+01	7.500000000000000000e+04	2.328825222421650665e+01
7.600000000000000000e+01	7.600000000000000000e+04	2.366735434976498453e+01
7.700000000000000000e+01	7.700000000000000000e+04	2.400175574437670889e+01
7.800000000000000000e+01	7.800000000000000000e+04	2.400551388992490232e+01
7.900000000000000000e+01	7.900000000000000000e+04	2.425662961906949278e+01
8.000000000000000000e+01	8.000000000000000000e+04	2.450612910429664382e+01
8.100000000000000000e+01	8.100000000000000000e+04	2.440554854431803022e+01
8.200000000000000000e+01	8.200000000000000000e+04	2.449318521812031335e+01
8.300000000000000000e+01	8.300000000000000000e+04	2.462172967786675670e+01
8.400000000000000000e+01	8.400000000000000000e+04	2.465425428266666330e+01
8.500000000000000000e+01	8.500000000000000000e+04	2.498144214576945643e+01
8.600000000000000000e+01	8.600000000000000000e+04	2.504400750500797557e+01
8.700000000000000000e+01	8.700000000000000000e+04	2.515290809765513913e+01
8.800000000000000000e+01	8.800000000000000000e+04	2.535674179334062472e+01
8.900000000000000000e+01	8.900000000000000000e+04	2.528057439370619264e+01
9.000000000000000000e+01	9.000000000000000000e+04	2.556264791861995533e+01
9.100000000000000000e+01	9.100000000000000000e+04	2.544031961236208517e+01
9.200000000000000000e+01	9.200000000000000000e+04	2.561062550221433298e+01
9.300000000000000000e+01	9.300000000000000000e+04	2.574759810570539642e+01
9.400000000000000000e+01	9.400000000000000000e+04	2.577357395293050146e+01
9.500000000000000000e+01	9.500000000000000000e+04	2.583120945475109664e+01
9.600000000000000000e+01	9.600000000000000000e+04	2.585456139576730195e+01
9.700000000000000000e+01	9.700000000000000000e+04	2.601433313465892283e+01
9.800000000000000000e+01	9.800000000000000000e+04	2.589310067947759819e+01
9.900000000000000000e+01	9.900000000000000000e+04	2.600478626279666727e+01
1.000000000000000000e+02	1.000000000000000000e+05	2.614008952705923861e+01
1.010000000000000000e+02	1.010000000000000000e+05	2.654286992581802096e+01
1.020000000000000000e+02	1.020000000000000000e+05	2.701499531466014403e+01
1.030000000000000000e+02	1.030000000000000000e+05	2.737687477414944226e+01
1.040000000000000000e+02	1.040000000000000000e+05	2.781827785227956085e+01
1.050000000000000000e+02	1.050000000000000000e+05	2.812633823909127884e+01
1.060000000000000000e+02	1.060000000000000000e+05	2.854896066231814800e+01
1.070000000000000000e+02	1.070000000000000000e+05	2.892392581725285083e+01
1.080000000000000000e+02	1.080000000000000000e+05	2.922712754218201781e+01
1.090000000000000000e+02	1.090000000000000000e+05	2.947535031932009986e+01
1.100000000000000000e+02	1.100000000000000000e+05	2.969867338342281826e+01
1.110000000000000000e+02	1.110000000000000000e+05	2.993018713912127282e+01
1.120000000000000000e+02	1.120000000000000000e+05	3.003971526134871084e+01
1.130000000000000000e+02	1.130000000000000000e+05	3.032913981428580286e+01
1.140000000000000000e+02	1.140000000000000000e+05	3.063204661440197896e+01
1.150000000000000000e+02	1.150000000000000000e+05	3.053542570273252821e+01
1.160000000000000000e+02	1.160000000000000000e+05	3.064566930012363599e+01
1.170000000000000000e+02	1.170000000000000000e+05	3.082908631934871124e+01
1.180000000000000000e+02	1.180000000000000000e+05	3.082506142087239098e+01
1.190000000000000000e+02	1.190000000000000000e+05	3.110092612052414296e+01
1.200000000000000000e+02	1.200000000000000000e+05	3.122423322951933145e+01
1.210000000000000000e+02	1.210000000000000000e+05	3.153159428717100710e+01
1.220000000000000000e+02	1.220000000000000000e+05	3.196767110498345232e+01
1.230000000000000000e+02	1.230000000000000000e+05	3.208495394125277755e+01
1.240000000000000000e+02	1.240000000000000000e+05	3.227719913676166641e+01
1.250000000000000000e+02	1.250000000000000000e+05	3.267037188150848692e+01
1.260000000000000000e+02	1.260000000000000000e+05	3.285871120115966448e+01
1.270000000000000000e+02	1.270000000000000000e+05	3.296340018024661589e+01
1.280000000000000000e+02	1.280000000000000000e+05	3.311424155123953739e+01
1.290000000000000000e+02	1.290000000000000000e+05	3.328206927822155592e+01
1.300000000000000000e+02	1.300000000000000000e+05	3.365614828936620029e+01
1.310000000000000000e+02	1.310000000000000000e+05	3.397875376259692359e+01
1.320000000000000000e+02	1.320000000000000000e+05	3.423340228563943555e+01
1.330000000000000000e+02	1.330000000000000000e+05	3.461824834402231943e+01
1.340000000000000000e+02	1.340000000000000000e+05	3.467902298531875971e+01
1.350000000000000000e+02	1.350000000000000000e+05	3.475031926330901655e+01
1.360000000000000000e+02	1.360000000000000000e+05	3.513610541573897450e+01
1.370000000000000000e+02	1.370000000000000000e+05	3.537032758565801771e+01
1.380000000000000000e+02	1.380000000000000000e+05	3.527011577647515139e+01
1.390000000000000000e+02	1.390000000000000000e+05	3.522378127237205803e+01
1.400000000000000000e+02	1.400000000000000000e+05	3.522079994291784288e+01
1.410000000000000000e+02	1.410000000000000000e+05	3.552064670314969419e+01
1.420000000000000000e+02	1.420000000000000000e+05	3.581164997875697509e+01
1.430000000000000000e+02	1.430000000000000000e+05	3.639372337395832346e+01
1.440000000000000000e+02	1.440000000000000000e+05	3.679926934427017216e+01
1.450000000000000000e+02	1.450000000000000000e+05	3.704064898925624050e+01
1.460000000000000000e+02	1.460000000000000000e+05	3.734153337026377528e+01
1.470000000000000000e+02	1.470000000000000000e+05	3.768236290996004101e+01
1.480000000000000000e+02	1.480000000000000000e+05	3.798445675429078960e+01
1.490000000000000000e+02	1.490000000000000000e+05	3.810532807555433266e+01
1.500000000000000000e+02	1.500000000000000000e+05	3.846139704798781622e+01
1.510000000000000000e+02	1.510000000000000000e+05	3.872149736645135221e+01
1.520000000000000000e+02	1.520000000000000000e+05	3.884412303773099495e+01
1.530000000000000000e+02	1.530000000000000000e+05	3.911169467325855464e+01
1.540000000000000000e+02	1.540000000000000000e+05	3.931641752187930194e+01
1.550000000000000000e+02	1.550000000000000000e+05	3.936138701494934367e+01
1.560000000000000000e+02	1.560000000000000000e+05	3.972243121621520601e+01
1.570000000000000000e+02	1.570000000000000000e+05	3.988321583204145782e+01
1.580000000000000000e+02	1.580000000000000000e+05	4.017592320163827679e+01
1.590000000000000000e+02	1.590000000000000000e+05	4.039208331348119430e+01
1.600000000000000000e+02	1.600000000000000000e+05	4.037801169339778085e+01
1.610000000000000000e+02	1.610000000000000000e+05	4.062784835340392675e+01
1.620000000000000000e+02	1.620000000000000000e+05	4.090319856422295430e+01
1.630000000000000000e+02	1.630000000000000000e+05	4.098056936563072128e+01
1.640000000000000000e+02	1.640000000000000000e+05	4.113032346943343498e+01
1.650000000000000000e+02	1.650000000000000000e+05	4.110708179733292411e+01
1.660000000000000000e+02	1.660000000000000000e+05	4.125710586282994541e+01
1.670000000000000000e+02	1.670000000000000000e+05	4.131689959457740713e+01
1.680000000000000000e+02	1.680000000000000000e+05	4.152404978074457631e+01
1.690000000000000000e+02	1.690000000000000000e+05	4.180136771886282077e+01
1.700000000000000000e+02	1.700000000000000000e+05	4.198196423265277133e+01
1.710000000000000000e+02	1.710000000000000000e+05	4.225819988840827790e+01
1.720000000000000000e+02	1.720000000000000000e+05	4.248311523037288850e+01
1.730000000000000000e+02	1.730000000000000000e+05	4.253914893308941458e+01
1.740000000000000000e+02	1.740000000000000000e+05	4.267459061092343120e+01
1.750000000000000000e+02	1.750000000000000000e+05	4.281115539415746696e+01
1.760000000000000000e+02	1.760000000000000000e+05	4.300255546531274575e+01
1.770000000000000000e+02	1.770000000000000000e+05	4.311846227282022426e+01
1.780000000000000000e+02	1.780000000000000000e+05	4.349314854677680131e+01
1.790000000000000000e+02	1.790000000000000000e+05	4.378217187836507662e+01
1.800000000000000000e+02	1.800000000000000000e+05	4.422542046465343191e+01
1.810000000000000000e+02	1.810000000000000000e+05	4.438784225836136699e+01
1.820000000000000000e+02	1.820000000000000000e+05	4.452278147035244871e+01
1.830000000000000000e+02	1.830000000000000000e+05	4.470652477869730035e+01
1.840000000000000000e+02	1.840000000000000000e+05	4.469065945977058618e+01
1.850000000000000000e+02	1.850000000000000000e+05	4.478514358611327140e+01
1.860000000000000000e+02	1.860000000000000000e+05	4.482505951207395611e+01
1.870000000000000000e+02	1.870000000000000000e+05	4.507146389087461813e+01
1.880000000000000000e+02	1.880000000000000000e+05	4.533014876877870591e+01
1.890000000000000000e+02	1.890000000000000000e+05	4.560531840958862659e+01
1.900000000000000000e+02	1.900000000000000000e+05	4.588280682616910866e+01
1.910000000000000000e+02	1.910000000000000000e+05	4.622967163580729988e+01
1.920000000000000000e+02	1.920000000000000000e+05	4.623056112185942368e+01
1.930000000000000000e+02	1.930000000000000000e+05	4.663992971335632376e+01
1.940000000000000000e+02	1.940000000000000000e+05	4.691682602431345828e+01
1.950000000000000000e+02	1.950000000000000000e+05	4.714284890476121603e+01
1.960000000000000000e+02	1.960000000000000000e+05	4.702821076183744253e+01
1.970000000000000000e+02	1.970000000000000000e+05	4.693760180832119033e+01
1.980000000000000000e+02	1.980000000000000000e+05	4.709369394830171984e+01
1.990000000000000000e+02	1.990000000000000000e+05	4.710063733747739434e+01
2.000000000000000000e+02	2.000000000000000000e+05	4.731637508958596072e+01
2.010000000000000000e+02	2.010000000000000000e+05	4.761495032852246112e+01
2.020000000000000000e+02	2.020000000000000000e+05	4.763295434501652892e+01
2.030000000000000000e+02	2.030000000000000000e+05	4.774314470871495786e+01
2.040000000000000000e+02	2.040000000000000000e+05	4.811176855319082080e+01
2.050000000000000000e+02	2.050000000000000000e+05	4.825042255307629802e+01
2.060000000000000000e+02	2.060000000000000000e+05	4.844781173686903486e+01
2.070000000000000000e+02	2.070000000000000000e+05	4.855515844457725905e+01
2.080000000000000000e+02	2.080000000000000000e+05	4.863855821733125140e+01
2.090000000000000000e+02	2.090000000000000000e+05	4.864158234726233587e+01
2.100000000000000000e+02	2.100000000000000000e+05	4.884188876359631593e+01
2.110000000000000000e+02	2.110000000000000000e+05	4.925300585466349901e+01
2.120000000000000000e+02	2.120000000000000000e+05	4.929886350020467489e+01
2.130000000000000000e+02	2.130000000000000000e+05	4.945386403275188059e+01
2.140000000000000000e+02	2.140000000000000000e+05	4.953320122777090972e+01
2.150000000000000000e+02	2.150000000000000000e+05	4.971307201401226195e+01
2.160000000000000000e+02	2.160000000000000000e+05	4.971743017442441470e+01
2.170000000000000000e+02	2.170000000000000000e+05	4.975246265195840323e+01
2.180000000000000000e+02	2.180000000000000000e+05	4.981048420987297476e+01
2.190000000000000000e+02	2.190000000000000000e+05	5.000484651148954640e+01
2.200000000000000000e+02	2.200000000000000000e+05	4.996461521971719577e+01
2.210000000000000000e+02	2.210000000000000000e+05	5.031282716841236180e+01
2.220000000000000000e+02	2.220000000000000000e+05	5.030203202942221452e+01
2.230000000000000000e+02	2.230000000000000000e+05	5.070246453081539073e+01
2.240000000000000000e+02	2.240000000000000000e+05	5.082951629735468657e+01
2.250000000000000000e+02	2.250000000000000000e+05	5.076909263154536944e+01
2.260000000000000000e+02	2.260000000000000000e+05	5.088109058694352171e+01
2.270000000000000000e+02	2.270000000000000000e+05	5.107338405124910707e+01
2.280000000000000000e+02	2.280000000000000000e+05	5.120910338794817562e+01
2.290000000000000000e+02	2.290000000000000000e+05	5.135911262857154469e+01
2.300000000000000000e+02	2.300000000000000000e+05	5.138890114118462549e+01
2.310000000000000000e+02	2.310000000000000000e+05	5.153304727419961750e+01
2.320000000000000000e+02	2.320000000000000000e+05	5.188483327311735138e+01
2.330000000000000000e+02	2.330000000000000000e+05	5.208163561833729460e+01
2.340000000000000000e+02	2.340000000000000000e+05	5.207456219099415762e+01
2.350000000000000000e+02	2.350000000000000000e+05	5.231035771411157498e+01
2.360000000000000000e+02	2.360000000000000000e+05	5.250826457435078254e+01
2.370000000000000000e+02	2.370000000000000000e+05	5.284700942850479777e+01
2.380000000000000000e+02	2.380000000000000000e+05	5.285311824338732123e+01
2.390000000000000000e+02	2.390000000000000000e+05	5.309896292865547451e+01
2.400000000000000000e+02	2.400000000000000000e+05	5.315639350683093056e+01
2.410000000000000000e+02	2.410000000000000000e+05	5.315961374850193266e+01
2.420000000000000000e+02	2.420000000000000000e+05	5.320863582444692241e+01
2.430000000000000000e+02	2.430000000000000000e+05	5.357499556900612703e+01
2.440000000000000000e+02	2.440000000000000000e+05	5.400009589980242453e+01
2.450000000000000000e+02	2.450000000000000000e+05	5.425980907003724951e+01
2.460000000000000000e+02	2.460000000000000000e+05	5.439413378946532163e+01
2.470000000000000000e+02	2.470000000000000000e+05	5.463567505863327511e+01
2.480000000000000000e+02	2.480000000000000000e+05	5.471924857393907615e+01
2.490000000000000000e+02	2.490000000000000000e+05	5.459103449198717328e+01
2.500000000000000000e+02	2.500000000000000000e+05	5.470873802935307850e+01
2.510000000000000000e+02	2.510000000000000000e+05	5.516170649147328220e+01
2.520000000000000000e+02	2.520000000000000000e+05	5.532490569416101067e+01
2.530000000000000000e+02	2.530000000000000000e+05	5.537649965516676787e+01
2.540000000000000000e+02	2.540000000000000000e+05	5.555730902014016692e+01
2.550000000000000000e+02	2.550000000000000000e+05	5.598084474387926690e+01
2.560000000000000000e+02	2.560000000000000000e+05	5.635319663825085712e+01
2.570000000000000000e+02	2.570000000000000000e+05	5.638967886159152698e+01
2.580000000000000000e+02	2.580000000000000000e+05	5.656177729365692386e+01
2.590000000000000000e+02	2.590000000000000000e+05	5.672097916324420197e+01
2.600000000000000000e+02	2.600000000000000000e+05	5.682381410781511022e+01
2.610000000000000000e+02	2.610000000000000000e+05	5.675539180780613435e+01
2.620000000000000000e+02	2.620000000000000000e+05	5.711488516522691583e+01
2.630000000000000000e+02	2.630000000000000000e+05	5.734632728878640506e+01
2.640000000000000000e+02	2.640000000000000000e+05	5.767841585107498048e+01
2.650000000000000000e+02	2.650000000000000000e+05	5.797217086958688981e+01
2.660000000000000000e+02	2.660000000000000000e+05	5.811542246624670582e+01
2.670000000000000000e+02	2.670000000000000000e+05	5.851259196365611359e+01
2.680000000000000000e+02	2.680000000000000000e+05	5.869597906933339004e+01
2.690000000000000000e+02	2.690000000000000000e+05	5.865330783965558936e+01
2.700000000000000000e+02	2.700000000000000000e+05	5.867942211325592439e+01
2.710000000000000000e+02	2.710000000000000000e+05	5.875959061252842730e+01
2.720000000000000000e+02	2.720000000000000000e+05	5.872006114374315899e+01
2.730000000000000000e+02	2.730000000000000000e+05	5.888824663842434148e+01
2.740000000000000000e+02	2.740000000000000000e+05	5.874334936182914646e+01
2.750000000000000000e+02	2.750000000000000000e+05	5.886051176148356490e+01
2.760000000000000000e+02	2.760000000000000000e+05	5.873053808617588345e+01
2.770000000000000000e+02	2.770000000000000000e+05	5.908879267527754564e+01
2.780000000000000000e+02	2.780000000000000000e+05	5.920115204359640870e+01
2.790000000000000000e+02	2.790000000000000000e+05	5.950244293960449227e+01
2.800000000000000000e+02	2.800000000000000000e+05	5.973821222006102261e+01
2.810000000000000000e+02	2.810000000000000000e+05	5.992368189238587206e+01
2.820000000000000000e+02	2.820000000000000000e+05	6.020480653319987141e+01
2.830000000000000000e+02	2.830000000000000000e+05	6.031602368731155650e+01
2.840000000000000000e+02	2.840000000000000000e+05	6.043100997918035944e+01
2.850000000000000000e+02	2.850000000000000000e+05	6.043427774117752449e+01
2.860000000000000000e+02	2.860000000000000000e+05	6.043105872886071950e+01
2.870000000000000000e+02	2.870000000000000000e+05	6.075444698341622285e+01
2.880000000000000000e+02	2.880000000000000000e+05	6.104649047824032948e+01
2.890000000000000000e+02	2.890000000000000000e+05	6.108301485105408801e+01
2.900000000000000000e+02	2.900000000000000000e+05	6.113830298260398166e+01
2.910000000000000000e+02	2.910000000000000000e+05	6.119830899326666440e+01
2.920000000000000000e+02	2.920000000000000000e+05	6.146148405351469535e+01
2.930000000000000000e+02	2.930000000000000000e+05	6.159887068183938652e+01
2.940000000000000000e+02	2.940000000000000000e+05	6.191890982385843500e+01
2.950000000000000000e+02	2.950000000000000000e+05	6.204349568355438294e+01
2.960000000000000000e+02	2.960000000000000000e+05	6.233392335223337710e+01
2.970000000000000000e+02	2.970000000000000000e+05	6.248930950303273590e+01
2.980000000000000000e+02	2.980000000000000000e+05	6.255324904302213440e+01
2.990000000000000000e+02	2.990000000000000000e+05	6.262316707621661038e+01
3.000000000000000000e+02	3.000000000000000000e+05	6.278199174998511722e+01
3.010000000000000000e+02	3.010000000000000000e+05	6.295286113781944692e+01
3.020000000000000000e+02	3.020000000000000000e+05	6.302488266307127418e+01
3.030000000000000000e+02	3.030000000000000000e+05	6.335874698884490641e+01
3.040000000000000000e+02	3.040000000000000000e+05	6.336087640429906287e+01
3.050000000000000000e+02	3.050000000000000000e+05	6.391965137051614221e+01
3.060000000000000000e+02	3.060000000000000000e+05	6.418376975817821517e+01
3.070000000000000000e+02	3.070000000000000000e+05	6.429318925041359023e+01
3.080000000000000000e+02	3.080000000000000000e+05	6.448190995667837910e+01
3.090000000000000000e+02	3.090000000000000000e+05	6.469584817156759016e+01
3.100000000000000000e+02	3.100000000000000000e+05	6.484420581096227920e+01
3.110000000000000000e+02	3.110000000000000000e+05	6.496138950952176572e+01
3.120000000000000000e+02	3.120000000000000000e+05	6.501205033651687870e+01
3.130000000000000000e+02	3.130000000000000000e+05	6.521929499749280978e+01
3.140000000000000000e+02	3.140000000000000000e+05	6.536973582859559428e+01
3.150000000000000000e+02	3.150000000000000000e+05	6.579676777300323920e+01
3.160000000000000000e+02	3.160000000000000000e+05	6.597405166118194586e+01
3.170000000000000000e+02	3.170000000000000000e+05	6.622122741452307082e+01
3.180000000000000000e+02	3.180000000000000000e+05	6.626158045288545395e+01
3.190000000000000000e+02	3.190000000000000000e+05	6.620220128912568214e+01
3.200000000000000000e+02	3.200000000000000000e+05	6.617072149457540320e+01
3.210000000000000000e+02	3.210000000000000000e+05	6.622091896242160658e+01
3.220000000000000000e+02	3.220000000000000000e+05	6.628810056754899449e+01
3.230000000000000000e+02	3.230000000000000000e+05	6.655153425902155107e+01
3.240000000000000000e+02	3.240000000000000000e+05	6.674263726516814188e+01
3.250000000000000000e+02	3.250000000000000000e+05	6.690248786258732139e+01
3.260000000000000000e+02	3.260000000000000000e+05	6.705136486684985186e+01
3.270000000000000000e+02	3.270000000000000000e+05	6.730248166711027125e+01
3.280000000000000000e+02	3.280000000000000000e+05	6.763985141680049651e+01
3.290000000000000000e+02	3.290000000000000000e+05	6.756918324222289129e+01
3.300000000000000000e+02	3.300000000000000000e+05	6.775567730217014173e+01
3.310000000000000000e+02	3.310000000000000000e+05	6.783730588215952650e+01
3.320000000000000000e+02	3.320000000000000000e+05	6.787985722662521937e+01
3.330000000000000000e+02	3.330000000000000000e+05	6.795603001923167596e+01
3.340000000000000000e+02	3.340000000000000000e+05	6.805977981269495558e+01
3.350000000000000000e+02	3.350000000000000000e+05	6.820739595738263006e+01
3.360000000000000000e+02	3.360000000000000000e+05	6.849045630328171796e+01
3.370000000000000000e+02	3.370000000000000000e+05	6.876056697235283366e+01
3.380000000000000000e+02	3.380000000000000000e+05	6.892172424758297211e+01
3.390000000000000000e+02	3.390000000000000000e+05	6.892976230629801648e+01
3.400000000000000000e+02	3.400000000000000000e+05	6.913230829662423105e+01
3.410000000000000000e+02	3.410000000000000000e+05	6.939179874439423656e+01
3.420000000000000000e+02	3.420000000000000000e+05	6.977408016984625760e+01
3.430000000000000000e+02	3.430000000000000000e+05	7.006364699586026745e+01
3.440000000000000000e+02	3.440000000000000000e+05	7.027700375722147896e+01
3.450000000000000000e+02	3.450000000000000000e+05	7.036829938562435416e+01
3.460000000000000000e+02	3.460000000000000000e+05	7.043641023233442411e+01
3.470000000000000000e+02	3.470000000000000000e+05	7.029558848117518721e+01
3.480000000000000000e+02	3.480000000000000000e+05	7.053508715979423016e+01
3.490000000000000000e+02	3.490000000000000000e+05	7.073195473701326819e+01
3.500000000000000000e+02	3.500000000000000000e+05	7.053890810215675344e+01
3.510000000000000000e+02	3.510000000000000000e+05	7.064643583266493465e+01
3.520000000000000000e+02	3.520000000000000000e+05	7.091571415722850702e+01
3.530000000000000000e+02	3.530000000000000000e+05	7.128448163627180634e+01
3.540000000000000000e+02	3.540000000000000000e+05	7.151285263559543637e+01
3.550000000000000000e+02	3.550000000000000000e+05	7.182663700925103001e+01
3.560000000000000000e+02	3.560000000000000000e+05	7.177579113283164247e+01
3.570000000000000000e+02	3.570000000000000000e+05	7.188997370286094224e+01
3.580000000000000000e+02	3.580000000000000000e+05	7.191721952913906080e+01
3.590000000000000000e+02	3.590000000000000000e+05	7.179663701473320714e+01
3.600000000000000000e+02	3.600000000000000000e+05	7.205328729682508992e+01
3.610000000000000000e+02	3.610000000000000000e+05	7.240186083834852582e+01
3.620000000000000000e+02	3.620000000000000000e+05	7.265884477507177053e+01
3.630000000000000000e+02	3.630000000000000000e+05	7.265023006708395314e+01
3.640000000000000000e+02	3.640000000000000000e+05	7.293420322403791545e+01
3.650000000000000000e+02	3.650000000000000000e+05	7.319040221806957902e+01
3.660000000000000000e+02	3.660000000000000000e+05	7.346610865241981969e+01
3.670000000000000000e+02	3.670000000000000000e+05	7.345840505401304199e+01
3.680000000000000000e+02	3.680000000000000000e+05	7.342267945822948150e+01
3.690000000000000000e+02	3.690000000000000000e+05	7.342180424682972273e+01
3.700000000000000000e+02	3.700000000000000000e+05	7.364670911858743807e+01
3.710000000000000000e+02	3.710000000000000000e+05	7.355334219303742316e+01
3.720000000000000000e+02	3.720000000000000000e+05	7.379505266457475443e+01
3.730000000000000000e+02	3.730000000000000000e+05	7.408182925457691681e+01
3.740000000000000000e+02	3.740000000000000000e+05	7.423790653691202124e+01
3.750000000000000000e+02	3.750000000000000000e+05	7.436805463694626894e+01
3.760000000000000000e+02	3.760000000000000000e+05	7.496745440258939652e+01
3.770000000000000000e+02	3.770000000000000000e+05	7.524933499609544185e+01
3.780000000000000000e+02	3.780000000000000000e+05	7.530890022648401327e+01
3.790000000000000000e+02	3.790000000000000000e+05	7.518066113978431986e+01
3.800000000000000000e+02	3.800000000000000000e+05	7.537204415445302175e+01
3.810000000000000000e+02	3.810000000000000000e+05	7.555480201454294331e+01
3.820000000000000000e+02	3.820000000000000000e+05	7.593419173509143150e+01
3.830000000000000000e+02	3.830000000000000000e+05	7.586141842971882454e+01
3.840000000000000000e+02	3.840000000000000000e+05	7.604817006100381604e+01
3.850000000000000000e+02	3.850000000000000000e+05	7.622705799322828568e+01
3.860000000000000000e+02	3.860000000000000000e+05	7.617857392428159358e+01
3.870000000000000000e+02	3.870000000000000000e+05	7.648594223898614075e+01
3.880000000000000000e+02	3.880000000000000000e+05	7.675440121221849665e+01
3.890000000000000000e+02	3.890000000000000000e+05	7.682325697883435112e+01
3.900000000000000000e+02	3.900000000000000000e+05	7.707881971811680444e+01
3.910000000000000000e+02	3.910000000000000000e+05	7.735576681300456414e+01
3.920000000000000000e+02	3.920000000000000000e+05	7.729105178414943111e+01
3.930000000000000000e+02	3.930000000000000000e+05	7.720363590372373608e+01
3.940000000000000000e+02	3.940000000000000000e+05	7.742325516432970289e+01
3.950000000000000000e+02	3.950000000000000000e+05	7.762053954390452759e+01
3.960000000000000000e+02	3.960000000000000000e+05	7.770748378698401382e+01
3.970000000000000000e+02	3.970000000000000000e+05	7.781916474986650201e+01
3.980000000000000000e+02	3.980000000000000000e+05	7.795681857289076788e+01
3.990000000000000000e+02	3.990000000000000000e+05	7.802492880238494877e+01
4.000000000000000000e+02	4.000000000000000000e+05	7.798766444038436418e+01
4.010000000000000000e+02	4.010000000000000000e+05	7.825642841311299946e+01
4.020000000000000000e+02	4.020000000000000000e+05	7.819872592058334249e+01
4.030000000000000000e+02	4.030000000000000000e+05	7.845000451518387763e+01
4.040000000000000000e+02	4.040000000000000000e+05	7.873863158220272851e+01
4.050000000000000000e+02	4.050000000000000000e+05	7.875479361570393166e+01
4.060000000000000000e+02	4.060000000000000000e+05	7.863912324421299616e+01
4.070000000000000000e+02	4.070000000000000000e+05	7.877500199180525442e+01
4.080000000000000000e+02	4.080000000000000000e+05	7.903320998374208273e+01
4.090000000000000000e+02	4.090000000000000000e+05	7.922056436172915994e+01
4.100000000000000000e+02	4.100000000000000000e+05	7.943309233147628845e+01
4.110000000000000000e+02	4.110000000000000000e+05	7.960235152378565715e+01
4.120000000000000000e+02	4.120000000000000000e+05	7.949799125808550571e+01
4.130000000000000000e+02	4.130000000000000000e+05	7.985981703637885687e+01
4.140000000000000000e+02	4.140000000000000000e+05	7.992306298206533199e+01
4.150000000000000000e+02	4.150000000000000000e+05	8.016182967570873075e+01
4.160000000000000000e+02	4.160000000000000000e+05	8.014146129517899908e+01
4.170000000000000000e+02	4.170000000000000000e+05	8.035338088776137511e+01
4.180000000000000000e+02	4.180000000000000000e+05	8.063543351619223643e+01
4.190000000000000000e+02	4.190000000000000000e+05	8.087758934654252130e+01
4.200000000000000000e+02	4.200000000000000000e+05	8.098784325086388947e+01
4.210000000000000000e+02	4.210000000000000000e+05	8.132895215544563428e+01
4.220000000000000000e+02	4.220000000000000000e+05	8.133000876296442527e+01
4.230000000000000000e+02	4.230000000000000000e+05	8.155350480295719251e+01
4.240000000000000000e+02	4.240000000000000000e+05	8.165825336508856935e+01
4.250000000000000000e+02	4.250000000000000000e+05	8.188247470239322467e+01
4.260000000000000000e+02	4.260000000000000000e+05	8.194671421717879412e+01
4.270000000000000000e+02	4.270000000000000000e+05	8.208218044501707311e+01
4.280000000000000000e+02	4.280000000000000000e+05	8.197666036236900311e+01
4.290000000000000000e+02	4.290000000000000000e+05	8.222427333606256639e+01
4.300000000000000000e+02	4.300000000000000000e+05	8.248690760579098935e+01
4.310000000000000000e+02	4.310000000000000000e+05	8.252531433177971110e+01
4.320000000000000000e+02	4.320000000000000000e+05	8.262714178217240146e+01
4.330000000000000000e+02	4.330000000000000000e+05	8.267506367879556706e+01
4.340000000000000000e+02	4.340000000000000000e+05	8.307415281901495518e+01
4.350000000000000000e+02	4.350000000000000000e+05	8.322642693270603331e+01
4.360000000000000000e+02	4.360000000000000000e+05	8.350991452344622701e+01
4.370000000000000000e+02	4.370000000000000000e+05	8.357912985883784529e+01
4.380000000000000000e+02	4.380000000000000000e+05	8.377470135250975147e+01
4.390000000000000000e+02	4.390000000000000000e+05	8.392510331395604339e+01
4.400000000000000000e+02	4.400000000000000000e+05	8.427025674146734957e+01
4.410000000000000000e+02	4.410000000000000000e+05	8.431053067128713963e+01
4.420000000000000000e+02	4.420000000000000000e+05	8.403240829112249344e+01
4.430000000000000000e+02	4.430000000000000000e+05	8.415486251476896484e+01
4.440000000000000000e+02	4.440000000000000000e+05	8.433432704909724009e+01
4.450000000000000000e+02	4.450000000000000000e+05	8.442097505974361127e+01
4.460000000000000000e+02	4.460000000000000000e+05	8.452311969372576073e+01
4.470000000000000000e+02	4.470000000000000000e+05	8.475535231895344168e+01
4.480000000000000000e+02	4.480000000000000000e+05	8.479938197960323976e+01
4.490000000000000000e+02	4.490000000000000000e+05	8.492218352150405281e+01
4.500000000000000000e+02	4.500000000000000000e+05	8.500445141058889931e+01
4.510000000000000000e+02	4.510000000000000000e+05	8.529936023674136436e+01
4.520000000000000000e+02	4.520000000000000000e+05	8.534942906778834981e+01
4.530000000000000000e+02	4.530000000000000000e+05	8.547207022458188419e+01
4.540000000000000000e+02	4.540000000000000000e+05	8.561421599579720976e+01
4.550000000000000000e+02	4.550000000000000000e+05	8.604853918391199841e+01
4.560000000000000000e+02	4.560000000000000000e+05	8.631954515798382488e+01
4.570000000000000000e+02	4.570000000000000000e+05	8.654450747450398751e+01
4.580000000000000000e+02	4.580000000000000000e+05	8.690009407387083229e+01
4.590000000000000000e+02	4.590000000000000000e+05	8.729792511699660906e+01
4.600000000000000000e+02	4.600000000000000000e+05	8.743111735321652134e+01
4.610000000000000000e+02	4.610000000000000000e+05	8.761927693243869442e+01
4.620000000000000000e+02	4.620000000000000000e+05	8.770680479561100640e+01
4.630000000000000000e+02	4.630000000000000000e+05	8.784456123574504716e+01
4.640000000000000000e+02	4.640000000000000000e+05	8.808067890449385118e+01
4.650000000000000000e+02	4.650000000000000000e+05	8.813947005387764477e+01
4.660000000000000000e+02	4.660000000000000000e+05	8.851759503674428231e+01
4.670000000000000000e+02	4.670000000000000000e+05	8.868249271683491486e+01
4.680000000000000000e+02	4.680000000000000000e+05	8.869119513232706709e+01
4.690000000000000000e+02	4.690000000000000000e+05	8.897811873774300295e+01
4.700000000000000000e+02	4.700000000000000000e+05	8.927697799306494630e+01
4.710000000000000000e+02	4.710000000000000000e+05	8.930209590763890048e+01
4.720000000000000000e+02	4.720000000000000000e+05	8.913140245014848517e+01
4.730000000000000000e+02	4.730000000000000000e+05	8.960521917312365758e+01
4.740000000000000000e+02	4.740000000000000000e+05	8.984567331955655334e+01
4.750000000000000000e+02	4.750000000000000000e+05	8.994778122468242998e+01
4.760000000000000000e+02	4.760000000000000000e+05	9.020628025675426898e+01
4.770000000000000000e+02	4.770000000000000000e+05	9.046320879095203793e+01
4.780000000000000000e+02	4.780000000000000000e+05	9.036892958451213076e+01
4.790000000000000000e+02	4.790000000000000000e+05	9.053927302817947975e+01
4.800000000000000000e+02	4.800000000000000000e+05	9.073273777355004199e+01
4.810000000000000000e+02	4.810000000000000000e+05	9.072367280767686282e+01
4.820000000000000000e+02	4.820000000000000000e+05	9.095837138987447190e+01
4.830000000000000000e+02	4.830000000000000000e+05	9.097179429004071949e+01
4.840000000000000000e+02	4.840000000000000000e+05	9.133905941315381938e+01
4.850000000000000000e+02	4.850000000000000000e+05	9.150931780617042932e+01
4.860000000000000000e+02	4.860000000000000000e+05	9.163517844092088183e+01
4.870000000000000000e+02	4.870000000000000000e+05	9.187852464007177389e+01
4.880000000000000000e+02	4.880000000000000000e+05	9.186924585368971918e+01
4.890000000000000000e+02	4.890000000000000000e+05	9.197804451593044917e+01
4.900000000000000000e+02	4.900000000000000000e+05	9.226520118920410596e+01
4.910000000000000000e+02	4.910000000000000000e+05	9.251428222657283129e+01
4.920000000000000000e+02	4.920000000000000000e+05	9.254668230848093913e+01
4.930000000000000000e+02	4.930000000000000000e+05	9.273253573234519820e+01
4.940000000000000000e+02	4.940000000000000000e+05	9.284432189100989774e+01
4.950000000000000000e+02	4.950000000000000000e+05	9.310826946829260464e+01
4.960000000000000000e+02	4.960000000000000000e+05	9.312318718544051421e+01
4.970000000000000000e+02	4.970000000000000000e+05	9.317044215879059266e+01
4.980000000000000000e+02	4.980000000000000000e+05	9.315505311698412072e+01
4.990000000000000000e+02	4.990000000000000000e+05	9.336029867324748466e+01
5.000000000000000000e+02	5.000000000000000000e+05	9.352047377162486441e+01
5.010000000000000000e+02	5.010000000000000000e+05	9.338593886155567247e+01
5.020000000000000000e+02	5.020000000000000000e+05	9.338779311903323332e+01
5.030000000000000000e+02	5.030000000000000000e+05	9.321116623590951633e+01
5.040000000000000000e+02	5.040000000000000000e+05	9.314913000849264790e+01
5.050000000000000000e+02	5.050000000000000000e+05	9.307220112808860790e+01
5.060000000000000000e+02	5.060000000000000000e+05	9.286294750100456952e+01
5.070000000000000000e+02	5.070000000000000000e+05	9.290114318647259495e+01
5.080000000000000000e+02	5.080000000000000000e+05	9.305327584580493294e+01
5.090000000000000000e+02	5.090000000000000000e+05	9.317997380766558990e+01
5.100000000000000000e+02	5.100000000000000000e+05	9.339601655302180916e+01
5.110000000000000000e+02	5.110000000000000000e+05	9.363306995499260665e+01
5.120000000000000000e+02	5.120000000000000000e+05	9.379994646509486245e+01
5.130000000000000000e+02	5.130000000000000000e+05	9.372835291200115648e+01
5.140000000000000000e+02	5.140000000000000000e+05	9.387321748950682831e+01
5.150000000000000000e+02	5.150000000000000000e+05	9.415567387078189654e+01
5.160000000000000000e+02	5.160000000000000000e+05	9.460191340553991779e+01
5.170000000000000000e+02	5.170000000000000000e+05	9.477147540528299885e+01
5.180000000000000000e+02	5.180000000000000000e+05	9.479779356568558057e+01
5.190000000000000000e+02	5.190000000000000000e+05	9.486941132117537734e+01
5.200000000000000000e+02	5.200000000000000000e+05	9.491229496933178211e+01
5.210000000000000000e+02	5.210000000000000000e+05	9.523330277975945535e+01
5.220000000000000000e+02	5.220000000000000000e+05	9.538730395002960449e+01
5.230000000000000000e+02	5.230000000000000000e+05	9.568219057623112178e+01
5.240000000000000000e+02	5.240000000000000000e+05	9.587990461691238409e+01
5.250000000000000000e+02	5.250000000000000000e+05	9.610670268687036355e+01
5.260000000000000000e+02	5.260000000000000000e+05	9.623593745352597750e+01
5.270000000000000000e+02	5.270000000000000000e+05	9.643310157170768093e+01
5.280000000000000000e+02	5.280000000000000000e+05	9.648077461947201527e+01
5.290000000000000000e+02	5.290000000000000000e+05	9.668564942246131011e+01
5.300000000000000000e+02	5.300000000000000000e+05	9.680019740234949666e+01
5.310000000000000000e+02	5.310000000000000000e+05	9.697322977061152471e+01
5.320000000000000000e+02	5.320000000000000000e+05	9.702588252305041294e+01
5.330000000000000000e+02	5.330000000000000000e+05	9.703685929367672713e+01
5.340000000000000000e+02	5.340000000000000000e+05	9.715582131033444568e+01
5.350000000000000000e+02	5.350000000000000000e+05	9.737834444694362901e+01
5.360000000000000000e+02	5.360000000000000000e+05	9.762674641583700463e+01
5.370000000000000000e+02	5.370000000000000000e+05	9.778927546114718439e+01
5.380000000000000000e+02	5.380000000000000000e+05	9.789972862819928423e+01
5.390000000000000000e+02	5.390000000000000000e+05	9.818868000425432285e+01
5.400000000000000000e+02	5.400000000000000000e+05	9.821189481239427721e+01
5.410000000000000000e+02	5.410000000000000000e+05	9.831644081695615967e+01
5.420000000000000000e+02	5.420000000000000000e+05	9.845029006721539133e+01
5.430000000000000000e+02	5.430000000000000000e+05	9.865654051758156129e+01
5.440000000000000000e+02	5.440000000000000000e+05	9.877103292565875847e+01
5.450000000000000000e+02	5.450000000000000000e+05	9.917231360827514663e+01
5.460000000000000000e+02	5.460000000000000000e+05	9.934687118064864819e+01
5.470000000000000000e+02	5.470000000000000000e+05	9.953627270054930420e+01
5.480000000000000000e+02	5.480000000000000000e+05	9.956998234798840031e+01
5.490000000000000000e+02	5.490000000000000000e+05	9.968935380004973013e+01
5.500000000000000000e+02	5.500000000000000000e+05	9.992423128808221122e+01
5.510000000000000000e+02	5.510000000000000000e+05	1.000942107373546719e+02
5.520000000000000000e+02	5.520000000000000000e+05	1.001566203925755332e+02
5.530000000000000000e+02	5.530000000000000000e+05	1.003990734589779663e+02
5.540000000000000000e+02	5.540000000000000000e+05	1.007323452402475397e+02
