0.000000000000000000e+00	0.000000000000000000e+00	2.167695319937305141e-06
1.000000000000000000e+00	1.000000000000000000e+03	2.180510416918879368e+00
2.000000000000000000e+00	2.000000000000000000e+03	3.539854238701107381e+00
3.000000000000000000e+00	3.000000000000000000e+03	4.458278939413069963e+00
4.000000000000000000e+00	4.000000000000000000e+03	5.337663203929109201e+00
5.000000000000000000e+00	5.000000000000000000e+03	6.187583028582329447e+00
6.000000000000000000e+00	6.000000000000000000e+03	6.998104604093349224e+00
7.000000000000000000e+00	7.000000000000000000e+03	7.708206210288553351e+00
8.000000000000000000e+00	8.000000000000000000e+03	8.263348349213616828e+00
9.000000000000000000e+00	9.000000000000000000e+03	8.593476492349314100e+00
1.000000000000000000e+01	1.000000000000000000e+04	8.941368365207688740e+00
1.100000000000000000e+01	1.100000000000000000e+04	9.232985259791441024e+00
1.200000000000000000e+01	1.200000000000000000e+04	9.615407540125673336e+00
1.300000000000000000e+01	1.300000000000000000e+04	1.001659884858761096e+01
1.400000000000000000e+01	1.400000000000000000e+04	1.034088744077084954e+01
1.500000000000000000e+01	1.500000000000000000e+04	1.046807705409129596e+01
1.600000000000000000e+01	1.600000000000000000e+04	1.097341289715503976e+01
1.700000000000000000e+01	1.700000000000000000e+04	1.138642017712570720e+01
1.800000000000000000e+01	1.800000000000000000e+04	1.158139476517242628e+01
1.900000000000000000e+01	1.900000000000000000e+04	1.185081707398808604e+01
2.000000000000000000e+01	2.000000000000000000e+04	1.186524472634022231e+01
2.100000000000000000e+01	2.100000000000000000e+04	1.209392039665620011e+01
2.200000000000000000e+01	2.200000000000000000e+04	1.231660532115630602e+01
2.300000000000000000e+01	2.300000000000000000e+04	1.257853221644280062e+01
2.400000000000000000e+01	2.400000000000000000e+04	1.296102400579471059e+01
2.500000000000000000e+01	2.500000000000000000e+04	1.311148082232553591e+01
2.600000000000000000e+01	2.600000000000000000e+04	1.317331429984710844e+01
2.700000000000000000e+01	2.700000000000000000e+04	1.335792026804965360e+01
2.800000000000000000e+01	2.800000000000000000e+04	1.339874485593311881e+01
2.900000000000000000e+01	2.900000000000000000e+04	1.342958001507033039e+01
3.000000000000000000e+01	3.000000000000000000e+04	1.335651883492950809e+01
3.100000000000000000e+01	3.100000000000000000e+04	1.369986590791744518e+01
3.200000000000000000e+01	3.200000000000000000e+04	1.393586354885866818e+01
3.300000000000000000e+01	3.300000000000000000e+04	1.422381400985625000e+01
3.400000000000000000e+01	3.400000000000000000e+04	1.433107490425985731e+01
3.500000000000000000e+01	3.500000000000000000e+04	1.434469793196806719e+01
3.600000000000000000e+01	3.600000000000000000e+04	1.455330601812687696e+01
3.700000000000000000e+01	3.700000000000000000e+04	1.468553590518718366e+01
3.800000000000000000e+01	3.800000000000000000e+04	1.450341422011741521e+01
3.900000000000000000e+01	3.900000000000000000e+04	1.488840515297940392e+01
4.000000000000000000e+01	4.000000000000000000e+04	1.492580906018848097e+01
4.100000000000000000e+01	4.100000000000000000e+04	1.497482617268188143e+01
4.200000000000000000e+01	4.200000000000000000e+04	1.534745884912365277e+01
4.300000000000000000e+01	4.300000000000000000e+04	1.575381881730310774e+01
4.400000000000000000e+01	4.400000000000000000e+04	1.599613978249735524e+01
4.500000000000000000e+01	4.500000000000000000e+04	1.626141180656615148e+01
4.600000000000000000e+01	4.600000000000000000e+04	1.640559755527206676e+01
4.700000000000000000e+01	4.700000000000000000e+04	1.659577533016989648e+01
4.800000000000000000e+01	4.800000000000000000e+04	1.673552122669370945e+01
4.900000000000000000e+01	4.900000000000000000e+04	1.705224767872603309e+01
5.000000000000000000e+01	5.000000000000000000e+04	1.709569013836449614e+01
5.100000000000000000e+01	5.100000000000000000e+04	1.717037076805690532e+01
5.200000000000000000e+01	5.200000000000000000e+04	1.752349153631679712e+01
5.300000000000000000e+01	5.300000000000000000e+04	1.765812771938519177e+01
5.400000000000000000e+01	5.400000000000000000e+04	1.775390415056439863e+01
5.500000000000000000e+01	5.500000000000000000e+04	1.812677636039104456e+01
5.600000000000000000e+01	5.600000000000000000e+04	1.834235557518070792e+01
5.700000000000000000e+01	5.700000000000000000e+04	1.823891837668609739e+01
5.800000000000000000e+01	5.800000000000000000e+04	1.819874249201515326e+01
5.900000000000000000e+01	5.900000000000000000e+04	1.828916289450620170e+01
6.000000000000000000e+01	6.000000000000000000e+04	1.847962093520692051e+01
6.100000000000000000e+01	6.100000000000000000e+04	1.849282609564683000e+01
6.200000000000000000e+01	6.200000000000000000e+04	1.845468778469509985e+01
6.300000000000000000e+01	6.300000000000000000e+04	1.855336152012026218e+01
6.400000000000000000e+01	6.400000000000000000e+04	1.865063662133563938e+01
6.500000000000000000e+01	6.500000000000000000e+04	1.875088082528242595e+01
6.600000000000000000e+01	6.600000000000000000e+04	1.898004407535821159e+01
6.700000000000000000e+01	6.700000000000000000e+04	1.905724530113696602e+01
6.800000000000000000e+01	6.800000000000000000e+04	1.918237294237273716e+01
6.900000000000000000e+01	6.900000000000000000e+04	1.903626576639947032e+01
7.000000000000000000e+01	7.000000000000000000e+04	1.925758777897868868e+01
7.100000000000000000e+01	7.100000000000000000e+04	1.944352457576118454e+01
7.200000000000000000e+01	7.200000000000000000e+04	1.967310714844886732e+01
7.300000000000000000e+01	7.300000000000000000e+04	1.978923379510449365e+01
7.400000000000000000e+01	7.400000000000000000e+04	1.989543487802961508e+01
7.500000000000000000e+01	7.500000000000000000e+04	1.973511286036455203e+01
7.600000000000000000e+01	7.600000000000000000e+04	2.010109809595629571e+01
7.700000000000000000e+01	7.700000000000000000e+04	2.032666567684287173e+01
7.800000000000000000e+01	7.800000000000000000e+04	2.042034140195708147e+01
7.900000000000000000e+01	7.900000000000000000e+04	2.062581124589659609e+01
8.000000000000000000e+01	8.000000000000000000e+04	2.068284074628767755e+01
8.100000000000000000e+01	8.100000000000000000e+04	2.085091978650699573e+01
8.200000000000000000e+01	8.200000000000000000e+04	2.083026955036480743e+01
8.300000000000000000e+01	8.300000000000000000e+04	2.096208890833186445e+01
8.400000000000000000e+01	8.400000000000000000e+04	2.117768785412543053e+01
8.500000000000000000e+01	8.500000000000000000e+04	2.122297127891889090e+01
8.600000000000000000e+01	8.600000000000000000e+04	2.126340009836885869e+01
8.700000000000000000e+01	8.700000000000000000e+04	2.117213810203083568e+01
8.800000000000000000e+01	8.800000000000000000e+04	2.116724971911745001e+01
8.900000000000000000e+01	8.900000000000000000e+04	2.133581545448742034e+01
9.000000000000000000e+01	9.000000000000000000e+04	2.132253650115602994e+01
9.100000000000000000e+01	9.100000000000000000e+04	2.148958422857614181e+01
9.200000000000000000e+01	9.200000000000000000e+04	2.185723199826394492e+01
9.300000000000000000e+01	9.300000000000000000e+04	2.202648597062252733e+01
9.400000000000000000e+01	9.400000000000000000e+04	2.209660468110561737e+01
9.500000000000000000e+01	9.500000000000000000e+04	2.215946721208859316e+01
9.600000000000000000e+01	9.600000000000000000e+04	2.238256088234033570e+01
9.700000000000000000e+01	9.700000000000000000e+04	2.238818921727557054e+01
9.800000000000000000e+01	9.800000000000000000e+04	2.238418092576162266e+01
9.900000000000000000e+01	9.900000000000000000e+04	2.234801693889177088e+01
1.000000000000000000e+02	1.000000000000000000e+05	2.255797947294153971e+01
1.010000000000000000e+02	1.010000000000000000e+05	2.270546327436628431e+01
1.020000000000000000e+02	1.020000000000000000e+05	2.297321961839427473e+01
1.030000000000000000e+02	1.030000000000000000e+05	2.314847224424129735e+01
1.040000000000000000e+02	1.040000000000000000e+05	2.334600961297605792e+01
1.050000000000000000e+02	1.050000000000000000e+05	2.355573264880831275e+01
1.060000000000000000e+02	1.060000000000000000e+05	2.372109549928283556e+01
1.070000000000000000e+02	1.070000000000000000e+05	2.413220544008921564e+01
1.080000000000000000e+02	1.080000000000000000e+05	2.445185430508551860e+01
1.090000000000000000e+02	1.090000000000000000e+05	2.474582706528870446e+01
1.100000000000000000e+02	1.100000000000000000e+05	2.497828401853266200e+01
1.110000000000000000e+02	1.110000000000000000e+05	2.532441944619651863e+01
1.120000000000000000e+02	1.120000000000000000e+05	2.556510508178820018e+01
1.130000000000000000e+02	1.130000000000000000e+05	2.580608628511058100e+01
1.140000000000000000e+02	1.140000000000000000e+05	2.616365481224035960e+01
1.150000000000000000e+02	1.150000000000000000e+05	2.631099324392645400e+01
1.160000000000000000e+02	1.160000000000000000e+05	2.640052280992271605e+01
1.170000000000000000e+02	1.170000000000000000e+05	2.648458553805361859e+01
1.180000000000000000e+02	1.180000000000000000e+05	2.687373661081877074e+01
1.190000000000000000e+02	1.190000000000000000e+05	2.718384538068801959e+01
1.200000000000000000e+02	1.200000000000000000e+05	2.734765040065218855e+01
1.210000000000000000e+02	1.210000000000000000e+05	2.770327380915802706e+01
1.220000000000000000e+02	1.220000000000000000e+05	2.779950910348824777e+01
1.230000000000000000e+02	1.230000000000000000e+05	2.806817500579832370e+01
1.240000000000000000e+02	1.240000000000000000e+05	2.812619093255039360e+01
1.250000000000000000e+02	1.250000000000000000e+05	2.818265397094015512e+01
1.260000000000000000e+02	1.260000000000000000e+05	2.816862576379007166e+01
1.270000000000000000e+02	1.270000000000000000e+05	2.834392693163396970e+01
1.280000000000000000e+02	1.280000000000000000e+05	2.847277920749637303e+01
1.290000000000000000e+02	1.290000000000000000e+05	2.859710390003435876e+01
1.300000000000000000e+02	1.300000000000000000e+05	2.882369160873085434e+01
1.310000000000000000e+02	1.310000000000000000e+05	2.917192008123988245e+01
1.320000000000000000e+02	1.320000000000000000e+05	2.937424874666568542e+01
1.330000000000000000e+02	1.330000000000000000e+05	2.938263476484650383e+01
1.340000000000000000e+02	1.340000000000000000e+05	2.950329177539065029e+01
1.350000000000000000e+02	1.350000000000000000e+05	2.967143620890072953e+01
1.360000000000000000e+02	1.360000000000000000e+05	2.988491971150054027e+01
1.370000000000000000e+02	1.370000000000000000e+05	2.978332309490305363e+01
1.380000000000000000e+02	1.380000000000000000e+05	2.990715223555520552e+01
1.390000000000000000e+02	1.390000000000000000e+05	3.013415776725363315e+01
1.400000000000000000e+02	1.400000000000000000e+05	3.019652396904470137e+01
1.410000000000000000e+02	1.410000000000000000e+05	3.026384699583489990e+01
1.420000000000000000e+02	1.420000000000000000e+05	3.033654052422980030e+01
1.430000000000000000e+02	1.430000000000000000e+05	3.044189634879785089e+01
1.440000000000000000e+02	1.440000000000000000e+05	3.049032763246506050e+01
1.450000000000000000e+02	1.450000000000000000e+05	3.072459856860737659e+01
1.460000000000000000e+02	1.460000000000000000e+05	3.095327307366549618e+01
1.470000000000000000e+02	1.470000000000000000e+05	3.109558308276912797e+01
1.480000000000000000e+02	1.480000000000000000e+05	3.106623891017602190e+01
1.490000000000000000e+02	1.490000000000000000e+05	3.110120712526943620e+01
1.500000000000000000e+02	1.500000000000000000e+05	3.137526714102159175e+01
1.510000000000000000e+02	1.510000000000000000e+05	3.161994376092949821e+01
1.520000000000000000e+02	1.520000000000000000e+05	3.165451937095246393e+01
1.530000000000000000e+02	1.530000000000000000e+05	3.183630683961868257e+01
1.540000000000000000e+02	1.540000000000000000e+05	3.204950314373281373e+01
1.550000000000000000e+02	1.550000000000000000e+05	3.235902234999456084e+01
1.560000000000000000e+02	1.560000000000000000e+05	3.247582237856219933e+01
1.570000000000000000e+02	1.570000000000000000e+05	3.257904426741470161e+01
1.580000000000000000e+02	1.580000000000000000e+05	3.270309158849867259e+01
1.590000000000000000e+02	1.590000000000000000e+05	3.276509404801674208e+01
1.600000000000000000e+02	1.600000000000000000e+05	3.262526558147705913e+01
1.610000000000000000e+02	1.610000000000000000e+05	3.268909270033981329e+01
1.620000000000000000e+02	1.620000000000000000e+05	3.270901657009117969e+01
1.630000000000000000e+02	1.630000000000000000e+05	3.276901312537031430e+01
1.640000000000000000e+02	1.640000000000000000e+05	3.277627703161281403e+01
1.650000000000000000e+02	1.650000000000000000e+05	3.273795697829709184e+01
1.660000000000000000e+02	1.660000000000000000e+05	3.272799115514362711e+01
1.670000000000000000e+02	1.670000000000000000e+05	3.267348413874811541e+01
1.680000000000000000e+02	1.680000000000000000e+05	3.267535857590033288e+01
1.690000000000000000e+02	1.690000000000000000e+05	3.278288777665778042e+01
1.700000000000000000e+02	1.700000000000000000e+05	3.275017228698462901e+01
1.710000000000000000e+02	1.710000000000000000e+05	3.288300628439558437e+01
1.720000000000000000e+02	1.720000000000000000e+05	3.308263914309205234e+01
1.730000000000000000e+02	1.730000000000000000e+05	3.300715904718270366e+01
1.740000000000000000e+02	1.740000000000000000e+05	3.317731562675015056e+01
1.750000000000000000e+02	1.750000000000000000e+05	3.315290429445034448e+01
1.760000000000000000e+02	1.760000000000000000e+05	3.320231071622200147e+01
1.770000000000000000e+02	1.770000000000000000e+05	3.315531888680677497e+01
1.780000000000000000e+02	1.780000000000000000e+05	3.327024545707310210e+01
1.790000000000000000e+02	1.790000000000000000e+05	3.358861936934638237e+01
1.800000000000000000e+02	1.800000000000000000e+05	3.382133837614993155e+01
1.810000000000000000e+02	1.810000000000000000e+05	3.401788047117535996e+01
1.820000000000000000e+02	1.820000000000000000e+05	3.410126375324793457e+01
1.830000000000000000e+02	1.830000000000000000e+05	3.419918627245561993e+01
1.840000000000000000e+02	1.840000000000000000e+05	3.424851172531432297e+01
1.850000000000000000e+02	1.850000000000000000e+05	3.454402212980747322e+01
1.860000000000000000e+02	1.860000000000000000e+05	3.471590846566282096e+01
1.870000000000000000e+02	1.870000000000000000e+05	3.499702698686419211e+01
1.880000000000000000e+02	1.880000000000000000e+05	3.507332444346994293e+01
1.890000000000000000e+02	1.890000000000000000e+05	3.520731974320938917e+01
1.900000000000000000e+02	1.900000000000000000e+05	3.536366991519144420e+01
1.910000000000000000e+02	1.910000000000000000e+05	3.541270752486948936e+01
1.920000000000000000e+02	1.920000000000000000e+05	3.548399697762786076e+01
1.930000000000000000e+02	1.930000000000000000e+05	3.549422980328988331e+01
1.940000000000000000e+02	1.940000000000000000e+05	3.565552951110959867e+01
1.950000000000000000e+02	1.950000000000000000e+05	3.581563389396000474e+01
1.960000000000000000e+02	1.960000000000000000e+05	3.590516930758210634e+01
1.970000000000000000e+02	1.970000000000000000e+05	3.588949330996405962e+01
1.980000000000000000e+02	1.980000000000000000e+05	3.597506577362088365e+01
1.990000000000000000e+02	1.990000000000000000e+05	3.623430446977711483e+01
2.000000000000000000e+02	2.000000000000000000e+05	3.616332204049371768e+01
2.010000000000000000e+02	2.010000000000000000e+05	3.627493056003744698e+01
2.020000000000000000e+02	2.020000000000000000e+05	3.614063440424590823e+01
2.030000000000000000e+02	2.030000000000000000e+05	3.625883517025015124e+01
2.040000000000000000e+02	2.040000000000000000e+05	3.651484575264053944e+01
2.050000000000000000e+02	2.050000000000000000e+05	3.660874664789570687e+01
2.060000000000000000e+02	2.060000000000000000e+05	3.669002241788066954e+01
2.070000000000000000e+02	2.070000000000000000e+05	3.672109434411024864e+01
2.080000000000000000e+02	2.080000000000000000e+05	3.662887951735154246e+01
2.090000000000000000e+02	2.090000000000000000e+05	3.668058777630182732e+01
2.100000000000000000e+02	2.100000000000000000e+05	3.680233458124402546e+01
2.110000000000000000e+02	2.110000000000000000e+05	3.663757212967497878e+01
2.120000000000000000e+02	2.120000000000000000e+05	3.661305256619345982e+01
2.130000000000000000e+02	2.130000000000000000e+05	3.684504314165110372e+01
2.140000000000000000e+02	2.140000000000000000e+05	3.693058774268873634e+01
2.150000000000000000e+02	2.150000000000000000e+05	3.681210439951125579e+01
2.160000000000000000e+02	2.160000000000000000e+05	3.683787873432645199e+01
2.170000000000000000e+02	2.170000000000000000e+05	3.687200181965280166e+01
2.180000000000000000e+02	2.180000000000000000e+05	3.693239609438061422e+01
2.190000000000000000e+02	2.190000000000000000e+05	3.727009296911339931e+01
2.200000000000000000e+02	2.200000000000000000e+05	3.741104258082370393e+01
2.210000000000000000e+02	2.210000000000000000e+05	3.736612828661648678e+01
2.220000000000000000e+02	2.220000000000000000e+05	3.733434205755102653e+01
2.230000000000000000e+02	2.230000000000000000e+05	3.754308199865931783e+01
2.240000000000000000e+02	2.240000000000000000e+05	3.755533843345231304e+01
2.250000000000000000e+02	2.250000000000000000e+05	3.768050782476334604e+01
2.260000000000000000e+02	2.260000000000000000e+05	3.775670463887365713e+01
2.270000000000000000e+02	2.270000000000000000e+05	3.812363258893262241e+01
2.280000000000000000e+02	2.280000000000000000e+05	3.804953579609782111e+01
2.290000000000000000e+02	2.290000000000000000e+05	3.832368635724058947e+01
2.300000000000000000e+02	2.300000000000000000e+05	3.840732922383971015e+01
2.310000000000000000e+02	2.310000000000000000e+05	3.855377310496803744e+01
2.320000000000000000e+02	2.320000000000000000e+05	3.882481413459841235e+01
2.330000000000000000e+02	2.330000000000000000e+05	3.862335026911479474e+01
2.340000000000000000e+02	2.340000000000000000e+05	3.857984559314351714e+01
2.350000000000000000e+02	2.350000000000000000e+05	3.862806639160561417e+01
2.360000000000000000e+02	2.360000000000000000e+05	3.867931171751591535e+01
2.370000000000000000e+02	2.370000000000000000e+05	3.862781176485083279e+01
2.380000000000000000e+02	2.380000000000000000e+05	3.864533553195893489e+01
2.390000000000000000e+02	2.390000000000000000e+05	3.872897820294173243e+01
2.400000000000000000e+02	2.400000000000000000e+05	3.871959361440475789e+01
2.410000000000000000e+02	2.410000000000000000e+05	3.880473438248176166e+01
2.420000000000000000e+02	2.420000000000000000e+05	3.893881780627775413e+01
2.430000000000000000e+02	2.430000000000000000e+05	3.915233708470293550e+01
2.440000000000000000e+02	2.440000000000000000e+05	3.926967429108542262e+01
2.450000000000000000e+02	2.450000000000000000e+05	3.936027155949661704e+01
2.460000000000000000e+02	2.460000000000000000e+05	3.954240542285948834e+01
2.470000000000000000e+02	2.470000000000000000e+05	3.955464783372628546e+01
2.480000000000000000e+02	2.480000000000000000e+05	3.943010879620012332e+01
2.490000000000000000e+02	2.490000000000000000e+05	3.953394105418449556e+01
2.500000000000000000e+02	2.500000000000000000e+05	3.960655885660865749e+01
2.510000000000000000e+02	2.510000000000000000e+05	3.960563432187936428e+01
2.520000000000000000e+02	2.520000000000000000e+05	3.953841232831722152e+01
2.530000000000000000e+02	2.530000000000000000e+05	3.966121702373450830e+01
2.540000000000000000e+02	2.540000000000000000e+05	3.981427301032343280e+01
2.550000000000000000e+02	2.550000000000000000e+05	3.999465836422847786e+01
2.560000000000000000e+02	2.560000000000000000e+05	4.005103974640893227e+01
2.570000000000000000e+02	2.570000000000000000e+05	4.001139781843001941e+01
2.580000000000000000e+02	2.580000000000000000e+05	4.012116920344397641e+01
2.590000000000000000e+02	2.590000000000000000e+05	4.014001863721552610e+01
2.600000000000000000e+02	2.600000000000000000e+05	4.023343100185623911e+01
2.610000000000000000e+02	2.610000000000000000e+05	4.033308067153343757e+01
2.620000000000000000e+02	2.620000000000000000e+05	4.041336954607015741e+01
2.630000000000000000e+02	2.630000000000000000e+05	4.060095503852020471e+01
2.640000000000000000e+02	2.640000000000000000e+05	4.056530200589163115e+01
2.650000000000000000e+02	2.650000000000000000e+05	4.067164429105153545e+01
2.660000000000000000e+02	2.660000000000000000e+05	4.075762688291568736e+01
2.670000000000000000e+02	2.670000000000000000e+05	4.109307994259668817e+01
2.680000000000000000e+02	2.680000000000000000e+05	4.109625113016264208e+01
2.690000000000000000e+02	2.690000000000000000e+05	4.117041641230991900e+01
2.700000000000000000e+02	2.700000000000000000e+05	4.119505387209660796e+01
2.710000000000000000e+02	2.710000000000000000e+05	4.120171075658930704e+01
2.720000000000000000e+02	2.720000000000000000e+05	4.118026091048830040e+01
2.730000000000000000e+02	2.730000000000000000e+05	4.100440227288306971e+01
2.740000000000000000e+02	2.740000000000000000e+05	4.099450950371895885e+01
2.750000000000000000e+02	2.750000000000000000e+05	4.110668762798594145e+01
2.760000000000000000e+02	2.760000000000000000e+05	4.103908832992856048e+01
2.770000000000000000e+02	2.770000000000000000e+05	4.111537110257469152e+01
2.780000000000000000e+02	2.780000000000000000e+05	4.113929755999375004e+01
2.790000000000000000e+02	2.790000000000000000e+05	4.119868176040092322e+01
2.800000000000000000e+02	2.800000000000000000e+05	4.146440180219664029e+01
2.810000000000000000e+02	2.810000000000000000e+05	4.156990211918504485e+01
2.820000000000000000e+02	2.820000000000000000e+05	4.132369863756279926e+01
2.830000000000000000e+02	2.830000000000000000e+05	4.129041569536467193e+01
2.840000000000000000e+02	2.840000000000000000e+05	4.140398662336687607e+01
2.850000000000000000e+02	2.850000000000000000e+05	4.145316379267117668e+01
2.860000000000000000e+02	2.860000000000000000e+05	4.144112618533550574e+01
2.870000000000000000e+02	2.870000000000000000e+05	4.163415693918999239e+01
2.880000000000000000e+02	2.880000000000000000e+05	4.163827276650420117e+01
2.890000000000000000e+02	2.890000000000000000e+05	4.178830073155134528e+01
2.900000000000000000e+02	2.900000000000000000e+05	4.200528041504167476e+01
2.910000000000000000e+02	2.910000000000000000e+05	4.182324071248721964e+01
2.920000000000000000e+02	2.920000000000000000e+05	4.187283245993167213e+01
2.930000000000000000e+02	2.930000000000000000e+05	4.183671103158681603e+01
2.940000000000000000e+02	2.940000000000000000e+05	4.182101351401252032e+01
2.950000000000000000e+02	2.950000000000000000e+05	4.198594408172024828e+01
2.960000000000000000e+02	2.960000000000000000e+05	4.216196549599045795e+01
2.970000000000000000e+02	2.970000000000000000e+05	4.215710880498625812e+01
2.980000000000000000e+02	2.980000000000000000e+05	4.221520761846825565e+01
2.990000000000000000e+02	2.990000000000000000e+05	4.239330913070966034e+01
3.000000000000000000e+02	3.000000000000000000e+05	4.249237548001536169e+01
3.010000000000000000e+02	3.010000000000000000e+05	4.255524101741868748e+01
3.020000000000000000e+02	3.020000000000000000e+05	4.257578252749731718e+01
3.030000000000000000e+02	3.030000000000000000e+05	4.258652021573180235e+01
3.040000000000000000e+02	3.040000000000000000e+05	4.255482591257053571e+01
3.050000000000000000e+02	3.050000000000000000e+05	4.240497290100547190e+01
3.060000000000000000e+02	3.060000000000000000e+05	4.248682402042771855e+01
3.070000000000000000e+02	3.070000000000000000e+05	4.237308335261747061e+01
3.080000000000000000e+02	3.080000000000000000e+05	4.220841774252129142e+01
3.090000000000000000e+02	3.090000000000000000e+05	4.221827167102241418e+01
3.100000000000000000e+02	3.100000000000000000e+05	4.223910215555915926e+01
3.110000000000000000e+02	3.110000000000000000e+05	4.231301897430931547e+01
3.120000000000000000e+02	3.120000000000000000e+05	4.239609754381693563e+01
3.130000000000000000e+02	3.130000000000000000e+05	4.229897124574573297e+01
3.140000000000000000e+02	3.140000000000000000e+05	4.241158197191078472e+01
3.150000000000000000e+02	3.150000000000000000e+05	4.257751844607517455e+01
3.160000000000000000e+02	3.160000000000000000e+05	4.249095239905226151e+01
3.170000000000000000e+02	3.170000000000000000e+05	4.246419142011035319e+01
3.180000000000000000e+02	3.180000000000000000e+05	4.260058057894645600e+01
3.190000000000000000e+02	3.190000000000000000e+05	4.270284674723544072e+01
3.200000000000000000e+02	3.200000000000000000e+05	4.265602646596590120e+01
3.210000000000000000e+02	3.210000000000000000e+05	4.247825241683202080e+01
3.220000000000000000e+02	3.220000000000000000e+05	4.249376386417161200e+01
3.230000000000000000e+02	3.230000000000000000e+05	4.244102205089090774e+01
3.240000000000000000e+02	3.240000000000000000e+05	4.263195295615074798e+01
3.250000000000000000e+02	3.250000000000000000e+05	4.250358765182352272e+01
3.260000000000000000e+02	3.260000000000000000e+05	4.250114290822537555e+01
3.270000000000000000e+02	3.270000000000000000e+05	4.269462921449220971e+01
3.280000000000000000e+02	3.280000000000000000e+05	4.283257697755464477e+01
3.290000000000000000e+02	3.290000000000000000e+05	4.288495697226247216e+01
3.300000000000000000e+02	3.300000000000000000e+05	4.297524881618830506e+01
3.310000000000000000e+02	3.310000000000000000e+05	4.302724091539018758e+01
3.320000000000000000e+02	3.320000000000000000e+05	4.323138348397775843e+01
3.330000000000000000e+02	3.330000000000000000e+05	4.323241669851685742e+01
3.340000000000000000e+02	3.340000000000000000e+05	4.329568855969123575e+01
3.350000000000000000e+02	3.350000000000000000e+05	4.327853793902998092e+01
3.360000000000000000e+02	3.360000000000000000e+05	4.322991530810179484e+01
3.370000000000000000e+02	3.370000000000000000e+05	4.326070994885869681e+01
3.380000000000000000e+02	3.380000000000000000e+05	4.329104204830599656e+01
3.390000000000000000e+02	3.390000000000000000e+05	4.340976922740627941e+01
3.400000000000000000e+02	3.400000000000000000e+05	4.364022849950669070e+01
3.410000000000000000e+02	3.410000000000000000e+05	4.370297690000563762e+01
3.420000000000000000e+02	3.420000000000000000e+05	4.377186349118925079e+01
3.430000000000000000e+02	3.430000000000000000e+05	4.377288238668990772e+01
3.440000000000000000e+02	3.440000000000000000e+05	4.376651248134292160e+01
3.450000000000000000e+02	3.450000000000000000e+05	4.379418622480396550e+01
3.460000000000000000e+02	3.460000000000000000e+05	4.369582111387700962e+01
3.470000000000000000e+02	3.470000000000000000e+05	4.369282265420802958e+01
3.480000000000000000e+02	3.480000000000000000e+05	4.364448817164079486e+01
3.490000000000000000e+02	3.490000000000000000e+05	4.376351764208543926e+01
3.500000000000000000e+02	3.500000000000000000e+05	4.390344475041885630e+01
3.510000000000000000e+02	3.510000000000000000e+05	4.388971190334603989e+01
3.520000000000000000e+02	3.520000000000000000e+05	4.401597342210313002e+01
3.530000000000000000e+02	3.530000000000000000e+05	4.399161580196670229e+01
3.540000000000000000e+02	3.540000000000000000e+05	4.395666658539451532e+01
3.550000000000000000e+02	3.550000000000000000e+05	4.391606550680327103e+01
3.560000000000000000e+02	3.560000000000000000e+05	4.411309837060458250e+01
3.570000000000000000e+02	3.570000000000000000e+05	4.407248162341387143e+01
3.580000000000000000e+02	3.580000000000000000e+05	4.414983397810786414e+01
3.590000000000000000e+02	3.590000000000000000e+05	4.438353573310089217e+01
3.600000000000000000e+02	3.600000000000000000e+05	4.439317742044712389e+01
3.610000000000000000e+02	3.610000000000000000e+05	4.450896471700747981e+01
3.620000000000000000e+02	3.620000000000000000e+05	4.474811261920187633e+01
3.630000000000000000e+02	3.630000000000000000e+05	4.483345951568460919e+01
3.640000000000000000e+02	3.640000000000000000e+05	4.485923228546766950e+01
3.650000000000000000e+02	3.650000000000000000e+05	4.484108771326317822e+01
3.660000000000000000e+02	3.660000000000000000e+05	4.481792548758805594e+01
3.670000000000000000e+02	3.670000000000000000e+05	4.482504194763167504e+01
3.680000000000000000e+02	3.680000000000000000e+05	4.485568027122490520e+01
3.690000000000000000e+02	3.690000000000000000e+05	4.480740697704046482e+01
3.700000000000000000e+02	3.700000000000000000e+05	4.467466311807680768e+01
3.710000000000000000e+02	3.710000000000000000e+05	4.466935629960448040e+01
3.720000000000000000e+02	3.720000000000000000e+05	4.480040142948114834e+01
3.730000000000000000e+02	3.730000000000000000e+05	4.497600529542292946e+01
3.740000000000000000e+02	3.740000000000000000e+05	4.496621270945978210e+01
3.750000000000000000e+02	3.750000000000000000e+05	4.501700623232041210e+01
3.760000000000000000e+02	3.760000000000000000e+05	4.504956058702571653e+01
3.770000000000000000e+02	3.770000000000000000e+05	4.523992297610196545e+01
3.780000000000000000e+02	3.780000000000000000e+05	4.533023577750819300e+01
3.790000000000000000e+02	3.790000000000000000e+05	4.536491445484432461e+01
3.800000000000000000e+02	3.800000000000000000e+05	4.530067150648635987e+01
3.810000000000000000e+02	3.810000000000000000e+05	4.550049664948774364e+01
3.820000000000000000e+02	3.820000000000000000e+05	4.551929737732287151e+01
3.830000000000000000e+02	3.830000000000000000e+05	4.573718859413437343e+01
3.840000000000000000e+02	3.840000000000000000e+05	4.574371069636914910e+01
3.850000000000000000e+02	3.850000000000000000e+05	4.570450793620021557e+01
3.860000000000000000e+02	3.860000000000000000e+05	4.581979973731104394e+01
3.870000000000000000e+02	3.870000000000000000e+05	4.592761481575908533e+01
3.880000000000000000e+02	3.880000000000000000e+05	4.587871684673359596e+01
3.890000000000000000e+02	3.890000000000000000e+05	4.602166963159807267e+01
3.900000000000000000e+02	3.900000000000000000e+05	4.594958358990622571e+01
3.910000000000000000e+02	3.910000000000000000e+05	4.591638329832701970e+01
3.920000000000000000e+02	3.920000000000000000e+05	4.598722770390009629e+01
3.930000000000000000e+02	3.930000000000000000e+05	4.600855525120491052e+01
3.940000000000000000e+02	3.940000000000000000e+05	4.576816686342518636e+01
3.950000000000000000e+02	3.950000000000000000e+05	4.582566974671750870e+01
3.960000000000000000e+02	3.960000000000000000e+05	4.589089188125103647e+01
3.970000000000000000e+02	3.970000000000000000e+05	4.576087180568362811e+01
3.980000000000000000e+02	3.980000000000000000e+05	4.583920463130063183e+01
3.990000000000000000e+02	3.990000000000000000e+05	4.607819507586587093e+01
4.000000000000000000e+02	4.000000000000000000e+05	4.615057352526406476e+01
4.010000000000000000e+02	4.010000000000000000e+05	4.629461522864556144e+01
4.020000000000000000e+02	4.020000000000000000e+05	4.640964981162439074e+01
4.030000000000000000e+02	4.030000000000000000e+05	4.649322773422075272e+01
4.040000000000000000e+02	4.040000000000000000e+05	4.653610226353071511e+01
4.050000000000000000e+02	4.050000000000000000e+05	4.663788722609115922e+01
4.060000000000000000e+02	4.060000000000000000e+05	4.664926834642742648e+01
4.070000000000000000e+02	4.070000000000000000e+05	4.658608186222337366e+01
4.080000000000000000e+02	4.080000000000000000e+05	4.663937233564134033e+01
4.090000000000000000e+02	4.090000000000000000e+05	4.671205865855058903e+01
4.100000000000000000e+02	4.100000000000000000e+05	4.677262784798780615e+01
4.110000000000000000e+02	4.110000000000000000e+05	4.682707600687674443e+01
4.120000000000000000e+02	4.120000000000000000e+05	4.695389999949374982e+01
4.130000000000000000e+02	4.130000000000000000e+05	4.689215839856924362e+01
4.140000000000000000e+02	4.140000000000000000e+05	4.696141273479268818e+01
4.150000000000000000e+02	4.150000000000000000e+05	4.708725645026501638e+01
4.160000000000000000e+02	4.160000000000000000e+05	4.705603275415891318e+01
4.170000000000000000e+02	4.170000000000000000e+05	4.717983387916751781e+01
4.180000000000000000e+02	4.180000000000000000e+05	4.718762890858197068e+01
4.190000000000000000e+02	4.190000000000000000e+05	4.722971472462045028e+01
4.200000000000000000e+02	4.200000000000000000e+05	4.712352492115571323e+01
4.210000000000000000e+02	4.210000000000000000e+05	4.708717338546576769e+01
4.220000000000000000e+02	4.220000000000000000e+05	4.727573533683926144e+01
4.230000000000000000e+02	4.230000000000000000e+05	4.742657817063177816e+01
4.240000000000000000e+02	4.240000000000000000e+05	4.737736108383835898e+01
4.250000000000000000e+02	4.250000000000000000e+05	4.743423018301808725e+01
4.260000000000000000e+02	4.260000000000000000e+05	4.756945456066081590e+01
4.270000000000000000e+02	4.270000000000000000e+05	4.755161921361496979e+01
4.280000000000000000e+02	4.280000000000000000e+05	4.752016128069103473e+01
4.290000000000000000e+02	4.290000000000000000e+05	4.752871248721769604e+01
4.300000000000000000e+02	4.300000000000000000e+05	4.743139110277920878e+01
4.310000000000000000e+02	4.310000000000000000e+05	4.747535094316057780e+01
4.320000000000000000e+02	4.320000000000000000e+05	4.755638250497465691e+01
4.330000000000000000e+02	4.330000000000000000e+05	4.766567956035588338e+01
4.340000000000000000e+02	4.340000000000000000e+05	4.771150142512995274e+01
4.350000000000000000e+02	4.350000000000000000e+05	4.786685480010010707e+01
4.360000000000000000e+02	4.360000000000000000e+05	4.784109949147953245e+01
4.370000000000000000e+02	4.370000000000000000e+05	4.788169320028953280e+01
4.380000000000000000e+02	4.380000000000000000e+05	4.793498049686048290e+01
4.390000000000000000e+02	4.390000000000000000e+05	4.790942400798434875e+01
4.400000000000000000e+02	4.400000000000000000e+05	4.792757230089815579e+01
4.410000000000000000e+02	4.410000000000000000e+05	4.811502701789066094e+01
4.420000000000000000e+02	4.420000000000000000e+05	4.820812436004192136e+01
4.430000000000000000e+02	4.430000000000000000e+05	4.847084837613978436e+01
4.440000000000000000e+02	4.440000000000000000e+05	4.857047394038023214e+01
4.450000000000000000e+02	4.450000000000000000e+05	4.856504318676364562e+01
4.460000000000000000e+02	4.460000000000000000e+05	4.864322958826969767e+01
4.470000000000000000e+02	4.470000000000000000e+05	4.871013876466968640e+01
4.480000000000000000e+02	4.480000000000000000e+05	4.887541124793747827e+01
4.490000000000000000e+02	4.490000000000000000e+05	4.897619492924586382e+01
4.500000000000000000e+02	4.500000000000000000e+05	4.901804586384848506e+01
4.510000000000000000e+02	4.510000000000000000e+05	4.925497300746836515e+01
4.520000000000000000e+02	4.520000000000000000e+05	4.931956251958919069e+01
4.530000000000000000e+02	4.530000000000000000e+05	4.940497559248699133e+01
4.540000000000000000e+02	4.540000000000000000e+05	4.946049972880845047e+01
4.550000000000000000e+02	4.550000000000000000e+05	4.947921333280782363e+01
4.560000000000000000e+02	4.560000000000000000e+05	4.945717010997610430e+01
4.570000000000000000e+02	4.570000000000000000e+05	4.968764520664517903e+01
4.580000000000000000e+02	4.580000000000000000e+05	4.973560469305495246e+01
4.590000000000000000e+02	4.590000000000000000e+05	4.970487424868144188e+01
4.600000000000000000e+02	4.600000000000000000e+05	4.977511724715861874e+01
4.610000000000000000e+02	4.610000000000000000e+05	4.972963533565399530e+01
4.620000000000000000e+02	4.620000000000000000e+05	4.989132027415322312e+01
4.630000000000000000e+02	4.630000000000000000e+05	4.997290158279768235e+01
4.640000000000000000e+02	4.640000000000000000e+05	4.998905143938222295e+01
4.650000000000000000e+02	4.650000000000000000e+05	5.022019579365254316e+01
4.660000000000000000e+02	4.660000000000000000e+05	5.041895118871416059e+01
4.670000000000000000e+02	4.670000000000000000e+05	5.047080815640346430e+01
4.680000000000000000e+02	4.680000000000000000e+05	5.040407801176755243e+01
4.690000000000000000e+02	4.690000000000000000e+05	5.056764447355034520e+01
4.700000000000000000e+02	4.700000000000000000e+05	5.065796046669098729e+01
4.710000000000000000e+02	4.710000000000000000e+05	5.059915554653853320e+01
4.720000000000000000e+02	4.720000000000000000e+05	5.055326554655901816e+01
4.730000000000000000e+02	4.730000000000000000e+05	5.066521410844624285e+01
4.740000000000000000e+02	4.740000000000000000e+05	5.059256491182114956e+01
4.750000000000000000e+02	4.750000000000000000e+05	5.063653595071969704e+01
4.760000000000000000e+02	4.760000000000000000e+05	5.084950776690583751e+01
4.770000000000000000e+02	4.770000000000000000e+05	5.075678034314888265e+01
4.780000000000000000e+02	4.780000000000000000e+05	5.068582458568679527e+01
4.790000000000000000e+02	4.790000000000000000e+05	5.070544488872381095e+01
4.800000000000000000e+02	4.800000000000000000e+05	5.083993898713760018e+01
4.810000000000000000e+02	4.810000000000000000e+05	5.088178085028712161e+01
4.820000000000000000e+02	4.820000000000000000e+05	5.079152768519345074e+01
4.830000000000000000e+02	4.830000000000000000e+05	5.085443545216976702e+01
4.840000000000000000e+02	4.840000000000000000e+05	5.092529914403793612e+01
4.850000000000000000e+02	4.850000000000000000e+05	5.076708559973707224e+01
4.860000000000000000e+02	4.860000000000000000e+05	5.076584678394639383e+01
4.870000000000000000e+02	4.870000000000000000e+05	5.086997879544016143e+01
4.880000000000000000e+02	4.880000000000000000e+05	5.097626202543804652e+01
4.890000000000000000e+02	4.890000000000000000e+05	5.102719923717450712e+01
4.900000000000000000e+02	4.900000000000000000e+05	5.124983505537705497e+01
4.910000000000000000e+02	4.910000000000000000e+05	5.150252481176171671e+01
4.920000000000000000e+02	4.920000000000000000e+05	5.145132737278775181e+01
4.930000000000000000e+02	4.930000000000000000e+05	5.150005841002377593e+01
4.940000000000000000e+02	4.940000000000000000e+05	5.148717903192601142e+01
4.950000000000000000e+02	4.950000000000000000e+05	5.164983670480731348e+01
4.960000000000000000e+02	4.960000000000000000e+05	5.184371583141351181e+01
4.970000000000000000e+02	4.970000000000000000e+05	5.177035134050294118e+01
4.980000000000000000e+02	4.980000000000000000e+05	5.180419803857231642e+01
4.990000000000000000e+02	4.990000000000000000e+05	5.176024055177943950e+01
5.000000000000000000e+02	5.000000000000000000e+05	5.187887573508162831e+01
5.010000000000000000e+02	5.010000000000000000e+05	5.195520018356625513e+01
5.020000000000000000e+02	5.020000000000000000e+05	5.203807672101525839e+01
5.030000000000000000e+02	5.030000000000000000e+05	5.223306001777311991e+01
5.040000000000000000e+02	5.040000000000000000e+05	5.214502342761244336e+01
5.050000000000000000e+02	5.050000000000000000e+05	5.200383168001195600e+01
5.060000000000000000e+02	5.060000000000000000e+05	5.194218725791522928e+01
5.070000000000000000e+02	5.070000000000000000e+05	5.194501944642927782e+01
5.080000000000000000e+02	5.080000000000000000e+05	5.195982597609809517e+01
5.090000000000000000e+02	5.090000000000000000e+05	5.195641432798219483e+01
5.100000000000000000e+02	5.100000000000000000e+05	5.197156214705899657e+01
5.110000000000000000e+02	5.110000000000000000e+05	5.204398598942285048e+01
5.120000000000000000e+02	5.120000000000000000e+05	5.211988803957971328e+01
5.130000000000000000e+02	5.130000000000000000e+05	5.210085940041648200e+01
5.140000000000000000e+02	5.140000000000000000e+05	5.211396559511638316e+01
5.150000000000000000e+02	5.150000000000000000e+05	5.209674983036399709e+01
5.160000000000000000e+02	5.160000000000000000e+05	5.226164283443066694e+01
5.170000000000000000e+02	5.170000000000000000e+05	5.234889406443095794e+01
5.180000000000000000e+02	5.180000000000000000e+05	5.232904866409393208e+01
5.190000000000000000e+02	5.190000000000000000e+05	5.237515327157413481e+01
5.200000000000000000e+02	5.200000000000000000e+05	5.235040334702425469e+01
5.210000000000000000e+02	5.210000000000000000e+05	5.233711022706732763e+01
5.220000000000000000e+02	5.220000000000000000e+05	5.239682165057960361e+01
5.230000000000000000e+02	5.230000000000000000e+05	5.243575956043796538e+01
5.240000000000000000e+02	5.240000000000000000e+05	5.247516922193696587e+01
5.250000000000000000e+02	5.250000000000000000e+05	5.232011478045050978e+01
5.260000000000000000e+02	5.260000000000000000e+05	5.254324044175148600e+01
5.270000000000000000e+02	5.270000000000000000e+05	5.249326811663877379e+01
5.280000000000000000e+02	5.280000000000000000e+05	5.237822767546230551e+01
5.290000000000000000e+02	5.290000000000000000e+05	5.229860373299923282e+01
5.300000000000000000e+02	5.300000000000000000e+05	5.233760608264750402e+01
5.310000000000000000e+02	5.310000000000000000e+05	5.232365857306006518e+01
5.320000000000000000e+02	5.320000000000000000e+05	5.227558235128497444e+01
5.330000000000000000e+02	5.330000000000000000e+05	5.232179896085495585e+01
5.340000000000000000e+02	5.340000000000000000e+05	5.243275125086601207e+01
5.350000000000000000e+02	5.350000000000000000e+05	5.237553999324590137e+01
5.360000000000000000e+02	5.360000000000000000e+05	5.243289017975053667e+01
5.370000000000000000e+02	5.370000000000000000e+05	5.238753456686544041e+01
5.380000000000000000e+02	5.380000000000000000e+05	5.246651312525919053e+01
5.390000000000000000e+02	5.390000000000000000e+05	5.240772429558714407e+01
5.400000000000000000e+02	5.400000000000000000e+05	5.247974147070102902e+01
5.410000000000000000e+02	5.410000000000000000e+05	5.262632241571919423e+01
5.420000000000000000e+02	5.420000000000000000e+05	5.278422107204800540e+01
5.430000000000000000e+02	5.430000000000000000e+05	5.282757196155063895e+01
5.440000000000000000e+02	5.440000000000000000e+05	5.316349902911740344e+01
5.450000000000000000e+02	5.450000000000000000e+05	5.337481424508945338e+01
5.460000000000000000e+02	5.460000000000000000e+05	5.338561671897165439e+01
5.470000000000000000e+02	5.470000000000000000e+05	5.353687642962541560e+01
