0.000000000000000000e+00	0.000000000000000000e+00	1.912134960621206343e-07
1.000000000000000000e+00	1.000000000000000000e+03	2.927514733259307000e+00
2.000000000000000000e+00	2.000000000000000000e+03	3.585164716483942637e+00
3.000000000000000000e+00	3.000000000000000000e+03	4.244955894554387932e+00
4.000000000000000000e+00	4.000000000000000000e+03	4.808541558788995474e+00
5.000000000000000000e+00	5.000000000000000000e+03	5.007232816081978122e+00
6.000000000000000000e+00	6.000000000000000000e+03	5.040895212311045981e+00
7.000000000000000000e+00	7.000000000000000000e+03	5.739166679465299126e+00
8.000000000000000000e+00	8.000000000000000000e+03	6.274013562378819131e+00
9.000000000000000000e+00	9.000000000000000000e+03	6.527143042290394881e+00
1.000000000000000000e+01	1.000000000000000000e+04	6.736748035205762264e+00
1.100000000000000000e+01	1.100000000000000000e+04	7.068854319648137263e+00
1.200000000000000000e+01	1.200000000000000000e+04	7.204592904223297012e+00
1.300000000000000000e+01	1.300000000000000000e+04	6.792502273775172128e+00
1.400000000000000000e+01	1.400000000000000000e+04	7.225859075846391200e+00
1.500000000000000000e+01	1.500000000000000000e+04	6.956166874594189586e+00
1.600000000000000000e+01	1.600000000000000000e+04	7.177399701346983463e+00
1.700000000000000000e+01	1.700000000000000000e+04	7.140231751713536745e+00
1.800000000000000000e+01	1.800000000000000000e+04	7.007822290921677855e+00
1.900000000000000000e+01	1.900000000000000000e+04	7.094319624919034339e+00
2.000000000000000000e+01	2.000000000000000000e+04	7.177846312859187172e+00
2.100000000000000000e+01	2.100000000000000000e+04	7.214966158950776531e+00
2.200000000000000000e+01	2.200000000000000000e+04	7.130109097233028770e+00
2.300000000000000000e+01	2.300000000000000000e+04	7.233549302578960116e+00
2.400000000000000000e+01	2.400000000000000000e+04	7.135682107156325671e+00
2.500000000000000000e+01	2.500000000000000000e+04	7.208037404578131913e+00
2.600000000000000000e+01	2.600000000000000000e+04	7.454785286079968820e+00
2.700000000000000000e+01	2.700000000000000000e+04	7.803259465186718202e+00
2.800000000000000000e+01	2.800000000000000000e+04	7.954929509715274349e+00
2.900000000000000000e+01	2.900000000000000000e+04	8.128626123899449496e+00
3.000000000000000000e+01	3.000000000000000000e+04	8.361478698661727549e+00
3.100000000000000000e+01	3.100000000000000000e+04	8.150873322684473621e+00
3.200000000000000000e+01	3.200000000000000000e+04	8.154684088959166743e+00
3.300000000000000000e+01	3.300000000000000000e+04	7.741017048947242074e+00
3.400000000000000000e+01	3.400000000000000000e+04	7.941066450067405746e+00
3.500000000000000000e+01	3.500000000000000000e+04	7.737440215336476079e+00
3.600000000000000000e+01	3.600000000000000000e+04	7.449163410704035648e+00
3.700000000000000000e+01	3.700000000000000000e+04	7.526067909007807089e+00
3.800000000000000000e+01	3.800000000000000000e+04	7.468021722720634692e+00
3.900000000000000000e+01	3.900000000000000000e+04	7.647299228324323295e+00
4.000000000000000000e+01	4.000000000000000000e+04	7.812924278199059991e+00
4.100000000000000000e+01	4.100000000000000000e+04	7.890528811870652248e+00
4.200000000000000000e+01	4.200000000000000000e+04	7.626336769559713069e+00
4.300000000000000000e+01	4.300000000000000000e+04	7.780940409197696361e+00
4.400000000000000000e+01	4.400000000000000000e+04	8.000115253225699163e+00
4.500000000000000000e+01	4.500000000000000000e+04	8.635720770610378239e+00
4.600000000000000000e+01	4.600000000000000000e+04	8.929399366595839993e+00
4.700000000000000000e+01	4.700000000000000000e+04	8.767559451991164821e+00
4.800000000000000000e+01	4.800000000000000000e+04	8.962060576383175103e+00
4.900000000000000000e+01	4.900000000000000000e+04	8.647757328466072480e+00
5.000000000000000000e+01	5.000000000000000000e+04	8.804145678629085481e+00
5.100000000000000000e+01	5.100000000000000000e+04	8.413589235272056044e+00
5.200000000000000000e+01	5.200000000000000000e+04	8.372120240349712361e+00
5.300000000000000000e+01	5.300000000000000000e+04	8.751533726646758993e+00
5.400000000000000000e+01	5.400000000000000000e+04	8.270133054621069846e+00
5.500000000000000000e+01	5.500000000000000000e+04	8.233333805200828692e+00
5.600000000000000000e+01	5.600000000000000000e+04	8.116675838145306798e+00
5.700000000000000000e+01	5.700000000000000000e+04	8.114246826763281462e+00
5.800000000000000000e+01	5.800000000000000000e+04	8.519483179074637036e+00
5.900000000000000000e+01	5.900000000000000000e+04	8.585223684794112131e+00
6.000000000000000000e+01	6.000000000000000000e+04	8.728367446966265319e+00
6.100000000000000000e+01	6.100000000000000000e+04	8.706267258732321324e+00
6.200000000000000000e+01	6.200000000000000000e+04	8.888027044530071308e+00
6.300000000000000000e+01	6.300000000000000000e+04	8.822519759597318156e+00
6.400000000000000000e+01	6.400000000000000000e+04	8.634210302312460783e+00
6.500000000000000000e+01	6.500000000000000000e+04	8.280237269851998150e+00
6.600000000000000000e+01	6.600000000000000000e+04	8.293279609617384196e+00
6.700000000000000000e+01	6.700000000000000000e+04	8.490805547216567106e+00
6.800000000000000000e+01	6.800000000000000000e+04	8.550686936351898026e+00
6.900000000000000000e+01	6.900000000000000000e+04	8.480524531583359504e+00
7.000000000000000000e+01	7.000000000000000000e+04	8.408557590670723059e+00
7.100000000000000000e+01	7.100000000000000000e+04	8.824447053795502427e+00
7.200000000000000000e+01	7.200000000000000000e+04	8.634054742241051628e+00
7.300000000000000000e+01	7.300000000000000000e+04	8.178506423590476970e+00
7.400000000000000000e+01	7.400000000000000000e+04	8.189017020081424292e+00
7.500000000000000000e+01	7.500000000000000000e+04	8.361584570276155759e+00
7.600000000000000000e+01	7.600000000000000000e+04	8.195412003193059292e+00
7.700000000000000000e+01	7.700000000000000000e+04	8.600969799655366899e+00
7.800000000000000000e+01	7.800000000000000000e+04	8.265324549246290786e+00
7.900000000000000000e+01	7.900000000000000000e+04	8.312838034951145261e+00
8.000000000000000000e+01	8.000000000000000000e+04	8.606951440224140271e+00
8.100000000000000000e+01	8.100000000000000000e+04	8.238325114635218327e+00
8.200000000000000000e+01	8.200000000000000000e+04	8.184990872700090847e+00
8.300000000000000000e+01	8.300000000000000000e+04	7.904415066020429315e+00
8.400000000000000000e+01	8.400000000000000000e+04	8.187211166097736026e+00
8.500000000000000000e+01	8.500000000000000000e+04	8.349447261937829268e+00
8.600000000000000000e+01	8.600000000000000000e+04	8.359124634361002393e+00
8.700000000000000000e+01	8.700000000000000000e+04	8.470031378637811414e+00
8.800000000000000000e+01	8.800000000000000000e+04	8.572391045136201981e+00
8.900000000000000000e+01	8.900000000000000000e+04	8.606906199096457044e+00
9.000000000000000000e+01	9.000000000000000000e+04	8.288167148107604021e+00
9.100000000000000000e+01	9.100000000000000000e+04	8.282784402926521850e+00
9.200000000000000000e+01	9.200000000000000000e+04	8.070396282499014973e+00
9.300000000000000000e+01	9.300000000000000000e+04	7.495431847981651963e+00
9.400000000000000000e+01	9.400000000000000000e+04	7.903111562822846103e+00
9.500000000000000000e+01	9.500000000000000000e+04	8.392646980497705300e+00
9.600000000000000000e+01	9.600000000000000000e+04	8.052773752870677981e+00
9.700000000000000000e+01	9.700000000000000000e+04	8.235299993619369374e+00
9.800000000000000000e+01	9.800000000000000000e+04	8.431300485743504325e+00
9.900000000000000000e+01	9.900000000000000000e+04	8.123555896014783784e+00
1.000000000000000000e+02	1.000000000000000000e+05	8.456708886891535215e+00
1.010000000000000000e+02	1.010000000000000000e+05	7.916736150242758008e+00
1.020000000000000000e+02	1.020000000000000000e+05	7.689120485934881621e+00
1.030000000000000000e+02	1.030000000000000000e+05	7.914279263901084605e+00
