0.000000000000000000e+00	0.000000000000000000e+00	3.736068358615596754e-06
1.000000000000000000e+00	1.000000000000000000e+03	2.106699690301561123e+00
2.000000000000000000e+00	2.000000000000000000e+03	3.033110861611122200e+00
3.000000000000000000e+00	3.000000000000000000e+03	3.886588041375751867e+00
4.000000000000000000e+00	4.000000000000000000e+03	4.727794964852863657e+00
5.000000000000000000e+00	5.000000000000000000e+03	5.440239054953202036e+00
6.000000000000000000e+00	6.000000000000000000e+03	5.906717400991269962e+00
7.000000000000000000e+00	7.000000000000000000e+03	6.422300114383859615e+00
8.000000000000000000e+00	8.000000000000000000e+03	6.872836892610279413e+00
9.000000000000000000e+00	9.000000000000000000e+03	7.583225958213141382e+00
1.000000000000000000e+01	1.000000000000000000e+04	7.869094233966649199e+00
1.100000000000000000e+01	1.100000000000000000e+04	8.433120160115070263e+00
1.200000000000000000e+01	1.200000000000000000e+04	9.111532346489507717e+00
1.300000000000000000e+01	1.300000000000000000e+04	9.313102329644413757e+00
1.400000000000000000e+01	1.400000000000000000e+04	9.765477872886609845e+00
1.500000000000000000e+01	1.500000000000000000e+04	9.958467070825468781e+00
1.600000000000000000e+01	1.600000000000000000e+04	1.049951204866245824e+01
1.700000000000000000e+01	1.700000000000000000e+04	1.083727254170650234e+01
1.800000000000000000e+01	1.800000000000000000e+04	1.126514100827131770e+01
1.900000000000000000e+01	1.900000000000000000e+04	1.166112613742039095e+01
2.000000000000000000e+01	2.000000000000000000e+04	1.200903300269767016e+01
2.100000000000000000e+01	2.100000000000000000e+04	1.227776746119891627e+01
2.200000000000000000e+01	2.200000000000000000e+04	1.268012745624163884e+01
2.300000000000000000e+01	2.300000000000000000e+04	1.279377740110588491e+01
2.400000000000000000e+01	2.400000000000000000e+04	1.287784909146804324e+01
2.500000000000000000e+01	2.500000000000000000e+04	1.299127035164885413e+01
2.600000000000000000e+01	2.600000000000000000e+04	1.308568350603270503e+01
2.700000000000000000e+01	2.700000000000000000e+04	1.347329749673550303e+01
2.800000000000000000e+01	2.800000000000000000e+04	1.358541473044017245e+01
2.900000000000000000e+01	2.900000000000000000e+04	1.395910133679727494e+01
3.000000000000000000e+01	3.000000000000000000e+04	1.405485402154017827e+01
3.100000000000000000e+01	3.100000000000000000e+04	1.435325949045494731e+01
3.200000000000000000e+01	3.200000000000000000e+04	1.464042924903168164e+01
3.300000000000000000e+01	3.300000000000000000e+04	1.488783098243145631e+01
3.400000000000000000e+01	3.400000000000000000e+04	1.519856906124606866e+01
3.500000000000000000e+01	3.500000000000000000e+04	1.547555534060735560e+01
3.600000000000000000e+01	3.600000000000000000e+04	1.572334244685746540e+01
3.700000000000000000e+01	3.700000000000000000e+04	1.596668885557969908e+01
3.800000000000000000e+01	3.800000000000000000e+04	1.621957275649400287e+01
3.900000000000000000e+01	3.900000000000000000e+04	1.648128759539705612e+01
4.000000000000000000e+01	4.000000000000000000e+04	1.693709461534725946e+01
4.100000000000000000e+01	4.100000000000000000e+04	1.712536871302000208e+01
4.200000000000000000e+01	4.200000000000000000e+04	1.732249970113286608e+01
4.300000000000000000e+01	4.300000000000000000e+04	1.754237171333205225e+01
4.400000000000000000e+01	4.400000000000000000e+04	1.760608203813064421e+01
4.500000000000000000e+01	4.500000000000000000e+04	1.771870791096237951e+01
4.600000000000000000e+01	4.600000000000000000e+04	1.794551068542253702e+01
4.700000000000000000e+01	4.700000000000000000e+04	1.816635145767863335e+01
4.800000000000000000e+01	4.800000000000000000e+04	1.813858855049321406e+01
4.900000000000000000e+01	4.900000000000000000e+04	1.823446256307316915e+01
5.000000000000000000e+01	5.000000000000000000e+04	1.848299717702444767e+01
5.100000000000000000e+01	5.100000000000000000e+04	1.860753240514364393e+01
5.200000000000000000e+01	5.200000000000000000e+04	1.878295624492283267e+01
5.300000000000000000e+01	5.300000000000000000e+04	1.877120875384326482e+01
5.400000000000000000e+01	5.400000000000000000e+04	1.889491571875280940e+01
5.500000000000000000e+01	5.500000000000000000e+04	1.905269355802590425e+01
5.600000000000000000e+01	5.600000000000000000e+04	1.900603316816547306e+01
5.700000000000000000e+01	5.700000000000000000e+04	1.890719741515717800e+01
5.800000000000000000e+01	5.800000000000000000e+04	1.924464648610226902e+01
5.900000000000000000e+01	5.900000000000000000e+04	1.950098924679065604e+01
6.000000000000000000e+01	6.000000000000000000e+04	1.967031640959344685e+01
6.100000000000000000e+01	6.100000000000000000e+04	1.970894268692095608e+01
6.200000000000000000e+01	6.200000000000000000e+04	1.987418603301442133e+01
6.300000000000000000e+01	6.300000000000000000e+04	2.007621864836042036e+01
6.400000000000000000e+01	6.400000000000000000e+04	2.033218796398142914e+01
6.500000000000000000e+01	6.500000000000000000e+04	2.065583485913181505e+01
6.600000000000000000e+01	6.600000000000000000e+04	2.065598913156500060e+01
6.700000000000000000e+01	6.700000000000000000e+04	2.075794063259752420e+01
6.800000000000000000e+01	6.800000000000000000e+04	2.106285839412073102e+01
6.900000000000000000e+01	6.900000000000000000e+04	2.125209503427412372e+01
7.000000000000000000e+01	7.000000000000000000e+04	2.152003408535095019e+01
7.100000000000000000e+01	7.100000000000000000e+04	2.139052618989188659e+01
7.200000000000000000e+01	7.200000000000000000e+04	2.169733685783261379e+01
7.300000000000000000e+01	7.300000000000000000e+04	2.181338829900814247e+01
7.400000000000000000e+01	7.400000000000000000e+04	2.211195098785912094e+01
7.500000000000000000e+01	7.500000000000000000e+04	2.215539751071555585e+01
7.600000000000000000e+01	7.600000000000000000e+04	2.221270586338082254e+01
7.700000000000000000e+01	7.700000000000000000e+04	2.236125167639379896e+01
7.800000000000000000e+01	7.800000000000000000e+04	2.240891983459817638e+01
7.900000000000000000e+01	7.900000000000000000e+04	2.242506251071412393e+01
8.000000000000000000e+01	8.000000000000000000e+04	2.270927230744311487e+01
8.100000000000000000e+01	8.100000000000000000e+04	2.277611435357852798e+01
8.200000000000000000e+01	8.200000000000000000e+04	2.285856733253387674e+01
8.300000000000000000e+01	8.300000000000000000e+04	2.288966003865778731e+01
8.400000000000000000e+01	8.400000000000000000e+04	2.310385815246534946e+01
8.500000000000000000e+01	8.500000000000000000e+04	2.307537415916882395e+01
8.600000000000000000e+01	8.600000000000000000e+04	2.303761479460656858e+01
8.700000000000000000e+01	8.700000000000000000e+04	2.315648556765088983e+01
8.800000000000000000e+01	8.800000000000000000e+04	2.343326985101322180e+01
8.900000000000000000e+01	8.900000000000000000e+04	2.360501199299727659e+01
9.000000000000000000e+01	9.000000000000000000e+04	2.372899715066430915e+01
9.100000000000000000e+01	9.100000000000000000e+04	2.401388535606144004e+01
9.200000000000000000e+01	9.200000000000000000e+04	2.431812939795240780e+01
9.300000000000000000e+01	9.300000000000000000e+04	2.443895827921779684e+01
9.400000000000000000e+01	9.400000000000000000e+04	2.459397730661811110e+01
9.500000000000000000e+01	9.500000000000000000e+04	2.456469081975477664e+01
9.600000000000000000e+01	9.600000000000000000e+04	2.457977875315418714e+01
9.700000000000000000e+01	9.700000000000000000e+04	2.459986053509381065e+01
9.800000000000000000e+01	9.800000000000000000e+04	2.478056589434981305e+01
9.900000000000000000e+01	9.900000000000000000e+04	2.472903480597466697e+01
1.000000000000000000e+02	1.000000000000000000e+05	2.485734042377290720e+01
1.010000000000000000e+02	1.010000000000000000e+05	2.513970345139681939e+01
1.020000000000000000e+02	1.020000000000000000e+05	2.546828651566022472e+01
1.030000000000000000e+02	1.030000000000000000e+05	2.566187701068035310e+01
1.040000000000000000e+02	1.040000000000000000e+05	2.584463475413193834e+01
1.050000000000000000e+02	1.050000000000000000e+05	2.603219598144811897e+01
1.060000000000000000e+02	1.060000000000000000e+05	2.626925431387070375e+01
1.070000000000000000e+02	1.070000000000000000e+05	2.662082529394604791e+01
1.080000000000000000e+02	1.080000000000000000e+05	2.692623437726923186e+01
1.090000000000000000e+02	1.090000000000000000e+05	2.743166468813069869e+01
1.100000000000000000e+02	1.100000000000000000e+05	2.775593255243474644e+01
1.110000000000000000e+02	1.110000000000000000e+05	2.784301303493411339e+01
1.120000000000000000e+02	1.120000000000000000e+05	2.844455670000407821e+01
1.130000000000000000e+02	1.130000000000000000e+05	2.871194139377729471e+01
1.140000000000000000e+02	1.140000000000000000e+05	2.894912180199747098e+01
1.150000000000000000e+02	1.150000000000000000e+05	2.930827276849502994e+01
1.160000000000000000e+02	1.160000000000000000e+05	2.966454188556362581e+01
1.170000000000000000e+02	1.170000000000000000e+05	3.000936240542056055e+01
1.180000000000000000e+02	1.180000000000000000e+05	3.022463601169510383e+01
1.190000000000000000e+02	1.190000000000000000e+05	3.049295153128728231e+01
1.200000000000000000e+02	1.200000000000000000e+05	3.070395175364167528e+01
1.210000000000000000e+02	1.210000000000000000e+05	3.100764468536195295e+01
1.220000000000000000e+02	1.220000000000000000e+05	3.131916645471052618e+01
1.230000000000000000e+02	1.230000000000000000e+05	3.173667375363174514e+01
1.240000000000000000e+02	1.240000000000000000e+05	3.216701721601885566e+01
1.250000000000000000e+02	1.250000000000000000e+05	3.241136450688560444e+01
1.260000000000000000e+02	1.260000000000000000e+05	3.271861940044978212e+01
1.270000000000000000e+02	1.270000000000000000e+05	3.287371467581185414e+01
1.280000000000000000e+02	1.280000000000000000e+05	3.307764752801489294e+01
1.290000000000000000e+02	1.290000000000000000e+05	3.346249097268994177e+01
1.300000000000000000e+02	1.300000000000000000e+05	3.395451426418382823e+01
1.310000000000000000e+02	1.310000000000000000e+05	3.438250827637927642e+01
1.320000000000000000e+02	1.320000000000000000e+05	3.465354418271198966e+01
1.330000000000000000e+02	1.330000000000000000e+05	3.490087309248870895e+01
1.340000000000000000e+02	1.340000000000000000e+05	3.542657015986550562e+01
1.350000000000000000e+02	1.350000000000000000e+05	3.579841118330573124e+01
1.360000000000000000e+02	1.360000000000000000e+05	3.609284974735495410e+01
1.370000000000000000e+02	1.370000000000000000e+05	3.639630175058628225e+01
1.380000000000000000e+02	1.380000000000000000e+05	3.664429986195306554e+01
1.390000000000000000e+02	1.390000000000000000e+05	3.678769495410240609e+01
1.400000000000000000e+02	1.400000000000000000e+05	3.703819912804468117e+01
1.410000000000000000e+02	1.410000000000000000e+05	3.727991829719429973e+01
1.420000000000000000e+02	1.420000000000000000e+05	3.758144914650804225e+01
1.430000000000000000e+02	1.430000000000000000e+05	3.775314506008163562e+01
1.440000000000000000e+02	1.440000000000000000e+05	3.810536919566823144e+01
1.450000000000000000e+02	1.450000000000000000e+05	3.821642074324079630e+01
1.460000000000000000e+02	1.460000000000000000e+05	3.849391214368437630e+01
1.470000000000000000e+02	1.470000000000000000e+05	3.863892960018874589e+01
1.480000000000000000e+02	1.480000000000000000e+05	3.860156855456213520e+01
1.490000000000000000e+02	1.490000000000000000e+05	3.883944224908899656e+01
1.500000000000000000e+02	1.500000000000000000e+05	3.888525353013773866e+01
1.510000000000000000e+02	1.510000000000000000e+05	3.902530237784220191e+01
1.520000000000000000e+02	1.520000000000000000e+05	3.925829727040010653e+01
1.530000000000000000e+02	1.530000000000000000e+05	3.934778055030474064e+01
1.540000000000000000e+02	1.540000000000000000e+05	3.958008730327866687e+01
1.550000000000000000e+02	1.550000000000000000e+05	3.970641913128645228e+01
1.560000000000000000e+02	1.560000000000000000e+05	3.979236184336910753e+01
1.570000000000000000e+02	1.570000000000000000e+05	3.990591247386626605e+01
1.580000000000000000e+02	1.580000000000000000e+05	4.013709576097573262e+01
1.590000000000000000e+02	1.590000000000000000e+05	4.012740102405281561e+01
1.600000000000000000e+02	1.600000000000000000e+05	4.018567282895563153e+01
1.610000000000000000e+02	1.610000000000000000e+05	4.022503607385340274e+01
1.620000000000000000e+02	1.620000000000000000e+05	4.026512494633885808e+01
1.630000000000000000e+02	1.630000000000000000e+05	4.049545533287876964e+01
1.640000000000000000e+02	1.640000000000000000e+05	4.056085569645993871e+01
1.650000000000000000e+02	1.650000000000000000e+05	4.071839464505778494e+01
1.660000000000000000e+02	1.660000000000000000e+05	4.099497878453789212e+01
1.670000000000000000e+02	1.670000000000000000e+05	4.108663337354609268e+01
1.680000000000000000e+02	1.680000000000000000e+05	4.128555851373200625e+01
1.690000000000000000e+02	1.690000000000000000e+05	4.129732167307629709e+01
1.700000000000000000e+02	1.700000000000000000e+05	4.149044580327614540e+01
1.710000000000000000e+02	1.710000000000000000e+05	4.169216469368520706e+01
1.720000000000000000e+02	1.720000000000000000e+05	4.171369462456878807e+01
1.730000000000000000e+02	1.730000000000000000e+05	4.170563072644191038e+01
1.740000000000000000e+02	1.740000000000000000e+05	4.166403209906425786e+01
1.750000000000000000e+02	1.750000000000000000e+05	4.165657837078362036e+01
1.760000000000000000e+02	1.760000000000000000e+05	4.180947000378901635e+01
1.770000000000000000e+02	1.770000000000000000e+05	4.186317870645484618e+01
1.780000000000000000e+02	1.780000000000000000e+05	4.206673858326507798e+01
1.790000000000000000e+02	1.790000000000000000e+05	4.201951742576893878e+01
1.800000000000000000e+02	1.800000000000000000e+05	4.220748026779131834e+01
1.810000000000000000e+02	1.810000000000000000e+05	4.225208285061953717e+01
1.820000000000000000e+02	1.820000000000000000e+05	4.221467780171904138e+01
1.830000000000000000e+02	1.830000000000000000e+05	4.226757815472184632e+01
1.840000000000000000e+02	1.840000000000000000e+05	4.249784689131879389e+01
1.850000000000000000e+02	1.850000000000000000e+05	4.243063913865641723e+01
1.860000000000000000e+02	1.860000000000000000e+05	4.250812095629564169e+01
1.870000000000000000e+02	1.870000000000000000e+05	4.274046340626238560e+01
1.880000000000000000e+02	1.880000000000000000e+05	4.286430594391215010e+01
1.890000000000000000e+02	1.890000000000000000e+05	4.296306187987048020e+01
1.900000000000000000e+02	1.900000000000000000e+05	4.301746064993856322e+01
1.910000000000000000e+02	1.910000000000000000e+05	4.328373473701487484e+01
1.920000000000000000e+02	1.920000000000000000e+05	4.339580815981142337e+01
1.930000000000000000e+02	1.930000000000000000e+05	4.345618893125821103e+01
1.940000000000000000e+02	1.940000000000000000e+05	4.349815536914952929e+01
1.950000000000000000e+02	1.950000000000000000e+05	4.367785062075465419e+01
1.960000000000000000e+02	1.960000000000000000e+05	4.387487033898172228e+01
1.970000000000000000e+02	1.970000000000000000e+05	4.399359541271306284e+01
1.980000000000000000e+02	1.980000000000000000e+05	4.418392099027255426e+01
1.990000000000000000e+02	1.990000000000000000e+05	4.435217908269145681e+01
2.000000000000000000e+02	2.000000000000000000e+05	4.428443939603008062e+01
2.010000000000000000e+02	2.010000000000000000e+05	4.437692146994253761e+01
2.020000000000000000e+02	2.020000000000000000e+05	4.454739143248821165e+01
2.030000000000000000e+02	2.030000000000000000e+05	4.467941272849547119e+01
2.040000000000000000e+02	2.040000000000000000e+05	4.465068268884514424e+01
2.050000000000000000e+02	2.050000000000000000e+05	4.476931041948422774e+01
2.060000000000000000e+02	2.060000000000000000e+05	4.493529801909369326e+01
2.070000000000000000e+02	2.070000000000000000e+05	4.502240576450090259e+01
2.080000000000000000e+02	2.080000000000000000e+05	4.525688465443541730e+01
2.090000000000000000e+02	2.090000000000000000e+05	4.539080242867669313e+01
2.100000000000000000e+02	2.100000000000000000e+05	4.553579209802246908e+01
2.110000000000000000e+02	2.110000000000000000e+05	4.556455314834713022e+01
2.120000000000000000e+02	2.120000000000000000e+05	4.573777515224522006e+01
2.130000000000000000e+02	2.130000000000000000e+05	4.576605815619529238e+01
2.140000000000000000e+02	2.140000000000000000e+05	4.593229722751284072e+01
2.150000000000000000e+02	2.150000000000000000e+05	4.599238326459653337e+01
2.160000000000000000e+02	2.160000000000000000e+05	4.619816339329254617e+01
2.170000000000000000e+02	2.170000000000000000e+05	4.620815147374769793e+01
2.180000000000000000e+02	2.180000000000000000e+05	4.632556596075112054e+01
2.190000000000000000e+02	2.190000000000000000e+05	4.644112930285703555e+01
2.200000000000000000e+02	2.200000000000000000e+05	4.627066733167770707e+01
2.210000000000000000e+02	2.210000000000000000e+05	4.628493841890552574e+01
2.220000000000000000e+02	2.220000000000000000e+05	4.640862053522200625e+01
2.230000000000000000e+02	2.230000000000000000e+05	4.642445023102644086e+01
2.240000000000000000e+02	2.240000000000000000e+05	4.637360609287225088e+01
2.250000000000000000e+02	2.250000000000000000e+05	4.637538003952303001e+01
2.260000000000000000e+02	2.260000000000000000e+05	4.631200230657299954e+01
2.270000000000000000e+02	2.270000000000000000e+05	4.635344111931951261e+01
2.280000000000000000e+02	2.280000000000000000e+05	4.643505832154254875e+01
2.290000000000000000e+02	2.290000000000000000e+05	4.661926099599682516e+01
2.300000000000000000e+02	2.300000000000000000e+05	4.662024623532097678e+01
2.310000000000000000e+02	2.310000000000000000e+05	4.683483922863297977e+01
2.320000000000000000e+02	2.320000000000000000e+05	4.698681041094582156e+01
2.330000000000000000e+02	2.330000000000000000e+05	4.712026762010488312e+01
2.340000000000000000e+02	2.340000000000000000e+05	4.728622884380526159e+01
2.350000000000000000e+02	2.350000000000000000e+05	4.736832302131630712e+01
2.360000000000000000e+02	2.360000000000000000e+05	4.733142629740555662e+01
2.370000000000000000e+02	2.370000000000000000e+05	4.739143451508331850e+01
2.380000000000000000e+02	2.380000000000000000e+05	4.743933639218388976e+01
2.390000000000000000e+02	2.390000000000000000e+05	4.742494976053558986e+01
2.400000000000000000e+02	2.400000000000000000e+05	4.766431259169136325e+01
2.410000000000000000e+02	2.410000000000000000e+05	4.773508130309406994e+01
2.420000000000000000e+02	2.420000000000000000e+05	4.785246827543094383e+01
2.430000000000000000e+02	2.430000000000000000e+05	4.808380432833296680e+01
2.440000000000000000e+02	2.440000000000000000e+05	4.790953178556735992e+01
2.450000000000000000e+02	2.450000000000000000e+05	4.804384283260487365e+01
2.460000000000000000e+02	2.460000000000000000e+05	4.817094772382846202e+01
2.470000000000000000e+02	2.470000000000000000e+05	4.828686497724066129e+01
2.480000000000000000e+02	2.480000000000000000e+05	4.832775708443681850e+01
2.490000000000000000e+02	2.490000000000000000e+05	4.833607522145067747e+01
2.500000000000000000e+02	2.500000000000000000e+05	4.828795621202237953e+01
2.510000000000000000e+02	2.510000000000000000e+05	4.844940655218250924e+01
2.520000000000000000e+02	2.520000000000000000e+05	4.846592686297523045e+01
2.530000000000000000e+02	2.530000000000000000e+05	4.848224154730093005e+01
2.540000000000000000e+02	2.540000000000000000e+05	4.855924363360153961e+01
2.550000000000000000e+02	2.550000000000000000e+05	4.857744229529284041e+01
2.560000000000000000e+02	2.560000000000000000e+05	4.861006225781216727e+01
2.570000000000000000e+02	2.570000000000000000e+05	4.873089048906220455e+01
2.580000000000000000e+02	2.580000000000000000e+05	4.872436350722875886e+01
2.590000000000000000e+02	2.590000000000000000e+05	4.880234791287247020e+01
2.600000000000000000e+02	2.600000000000000000e+05	4.876952550736417891e+01
2.610000000000000000e+02	2.610000000000000000e+05	4.867033985259786988e+01
2.620000000000000000e+02	2.620000000000000000e+05	4.869354422222969703e+01
2.630000000000000000e+02	2.630000000000000000e+05	4.879813311534223175e+01
2.640000000000000000e+02	2.640000000000000000e+05	4.881301262320305057e+01
2.650000000000000000e+02	2.650000000000000000e+05	4.888460748620732232e+01
2.660000000000000000e+02	2.660000000000000000e+05	4.903199698196623046e+01
2.670000000000000000e+02	2.670000000000000000e+05	4.904348347583145085e+01
2.680000000000000000e+02	2.680000000000000000e+05	4.928447046701396772e+01
2.690000000000000000e+02	2.690000000000000000e+05	4.941933649634457026e+01
2.700000000000000000e+02	2.700000000000000000e+05	4.925384475047064115e+01
2.710000000000000000e+02	2.710000000000000000e+05	4.934211970532851410e+01
2.720000000000000000e+02	2.720000000000000000e+05	4.931874579605377562e+01
2.730000000000000000e+02	2.730000000000000000e+05	4.932141522649165921e+01
2.740000000000000000e+02	2.740000000000000000e+05	4.936749388739690403e+01
2.750000000000000000e+02	2.750000000000000000e+05	4.942689592683019129e+01
2.760000000000000000e+02	2.760000000000000000e+05	4.953016506560702936e+01
2.770000000000000000e+02	2.770000000000000000e+05	4.943442634748176090e+01
2.780000000000000000e+02	2.780000000000000000e+05	4.937186422258704965e+01
2.790000000000000000e+02	2.790000000000000000e+05	4.954643105184148766e+01
2.800000000000000000e+02	2.800000000000000000e+05	4.962030974439639408e+01
2.810000000000000000e+02	2.810000000000000000e+05	4.991594301420634139e+01
2.820000000000000000e+02	2.820000000000000000e+05	4.981615656645798396e+01
2.830000000000000000e+02	2.830000000000000000e+05	4.975833083330317663e+01
2.840000000000000000e+02	2.840000000000000000e+05	4.975493413123557929e+01
2.850000000000000000e+02	2.850000000000000000e+05	4.984790156279252926e+01
2.860000000000000000e+02	2.860000000000000000e+05	4.994816506866894912e+01
2.870000000000000000e+02	2.870000000000000000e+05	5.002013223583537638e+01
2.880000000000000000e+02	2.880000000000000000e+05	4.988853238846685656e+01
2.890000000000000000e+02	2.890000000000000000e+05	5.004686579830659809e+01
2.900000000000000000e+02	2.900000000000000000e+05	5.017275245942279582e+01
2.910000000000000000e+02	2.910000000000000000e+05	5.019663564320422466e+01
2.920000000000000000e+02	2.920000000000000000e+05	5.036324716602359075e+01
2.930000000000000000e+02	2.930000000000000000e+05	5.025749109775694023e+01
2.940000000000000000e+02	2.940000000000000000e+05	5.018263416534942678e+01
2.950000000000000000e+02	2.950000000000000000e+05	5.028972984388479972e+01
2.960000000000000000e+02	2.960000000000000000e+05	5.029460773663989670e+01
2.970000000000000000e+02	2.970000000000000000e+05	5.021370995648878477e+01
2.980000000000000000e+02	2.980000000000000000e+05	5.039913970426889023e+01
2.990000000000000000e+02	2.990000000000000000e+05	5.058977814294189557e+01
3.000000000000000000e+02	3.000000000000000000e+05	5.055179211832633968e+01
3.010000000000000000e+02	3.010000000000000000e+05	5.061305236333353008e+01
3.020000000000000000e+02	3.020000000000000000e+05	5.079827783177476874e+01
3.030000000000000000e+02	3.030000000000000000e+05	5.092045716730464022e+01
3.040000000000000000e+02	3.040000000000000000e+05	5.114564389976236214e+01
3.050000000000000000e+02	3.050000000000000000e+05	5.117326495941066611e+01
3.060000000000000000e+02	3.060000000000000000e+05	5.140050722966841334e+01
3.070000000000000000e+02	3.070000000000000000e+05	5.143733757575814280e+01
3.080000000000000000e+02	3.080000000000000000e+05	5.177635471526954092e+01
3.090000000000000000e+02	3.090000000000000000e+05	5.186706678215954014e+01
3.100000000000000000e+02	3.100000000000000000e+05	5.196861392440319349e+01
3.110000000000000000e+02	3.110000000000000000e+05	5.206834604284079404e+01
3.120000000000000000e+02	3.120000000000000000e+05	5.210489546516269854e+01
3.130000000000000000e+02	3.130000000000000000e+05	5.227052574705743382e+01
3.140000000000000000e+02	3.140000000000000000e+05	5.242310268749115920e+01
3.150000000000000000e+02	3.150000000000000000e+05	5.261322005426172410e+01
3.160000000000000000e+02	3.160000000000000000e+05	5.265807193023477595e+01
3.170000000000000000e+02	3.170000000000000000e+05	5.275262491791143304e+01
3.180000000000000000e+02	3.180000000000000000e+05	5.294805698223881052e+01
3.190000000000000000e+02	3.190000000000000000e+05	5.294956849756374595e+01
3.200000000000000000e+02	3.200000000000000000e+05	5.284171330521249388e+01
3.210000000000000000e+02	3.210000000000000000e+05	5.285243936113649710e+01
3.220000000000000000e+02	3.220000000000000000e+05	5.310647999263051133e+01
3.230000000000000000e+02	3.230000000000000000e+05	5.307136812811734927e+01
3.240000000000000000e+02	3.240000000000000000e+05	5.305170408361911427e+01
3.250000000000000000e+02	3.250000000000000000e+05	5.322322321410334212e+01
3.260000000000000000e+02	3.260000000000000000e+05	5.321112649502588710e+01
3.270000000000000000e+02	3.270000000000000000e+05	5.344605140462369519e+01
3.280000000000000000e+02	3.280000000000000000e+05	5.358317262884079923e+01
3.290000000000000000e+02	3.290000000000000000e+05	5.354675838353148976e+01
3.300000000000000000e+02	3.300000000000000000e+05	5.361085098220840450e+01
3.310000000000000000e+02	3.310000000000000000e+05	5.363511551381655096e+01
3.320000000000000000e+02	3.320000000000000000e+05	5.373318093585690036e+01
3.330000000000000000e+02	3.330000000000000000e+05	5.378019876633791796e+01
3.340000000000000000e+02	3.340000000000000000e+05	5.392271716491838873e+01
3.350000000000000000e+02	3.350000000000000000e+05	5.388958047581209598e+01
3.360000000000000000e+02	3.360000000000000000e+05	5.403011553714219417e+01
3.370000000000000000e+02	3.370000000000000000e+05	5.419471831747112134e+01
3.380000000000000000e+02	3.380000000000000000e+05	5.418244615078884863e+01
3.390000000000000000e+02	3.390000000000000000e+05	5.407834913106319163e+01
3.400000000000000000e+02	3.400000000000000000e+05	5.408475644917185576e+01
3.410000000000000000e+02	3.410000000000000000e+05	5.422477247313197068e+01
3.420000000000000000e+02	3.420000000000000000e+05	5.426322705940079061e+01
3.430000000000000000e+02	3.430000000000000000e+05	5.453599977815957800e+01
3.440000000000000000e+02	3.440000000000000000e+05	5.454447124432113725e+01
3.450000000000000000e+02	3.450000000000000000e+05	5.450486526912209229e+01
3.460000000000000000e+02	3.460000000000000000e+05	5.469542397398814870e+01
3.470000000000000000e+02	3.470000000000000000e+05	5.475828923923253200e+01
3.480000000000000000e+02	3.480000000000000000e+05	5.493115496589631874e+01
3.490000000000000000e+02	3.490000000000000000e+05	5.477993202140840623e+01
3.500000000000000000e+02	3.500000000000000000e+05	5.452039673841014178e+01
3.510000000000000000e+02	3.510000000000000000e+05	5.451585989200118831e+01
3.520000000000000000e+02	3.520000000000000000e+05	5.436473519459374160e+01
3.530000000000000000e+02	3.530000000000000000e+05	5.455910933832302590e+01
3.540000000000000000e+02	3.540000000000000000e+05	5.464754712615757626e+01
3.550000000000000000e+02	3.550000000000000000e+05	5.485769010453173422e+01
3.560000000000000000e+02	3.560000000000000000e+05	5.484287091801833469e+01
3.570000000000000000e+02	3.570000000000000000e+05	5.474048616535475276e+01
3.580000000000000000e+02	3.580000000000000000e+05	5.482247803051422608e+01
3.590000000000000000e+02	3.590000000000000000e+05	5.497999282330361126e+01
3.600000000000000000e+02	3.600000000000000000e+05	5.509190632180865066e+01
3.610000000000000000e+02	3.610000000000000000e+05	5.518886838088840818e+01
3.620000000000000000e+02	3.620000000000000000e+05	5.527117777342284910e+01
3.630000000000000000e+02	3.630000000000000000e+05	5.527682881224139066e+01
3.640000000000000000e+02	3.640000000000000000e+05	5.531246641761845240e+01
3.650000000000000000e+02	3.650000000000000000e+05	5.526840025516977306e+01
3.660000000000000000e+02	3.660000000000000000e+05	5.539075992145427563e+01
3.670000000000000000e+02	3.670000000000000000e+05	5.534472644670330510e+01
3.680000000000000000e+02	3.680000000000000000e+05	5.546234603756008141e+01
3.690000000000000000e+02	3.690000000000000000e+05	5.549663383119489879e+01
3.700000000000000000e+02	3.700000000000000000e+05	5.557445009089688170e+01
3.710000000000000000e+02	3.710000000000000000e+05	5.553839926443183828e+01
3.720000000000000000e+02	3.720000000000000000e+05	5.545249874847493743e+01
3.730000000000000000e+02	3.730000000000000000e+05	5.555929622630340248e+01
3.740000000000000000e+02	3.740000000000000000e+05	5.568233869428452465e+01
3.750000000000000000e+02	3.750000000000000000e+05	5.572102064008555544e+01
3.760000000000000000e+02	3.760000000000000000e+05	5.563618953394747990e+01
3.770000000000000000e+02	3.770000000000000000e+05	5.569970944562051329e+01
3.780000000000000000e+02	3.780000000000000000e+05	5.580034457908104173e+01
3.790000000000000000e+02	3.790000000000000000e+05	5.590490652301960495e+01
3.800000000000000000e+02	3.800000000000000000e+05	5.601801859139210649e+01
3.810000000000000000e+02	3.810000000000000000e+05	5.615522429206725263e+01
3.820000000000000000e+02	3.820000000000000000e+05	5.627120215977700468e+01
3.830000000000000000e+02	3.830000000000000000e+05	5.610359303728399283e+01
3.840000000000000000e+02	3.840000000000000000e+05	5.621566092075613597e+01
3.850000000000000000e+02	3.850000000000000000e+05	5.646091546837750030e+01
3.860000000000000000e+02	3.860000000000000000e+05	5.658196160161816834e+01
3.870000000000000000e+02	3.870000000000000000e+05	5.650482629121859901e+01
3.880000000000000000e+02	3.880000000000000000e+05	5.657627918270590328e+01
3.890000000000000000e+02	3.890000000000000000e+05	5.659824195583234996e+01
3.900000000000000000e+02	3.900000000000000000e+05	5.680122042128180482e+01
3.910000000000000000e+02	3.910000000000000000e+05	5.688447150428761034e+01
3.920000000000000000e+02	3.920000000000000000e+05	5.688317955637788970e+01
3.930000000000000000e+02	3.930000000000000000e+05	5.691322759900309336e+01
3.940000000000000000e+02	3.940000000000000000e+05	5.699481108422813946e+01
3.950000000000000000e+02	3.950000000000000000e+05	5.707605069036185341e+01
3.960000000000000000e+02	3.960000000000000000e+05	5.718235028693840860e+01
3.970000000000000000e+02	3.970000000000000000e+05	5.707825388658358179e+01
3.980000000000000000e+02	3.980000000000000000e+05	5.714562696586750690e+01
3.990000000000000000e+02	3.990000000000000000e+05	5.722252921136273329e+01
4.000000000000000000e+02	4.000000000000000000e+05	5.738049179561488700e+01
4.010000000000000000e+02	4.010000000000000000e+05	5.747385385302934679e+01
4.020000000000000000e+02	4.020000000000000000e+05	5.764274097805841279e+01
4.030000000000000000e+02	4.030000000000000000e+05	5.792248576180990938e+01
4.040000000000000000e+02	4.040000000000000000e+05	5.788137231276316186e+01
4.050000000000000000e+02	4.050000000000000000e+05	5.796714834042295195e+01
4.060000000000000000e+02	4.060000000000000000e+05	5.796316857265195210e+01
4.070000000000000000e+02	4.070000000000000000e+05	5.817665394913055366e+01
4.080000000000000000e+02	4.080000000000000000e+05	5.832012138238767562e+01
4.090000000000000000e+02	4.090000000000000000e+05	5.837972468832009554e+01
4.100000000000000000e+02	4.100000000000000000e+05	5.859720317613189877e+01
4.110000000000000000e+02	4.110000000000000000e+05	5.866051960100467255e+01
4.120000000000000000e+02	4.120000000000000000e+05	5.857087661498207609e+01
4.130000000000000000e+02	4.130000000000000000e+05	5.870256725341977244e+01
4.140000000000000000e+02	4.140000000000000000e+05	5.867636216221419687e+01
4.150000000000000000e+02	4.150000000000000000e+05	5.879142882905353673e+01
4.160000000000000000e+02	4.160000000000000000e+05	5.883875199286688229e+01
4.170000000000000000e+02	4.170000000000000000e+05	5.892063898284592938e+01
4.180000000000000000e+02	4.180000000000000000e+05	5.894026388327763755e+01
4.190000000000000000e+02	4.190000000000000000e+05	5.887963772096767912e+01
4.200000000000000000e+02	4.200000000000000000e+05	5.890432452625371695e+01
4.210000000000000000e+02	4.210000000000000000e+05	5.888281039155198471e+01
4.220000000000000000e+02	4.220000000000000000e+05	5.912927908342396677e+01
4.230000000000000000e+02	4.230000000000000000e+05	5.926311777382665014e+01
4.240000000000000000e+02	4.240000000000000000e+05	5.942790483622050601e+01
4.250000000000000000e+02	4.250000000000000000e+05	5.949739558540423445e+01
4.260000000000000000e+02	4.260000000000000000e+05	5.931524997207830552e+01
4.270000000000000000e+02	4.270000000000000000e+05	5.939572975077162198e+01
4.280000000000000000e+02	4.280000000000000000e+05	5.944490037522697889e+01
4.290000000000000000e+02	4.290000000000000000e+05	5.948139660720791966e+01
4.300000000000000000e+02	4.300000000000000000e+05	5.958713067962836618e+01
4.310000000000000000e+02	4.310000000000000000e+05	5.963666520913078983e+01
4.320000000000000000e+02	4.320000000000000000e+05	5.967250153968901571e+01
4.330000000000000000e+02	4.330000000000000000e+05	5.968112124307069877e+01
4.340000000000000000e+02	4.340000000000000000e+05	5.985570401276143571e+01
4.350000000000000000e+02	4.350000000000000000e+05	5.996075695354257817e+01
4.360000000000000000e+02	4.360000000000000000e+05	6.001224125751397054e+01
4.370000000000000000e+02	4.370000000000000000e+05	5.990367479584986654e+01
4.380000000000000000e+02	4.380000000000000000e+05	6.009935896826921464e+01
4.390000000000000000e+02	4.390000000000000000e+05	6.009072085798130303e+01
4.400000000000000000e+02	4.400000000000000000e+05	5.990942919033486191e+01
4.410000000000000000e+02	4.410000000000000000e+05	6.005127131736016111e+01
4.420000000000000000e+02	4.420000000000000000e+05	5.990487018315003098e+01
4.430000000000000000e+02	4.430000000000000000e+05	5.985602353906392636e+01
4.440000000000000000e+02	4.440000000000000000e+05	5.987496177067539094e+01
4.450000000000000000e+02	4.450000000000000000e+05	5.995296868144230018e+01
4.460000000000000000e+02	4.460000000000000000e+05	6.009430982608373029e+01
4.470000000000000000e+02	4.470000000000000000e+05	6.039722131152728224e+01
4.480000000000000000e+02	4.480000000000000000e+05	6.043707094499708887e+01
4.490000000000000000e+02	4.490000000000000000e+05	6.050831462530516092e+01
4.500000000000000000e+02	4.500000000000000000e+05	6.055493676931236990e+01
4.510000000000000000e+02	4.510000000000000000e+05	6.071848924429324512e+01
4.520000000000000000e+02	4.520000000000000000e+05	6.076578527464445045e+01
4.530000000000000000e+02	4.530000000000000000e+05	6.088404838985324119e+01
4.540000000000000000e+02	4.540000000000000000e+05	6.092740002687229861e+01
4.550000000000000000e+02	4.550000000000000000e+05	6.095852561861194374e+01
4.560000000000000000e+02	4.560000000000000000e+05	6.112968000489392750e+01
4.570000000000000000e+02	4.570000000000000000e+05	6.126230190464109171e+01
4.580000000000000000e+02	4.580000000000000000e+05	6.121806664797782815e+01
4.590000000000000000e+02	4.590000000000000000e+05	6.124614251858228897e+01
4.600000000000000000e+02	4.600000000000000000e+05	6.146947687819089623e+01
4.610000000000000000e+02	4.610000000000000000e+05	6.151995425132335527e+01
4.620000000000000000e+02	4.620000000000000000e+05	6.168641746797813852e+01
4.630000000000000000e+02	4.630000000000000000e+05	6.165919199807165541e+01
4.640000000000000000e+02	4.640000000000000000e+05	6.159149550644590221e+01
4.650000000000000000e+02	4.650000000000000000e+05	6.171279251154142997e+01
4.660000000000000000e+02	4.660000000000000000e+05	6.188778691778258434e+01
4.670000000000000000e+02	4.670000000000000000e+05	6.215365361531651445e+01
4.680000000000000000e+02	4.680000000000000000e+05	6.207942092169926696e+01
4.690000000000000000e+02	4.690000000000000000e+05	6.191182602661439915e+01
4.700000000000000000e+02	4.700000000000000000e+05	6.197275205167463952e+01
4.710000000000000000e+02	4.710000000000000000e+05	6.200393720964315492e+01
4.720000000000000000e+02	4.720000000000000000e+05	6.208904247863429759e+01
4.730000000000000000e+02	4.730000000000000000e+05	6.226954711622022387e+01
4.740000000000000000e+02	4.740000000000000000e+05	6.229748552124011951e+01
4.750000000000000000e+02	4.750000000000000000e+05	6.248041792539056161e+01
4.760000000000000000e+02	4.760000000000000000e+05	6.268501973601766508e+01
4.770000000000000000e+02	4.770000000000000000e+05	6.277173222862828084e+01
4.780000000000000000e+02	4.780000000000000000e+05	6.297204501291530931e+01
4.790000000000000000e+02	4.790000000000000000e+05	6.306608389397913328e+01
4.800000000000000000e+02	4.800000000000000000e+05	6.305024322750429633e+01
4.810000000000000000e+02	4.810000000000000000e+05	6.307279589147228904e+01
4.820000000000000000e+02	4.820000000000000000e+05	6.301767235824149083e+01
4.830000000000000000e+02	4.830000000000000000e+05	6.309337628103465789e+01
4.840000000000000000e+02	4.840000000000000000e+05	6.310036887994242250e+01
4.850000000000000000e+02	4.850000000000000000e+05	6.324399688697700128e+01
4.860000000000000000e+02	4.860000000000000000e+05	6.334903213226131413e+01
4.870000000000000000e+02	4.870000000000000000e+05	6.346431685160546010e+01
4.880000000000000000e+02	4.880000000000000000e+05	6.347697041300671117e+01
4.890000000000000000e+02	4.890000000000000000e+05	6.353716648393948674e+01
4.900000000000000000e+02	4.900000000000000000e+05	6.358912631485392097e+01
4.910000000000000000e+02	4.910000000000000000e+05	6.364976803918551695e+01
4.920000000000000000e+02	4.920000000000000000e+05	6.364861524766766365e+01
4.930000000000000000e+02	4.930000000000000000e+05	6.378431162051913361e+01
4.940000000000000000e+02	4.940000000000000000e+05	6.391111450758604917e+01
4.950000000000000000e+02	4.950000000000000000e+05	6.389559753994514324e+01
4.960000000000000000e+02	4.960000000000000000e+05	6.382665694764589404e+01
4.970000000000000000e+02	4.970000000000000000e+05	6.392717691251057488e+01
4.980000000000000000e+02	4.980000000000000000e+05	6.412784038012992482e+01
4.990000000000000000e+02	4.990000000000000000e+05	6.409164892902609267e+01
5.000000000000000000e+02	5.000000000000000000e+05	6.402979920686773596e+01
5.010000000000000000e+02	5.010000000000000000e+05	6.409984450494928865e+01
5.020000000000000000e+02	5.020000000000000000e+05	6.411034621114414733e+01
5.030000000000000000e+02	5.030000000000000000e+05	6.399192233481453940e+01
5.040000000000000000e+02	5.040000000000000000e+05	6.393780448764925950e+01
5.050000000000000000e+02	5.050000000000000000e+05	6.419326405450402717e+01
5.060000000000000000e+02	5.060000000000000000e+05	6.416955717077007648e+01
5.070000000000000000e+02	5.070000000000000000e+05	6.429104057561761465e+01
5.080000000000000000e+02	5.080000000000000000e+05	6.431579194650844045e+01
5.090000000000000000e+02	5.090000000000000000e+05	6.426740460831086921e+01
5.100000000000000000e+02	5.100000000000000000e+05	6.440251370503170847e+01
5.110000000000000000e+02	5.110000000000000000e+05	6.449183108003373377e+01
5.120000000000000000e+02	5.120000000000000000e+05	6.453448816599622262e+01
5.130000000000000000e+02	5.130000000000000000e+05	6.452462049204497418e+01
5.140000000000000000e+02	5.140000000000000000e+05	6.459108674119353566e+01
5.150000000000000000e+02	5.150000000000000000e+05	6.460422087094636368e+01
5.160000000000000000e+02	5.160000000000000000e+05	6.473696042703113562e+01
5.170000000000000000e+02	5.170000000000000000e+05	6.471824912859874246e+01
5.180000000000000000e+02	5.180000000000000000e+05	6.481643690263692292e+01
5.190000000000000000e+02	5.190000000000000000e+05	6.494382015579803635e+01
5.200000000000000000e+02	5.200000000000000000e+05	6.483704720725586412e+01
5.210000000000000000e+02	5.210000000000000000e+05	6.477936115750675583e+01
5.220000000000000000e+02	5.220000000000000000e+05	6.487070727913793178e+01
5.230000000000000000e+02	5.230000000000000000e+05	6.493943520777594358e+01
5.240000000000000000e+02	5.240000000000000000e+05	6.495829650943247202e+01
5.250000000000000000e+02	5.250000000000000000e+05	6.498440906009929563e+01
5.260000000000000000e+02	5.260000000000000000e+05	6.492516523547543272e+01
5.270000000000000000e+02	5.270000000000000000e+05	6.498933673986873316e+01
5.280000000000000000e+02	5.280000000000000000e+05	6.513578300328843795e+01
5.290000000000000000e+02	5.290000000000000000e+05	6.515890560389910036e+01
5.300000000000000000e+02	5.300000000000000000e+05	6.517958463374576183e+01
5.310000000000000000e+02	5.310000000000000000e+05	6.541367520686129922e+01
5.320000000000000000e+02	5.320000000000000000e+05	6.556990563062335298e+01
5.330000000000000000e+02	5.330000000000000000e+05	6.556601730591943067e+01
5.340000000000000000e+02	5.340000000000000000e+05	6.566564235373046188e+01
5.350000000000000000e+02	5.350000000000000000e+05	6.580343590644272922e+01
5.360000000000000000e+02	5.360000000000000000e+05	6.570350942450177456e+01
5.370000000000000000e+02	5.370000000000000000e+05	6.577906410292325745e+01
5.380000000000000000e+02	5.380000000000000000e+05	6.567867323760923171e+01
5.390000000000000000e+02	5.390000000000000000e+05	6.579386820663178526e+01
5.400000000000000000e+02	5.400000000000000000e+05	6.579840674205810558e+01
5.410000000000000000e+02	5.410000000000000000e+05	6.586011333482674956e+01
5.420000000000000000e+02	5.420000000000000000e+05	6.613824550727829887e+01
5.430000000000000000e+02	5.430000000000000000e+05	6.613542156699797658e+01
5.440000000000000000e+02	5.440000000000000000e+05	6.621261320226359715e+01
5.450000000000000000e+02	5.450000000000000000e+05	6.621445857658632406e+01
5.460000000000000000e+02	5.460000000000000000e+05	6.629864260951082144e+01
5.470000000000000000e+02	5.470000000000000000e+05	6.633145454621984527e+01
5.480000000000000000e+02	5.480000000000000000e+05	6.618567845662484217e+01
5.490000000000000000e+02	5.490000000000000000e+05	6.635307196571878308e+01
5.500000000000000000e+02	5.500000000000000000e+05	6.637045396218867666e+01
5.510000000000000000e+02	5.510000000000000000e+05	6.644767843776041616e+01
5.520000000000000000e+02	5.520000000000000000e+05	6.645278649794644821e+01
5.530000000000000000e+02	5.530000000000000000e+05	6.671533047637684888e+01
5.540000000000000000e+02	5.540000000000000000e+05	6.667419330244234743e+01
5.550000000000000000e+02	5.550000000000000000e+05	6.656605529630989793e+01
5.560000000000000000e+02	5.560000000000000000e+05	6.663499201317884513e+01
5.570000000000000000e+02	5.570000000000000000e+05	6.671363983726519109e+01
5.580000000000000000e+02	5.580000000000000000e+05	6.672248601916889754e+01
5.590000000000000000e+02	5.590000000000000000e+05	6.668573813016780605e+01
5.600000000000000000e+02	5.600000000000000000e+05	6.677752407899724574e+01
5.610000000000000000e+02	5.610000000000000000e+05	6.678857749904332763e+01
5.620000000000000000e+02	5.620000000000000000e+05	6.684775261749879860e+01
5.630000000000000000e+02	5.630000000000000000e+05	6.682520260868157891e+01
5.640000000000000000e+02	5.640000000000000000e+05	6.703063636593358865e+01
5.650000000000000000e+02	5.650000000000000000e+05	6.700659837735776136e+01
5.660000000000000000e+02	5.660000000000000000e+05	6.699621733244867983e+01
5.670000000000000000e+02	5.670000000000000000e+05	6.703437052381303829e+01
5.680000000000000000e+02	5.680000000000000000e+05	6.703461422167964656e+01
5.690000000000000000e+02	5.690000000000000000e+05	6.707100929554280810e+01
5.700000000000000000e+02	5.700000000000000000e+05	6.691337715060446101e+01
5.710000000000000000e+02	5.710000000000000000e+05	6.690625745911492572e+01
5.720000000000000000e+02	5.720000000000000000e+05	6.706320417463140870e+01
5.730000000000000000e+02	5.730000000000000000e+05	6.715633723177697334e+01
5.740000000000000000e+02	5.740000000000000000e+05	6.716192157721391709e+01
5.750000000000000000e+02	5.750000000000000000e+05	6.735454100347402573e+01
5.760000000000000000e+02	5.760000000000000000e+05	6.730991487110345872e+01
5.770000000000000000e+02	5.770000000000000000e+05	6.741951173689172094e+01
5.780000000000000000e+02	5.780000000000000000e+05	6.740534975322573530e+01
5.790000000000000000e+02	5.790000000000000000e+05	6.728979759228970181e+01
5.800000000000000000e+02	5.800000000000000000e+05	6.710448181926139455e+01
5.810000000000000000e+02	5.810000000000000000e+05	6.709168919690029043e+01
5.820000000000000000e+02	5.820000000000000000e+05	6.709228814327244095e+01
5.830000000000000000e+02	5.830000000000000000e+05	6.711216354778348148e+01
5.840000000000000000e+02	5.840000000000000000e+05	6.699971533884509256e+01
5.850000000000000000e+02	5.850000000000000000e+05	6.698479526969310882e+01
5.860000000000000000e+02	5.860000000000000000e+05	6.703717975389305650e+01
5.870000000000000000e+02	5.870000000000000000e+05	6.709608025837972889e+01
5.880000000000000000e+02	5.880000000000000000e+05	6.716962110806397845e+01
5.890000000000000000e+02	5.890000000000000000e+05	6.725622938002652518e+01
5.900000000000000000e+02	5.900000000000000000e+05	6.715319579988978660e+01
5.910000000000000000e+02	5.910000000000000000e+05	6.713641598649952869e+01
5.920000000000000000e+02	5.920000000000000000e+05	6.725170931461551049e+01
5.930000000000000000e+02	5.930000000000000000e+05	6.730229501984798901e+01
5.940000000000000000e+02	5.940000000000000000e+05	6.733882737096269011e+01
5.950000000000000000e+02	5.950000000000000000e+05	6.753386076223563350e+01
5.960000000000000000e+02	5.960000000000000000e+05	6.761860738667590454e+01
5.970000000000000000e+02	5.970000000000000000e+05	6.760602557382578937e+01
5.980000000000000000e+02	5.980000000000000000e+05	6.772284918006975829e+01
5.990000000000000000e+02	5.990000000000000000e+05	6.782828031818399950e+01
6.000000000000000000e+02	6.000000000000000000e+05	6.806133649024671683e+01
6.010000000000000000e+02	6.010000000000000000e+05	6.808970938956775854e+01
6.020000000000000000e+02	6.020000000000000000e+05	6.814769774229003474e+01
6.030000000000000000e+02	6.030000000000000000e+05	6.828239112426325619e+01
6.040000000000000000e+02	6.040000000000000000e+05	6.825960403990873715e+01
6.050000000000000000e+02	6.050000000000000000e+05	6.826460555286605825e+01
6.060000000000000000e+02	6.060000000000000000e+05	6.832670001978426910e+01
6.070000000000000000e+02	6.070000000000000000e+05	6.832868109308940063e+01
6.080000000000000000e+02	6.080000000000000000e+05	6.821305672353796012e+01
6.090000000000000000e+02	6.090000000000000000e+05	6.834768617386157530e+01
6.100000000000000000e+02	6.100000000000000000e+05	6.830135325465815299e+01
6.110000000000000000e+02	6.110000000000000000e+05	6.829221296922081308e+01
6.120000000000000000e+02	6.120000000000000000e+05	6.833274179828730155e+01
6.130000000000000000e+02	6.130000000000000000e+05	6.830317350683868938e+01
6.140000000000000000e+02	6.140000000000000000e+05	6.844009044751636850e+01
6.150000000000000000e+02	6.150000000000000000e+05	6.848771671768990643e+01
6.160000000000000000e+02	6.160000000000000000e+05	6.862131449402819783e+01
6.170000000000000000e+02	6.170000000000000000e+05	6.858849982130006140e+01
6.180000000000000000e+02	6.180000000000000000e+05	6.870798651938035562e+01
6.190000000000000000e+02	6.190000000000000000e+05	6.870219752339629338e+01
6.200000000000000000e+02	6.200000000000000000e+05	6.890171684502720950e+01
6.210000000000000000e+02	6.210000000000000000e+05	6.896240036590398859e+01
6.220000000000000000e+02	6.220000000000000000e+05	6.900521041658251420e+01
6.230000000000000000e+02	6.230000000000000000e+05	6.906935868409060220e+01
6.240000000000000000e+02	6.240000000000000000e+05	6.920289009042903672e+01
6.250000000000000000e+02	6.250000000000000000e+05	6.918919025743845452e+01
6.260000000000000000e+02	6.260000000000000000e+05	6.922405881157797580e+01
6.270000000000000000e+02	6.270000000000000000e+05	6.939177227051654029e+01
6.280000000000000000e+02	6.280000000000000000e+05	6.940902199181645926e+01
6.290000000000000000e+02	6.290000000000000000e+05	6.968816593883829569e+01
6.300000000000000000e+02	6.300000000000000000e+05	6.968821985410293962e+01
6.310000000000000000e+02	6.310000000000000000e+05	6.977138838236280094e+01
6.320000000000000000e+02	6.320000000000000000e+05	6.982150009898273879e+01
6.330000000000000000e+02	6.330000000000000000e+05	6.972374443514563325e+01
6.340000000000000000e+02	6.340000000000000000e+05	6.971015493388830464e+01
6.350000000000000000e+02	6.350000000000000000e+05	6.975131719298993005e+01
6.360000000000000000e+02	6.360000000000000000e+05	6.987098045627016063e+01
6.370000000000000000e+02	6.370000000000000000e+05	6.977669253099161040e+01
6.380000000000000000e+02	6.380000000000000000e+05	6.986583134970526032e+01
6.390000000000000000e+02	6.390000000000000000e+05	6.979828667430091116e+01
6.400000000000000000e+02	6.400000000000000000e+05	6.988258563333498330e+01
6.410000000000000000e+02	6.410000000000000000e+05	6.992732301281797902e+01
6.420000000000000000e+02	6.420000000000000000e+05	7.002899138003431290e+01
6.430000000000000000e+02	6.430000000000000000e+05	6.995158922596195339e+01
6.440000000000000000e+02	6.440000000000000000e+05	7.013387820596739175e+01
6.450000000000000000e+02	6.450000000000000000e+05	7.022311501956080804e+01
6.460000000000000000e+02	6.460000000000000000e+05	7.025735941967825227e+01
6.470000000000000000e+02	6.470000000000000000e+05	7.017350244968493200e+01
6.480000000000000000e+02	6.480000000000000000e+05	7.024887064811005644e+01
6.490000000000000000e+02	6.490000000000000000e+05	7.023126501682122580e+01
6.500000000000000000e+02	6.500000000000000000e+05	7.019408162704422693e+01
6.510000000000000000e+02	6.510000000000000000e+05	7.036293535235715524e+01
6.520000000000000000e+02	6.520000000000000000e+05	7.037594206131444707e+01
6.530000000000000000e+02	6.530000000000000000e+05	7.048910107820671556e+01
6.540000000000000000e+02	6.540000000000000000e+05	7.066418875203073924e+01
6.550000000000000000e+02	6.550000000000000000e+05	7.080710887352780958e+01
6.560000000000000000e+02	6.560000000000000000e+05	7.080425209725173374e+01
6.570000000000000000e+02	6.570000000000000000e+05	7.084339165989848652e+01
6.580000000000000000e+02	6.580000000000000000e+05	7.089729337559653288e+01
6.590000000000000000e+02	6.590000000000000000e+05	7.098927398626467777e+01
6.600000000000000000e+02	6.600000000000000000e+05	7.120241234717634882e+01
6.610000000000000000e+02	6.610000000000000000e+05	7.131676112993777394e+01
6.620000000000000000e+02	6.620000000000000000e+05	7.124467484071055878e+01
6.630000000000000000e+02	6.630000000000000000e+05	7.122795628949738500e+01
6.640000000000000000e+02	6.640000000000000000e+05	7.145387400316633375e+01
6.650000000000000000e+02	6.650000000000000000e+05	7.147471508755162972e+01
6.660000000000000000e+02	6.660000000000000000e+05	7.146587042374535770e+01
6.670000000000000000e+02	6.670000000000000000e+05	7.147585674854694560e+01
6.680000000000000000e+02	6.680000000000000000e+05	7.154775248833456658e+01
6.690000000000000000e+02	6.690000000000000000e+05	7.151877159212611446e+01
6.700000000000000000e+02	6.700000000000000000e+05	7.159537260009857107e+01
6.710000000000000000e+02	6.710000000000000000e+05	7.175024323780627356e+01
6.720000000000000000e+02	6.720000000000000000e+05	7.180915222461850078e+01
6.730000000000000000e+02	6.730000000000000000e+05	7.182747267983158679e+01
6.740000000000000000e+02	6.740000000000000000e+05	7.177233759971134930e+01
6.750000000000000000e+02	6.750000000000000000e+05	7.190688950910033839e+01
6.760000000000000000e+02	6.760000000000000000e+05	7.195019935860455007e+01
6.770000000000000000e+02	6.770000000000000000e+05	7.192837495571092177e+01
6.780000000000000000e+02	6.780000000000000000e+05	7.191658421625913888e+01
6.790000000000000000e+02	6.790000000000000000e+05	7.186505842750621298e+01
6.800000000000000000e+02	6.800000000000000000e+05	7.168905534045204320e+01
6.810000000000000000e+02	6.810000000000000000e+05	7.163989352110115760e+01
6.820000000000000000e+02	6.820000000000000000e+05	7.161905065537230541e+01
6.830000000000000000e+02	6.830000000000000000e+05	7.182595933176453684e+01
6.840000000000000000e+02	6.840000000000000000e+05	7.194697873692270207e+01
6.850000000000000000e+02	6.850000000000000000e+05	7.181537401400562715e+01
6.860000000000000000e+02	6.860000000000000000e+05	7.179921671445484321e+01
6.870000000000000000e+02	6.870000000000000000e+05	7.185378524572564629e+01
6.880000000000000000e+02	6.880000000000000000e+05	7.181204368646112357e+01
6.890000000000000000e+02	6.890000000000000000e+05	7.187751944551186511e+01
6.900000000000000000e+02	6.900000000000000000e+05	7.173626467884800206e+01
6.910000000000000000e+02	6.910000000000000000e+05	7.180216847612145159e+01
6.920000000000000000e+02	6.920000000000000000e+05	7.171222758164748257e+01
6.930000000000000000e+02	6.930000000000000000e+05	7.173977121677299351e+01
6.940000000000000000e+02	6.940000000000000000e+05	7.184177515285207960e+01
6.950000000000000000e+02	6.950000000000000000e+05	7.195256418905987061e+01
6.960000000000000000e+02	6.960000000000000000e+05	7.205392034117632249e+01
6.970000000000000000e+02	6.970000000000000000e+05	7.211562338898835378e+01
6.980000000000000000e+02	6.980000000000000000e+05	7.229953004826381857e+01
6.990000000000000000e+02	6.990000000000000000e+05	7.218786914530885213e+01
7.000000000000000000e+02	7.000000000000000000e+05	7.214665242583713223e+01
7.010000000000000000e+02	7.010000000000000000e+05	7.215843732497752683e+01
7.020000000000000000e+02	7.020000000000000000e+05	7.210266236109876559e+01
7.030000000000000000e+02	7.030000000000000000e+05	7.202705147776948991e+01
7.040000000000000000e+02	7.040000000000000000e+05	7.191788327020508120e+01
7.050000000000000000e+02	7.050000000000000000e+05	7.195837495618019375e+01
7.060000000000000000e+02	7.060000000000000000e+05	7.197165513139199788e+01
7.070000000000000000e+02	7.070000000000000000e+05	7.202109221894737345e+01
7.080000000000000000e+02	7.080000000000000000e+05	7.205762858202817256e+01
7.090000000000000000e+02	7.090000000000000000e+05	7.213584718089582282e+01
7.100000000000000000e+02	7.100000000000000000e+05	7.220547689200391517e+01
7.110000000000000000e+02	7.110000000000000000e+05	7.219161635502081253e+01
7.120000000000000000e+02	7.120000000000000000e+05	7.224233708366558915e+01
7.130000000000000000e+02	7.130000000000000000e+05	7.221886339927239362e+01
7.140000000000000000e+02	7.140000000000000000e+05	7.239556552607012918e+01
7.150000000000000000e+02	7.150000000000000000e+05	7.240775413938479232e+01
7.160000000000000000e+02	7.160000000000000000e+05	7.254912821069896722e+01
7.170000000000000000e+02	7.170000000000000000e+05	7.263935633449384000e+01
7.180000000000000000e+02	7.180000000000000000e+05	7.256938005104508704e+01
7.190000000000000000e+02	7.190000000000000000e+05	7.266582574062570643e+01
7.200000000000000000e+02	7.200000000000000000e+05	7.279863351013217709e+01
7.210000000000000000e+02	7.210000000000000000e+05	7.271496628696137066e+01
7.220000000000000000e+02	7.220000000000000000e+05	7.267618270807670910e+01
7.230000000000000000e+02	7.230000000000000000e+05	7.265294392633826703e+01
7.240000000000000000e+02	7.240000000000000000e+05	7.271534560471889108e+01
7.250000000000000000e+02	7.250000000000000000e+05	7.252121131531754372e+01
7.260000000000000000e+02	7.260000000000000000e+05	7.250489096148197632e+01
7.270000000000000000e+02	7.270000000000000000e+05	7.247559611647334066e+01
7.280000000000000000e+02	7.280000000000000000e+05	7.248596028742139197e+01
7.290000000000000000e+02	7.290000000000000000e+05	7.239379786963647234e+01
7.300000000000000000e+02	7.300000000000000000e+05	7.241663121208935650e+01
7.310000000000000000e+02	7.310000000000000000e+05	7.236290811302409054e+01
7.320000000000000000e+02	7.320000000000000000e+05	7.255219063070580887e+01
7.330000000000000000e+02	7.330000000000000000e+05	7.272294496567131716e+01
7.340000000000000000e+02	7.340000000000000000e+05	7.266843507657682721e+01
7.350000000000000000e+02	7.350000000000000000e+05	7.271723418341800027e+01
7.360000000000000000e+02	7.360000000000000000e+05	7.274199051613507550e+01
7.370000000000000000e+02	7.370000000000000000e+05	7.272344718413523879e+01
7.380000000000000000e+02	7.380000000000000000e+05	7.284506540958631149e+01
7.390000000000000000e+02	7.390000000000000000e+05	7.301810897201907835e+01
7.400000000000000000e+02	7.400000000000000000e+05	7.308036364883157887e+01
7.410000000000000000e+02	7.410000000000000000e+05	7.305342706087691340e+01
7.420000000000000000e+02	7.420000000000000000e+05	7.291741555951750797e+01
7.430000000000000000e+02	7.430000000000000000e+05	7.290138320480015466e+01
7.440000000000000000e+02	7.440000000000000000e+05	7.301826025871140757e+01
7.450000000000000000e+02	7.450000000000000000e+05	7.302781806754651939e+01
7.460000000000000000e+02	7.460000000000000000e+05	7.304356390899617679e+01
7.470000000000000000e+02	7.470000000000000000e+05	7.297251314647716924e+01
7.480000000000000000e+02	7.480000000000000000e+05	7.289372950852393274e+01
7.490000000000000000e+02	7.490000000000000000e+05	7.300095366237199812e+01
7.500000000000000000e+02	7.500000000000000000e+05	7.287478967225992221e+01
7.510000000000000000e+02	7.510000000000000000e+05	7.291628806388013118e+01
7.520000000000000000e+02	7.520000000000000000e+05	7.294695812758864406e+01
7.530000000000000000e+02	7.530000000000000000e+05	7.298107616300438849e+01
7.540000000000000000e+02	7.540000000000000000e+05	7.296625747822618280e+01
7.550000000000000000e+02	7.550000000000000000e+05	7.299052571273068679e+01
7.560000000000000000e+02	7.560000000000000000e+05	7.290525375132138208e+01
7.570000000000000000e+02	7.570000000000000000e+05	7.284998896402083801e+01
7.580000000000000000e+02	7.580000000000000000e+05	7.306949685099652925e+01
7.590000000000000000e+02	7.590000000000000000e+05	7.324792380380597479e+01
7.600000000000000000e+02	7.600000000000000000e+05	7.332284422452649153e+01
7.610000000000000000e+02	7.610000000000000000e+05	7.326166038487329502e+01
7.620000000000000000e+02	7.620000000000000000e+05	7.337927550684050004e+01
7.630000000000000000e+02	7.630000000000000000e+05	7.342802405696197354e+01
7.640000000000000000e+02	7.640000000000000000e+05	7.343558370082446629e+01
7.650000000000000000e+02	7.650000000000000000e+05	7.341769059434236055e+01
7.660000000000000000e+02	7.660000000000000000e+05	7.366353320310406616e+01
7.670000000000000000e+02	7.670000000000000000e+05	7.375115732647233813e+01
7.680000000000000000e+02	7.680000000000000000e+05	7.387781963511447714e+01
7.690000000000000000e+02	7.690000000000000000e+05	7.392448190618104320e+01
7.700000000000000000e+02	7.700000000000000000e+05	7.397602759332364997e+01
7.710000000000000000e+02	7.710000000000000000e+05	7.403829193433003297e+01
7.720000000000000000e+02	7.720000000000000000e+05	7.420237238770971544e+01
7.730000000000000000e+02	7.730000000000000000e+05	7.419649802424734730e+01
7.740000000000000000e+02	7.740000000000000000e+05	7.422956109146541337e+01
7.750000000000000000e+02	7.750000000000000000e+05	7.421119155490889341e+01
7.760000000000000000e+02	7.760000000000000000e+05	7.444257043827722953e+01
7.770000000000000000e+02	7.770000000000000000e+05	7.447375805880614053e+01
7.780000000000000000e+02	7.780000000000000000e+05	7.454776989960298295e+01
7.790000000000000000e+02	7.790000000000000000e+05	7.453339576787887211e+01
7.800000000000000000e+02	7.800000000000000000e+05	7.467471814442937728e+01
7.810000000000000000e+02	7.810000000000000000e+05	7.470392971187006026e+01
7.820000000000000000e+02	7.820000000000000000e+05	7.462583212230121887e+01
7.830000000000000000e+02	7.830000000000000000e+05	7.471803369045439069e+01
7.840000000000000000e+02	7.840000000000000000e+05	7.464639892956661527e+01
7.850000000000000000e+02	7.850000000000000000e+05	7.477494797945448113e+01
7.860000000000000000e+02	7.860000000000000000e+05	7.477847701055681284e+01
7.870000000000000000e+02	7.870000000000000000e+05	7.485969709130344540e+01
7.880000000000000000e+02	7.880000000000000000e+05	7.488020976004627016e+01
7.890000000000000000e+02	7.890000000000000000e+05	7.491054854479882863e+01
7.900000000000000000e+02	7.900000000000000000e+05	7.497205407439840030e+01
7.910000000000000000e+02	7.910000000000000000e+05	7.501996099180192346e+01
7.920000000000000000e+02	7.920000000000000000e+05	7.507930223979541040e+01
7.930000000000000000e+02	7.930000000000000000e+05	7.522157706063447336e+01
7.940000000000000000e+02	7.940000000000000000e+05	7.529832710481456104e+01
7.950000000000000000e+02	7.950000000000000000e+05	7.538490336790579249e+01
7.960000000000000000e+02	7.960000000000000000e+05	7.538979936192478704e+01
7.970000000000000000e+02	7.970000000000000000e+05	7.540998639225777822e+01
7.980000000000000000e+02	7.980000000000000000e+05	7.536161577512244492e+01
7.990000000000000000e+02	7.990000000000000000e+05	7.533184927217456561e+01
8.000000000000000000e+02	8.000000000000000000e+05	7.529716091911062392e+01
8.010000000000000000e+02	8.010000000000000000e+05	7.525919165138543576e+01
8.020000000000000000e+02	8.020000000000000000e+05	7.536463387504613820e+01
8.030000000000000000e+02	8.030000000000000000e+05	7.538678186722434305e+01
8.040000000000000000e+02	8.040000000000000000e+05	7.559114738274635670e+01
8.050000000000000000e+02	8.050000000000000000e+05	7.563375952976754490e+01
8.060000000000000000e+02	8.060000000000000000e+05	7.570013854415070398e+01
8.070000000000000000e+02	8.070000000000000000e+05	7.583478733000413285e+01
8.080000000000000000e+02	8.080000000000000000e+05	7.586777522296887355e+01
8.090000000000000000e+02	8.090000000000000000e+05	7.583844076936459544e+01
8.100000000000000000e+02	8.100000000000000000e+05	7.584062615418142173e+01
8.110000000000000000e+02	8.110000000000000000e+05	7.586020262369389400e+01
8.120000000000000000e+02	8.120000000000000000e+05	7.608470133902251575e+01
8.130000000000000000e+02	8.130000000000000000e+05	7.610171892971440855e+01
8.140000000000000000e+02	8.140000000000000000e+05	7.613018020874702074e+01
8.150000000000000000e+02	8.150000000000000000e+05	7.606933900409337923e+01
8.160000000000000000e+02	8.160000000000000000e+05	7.604291279688250427e+01
8.170000000000000000e+02	8.170000000000000000e+05	7.609577764642600073e+01
8.180000000000000000e+02	8.180000000000000000e+05	7.632616911052288344e+01
8.190000000000000000e+02	8.190000000000000000e+05	7.636969953097018049e+01
8.200000000000000000e+02	8.200000000000000000e+05	7.640615943608435146e+01
8.210000000000000000e+02	8.210000000000000000e+05	7.652704849432421952e+01
8.220000000000000000e+02	8.220000000000000000e+05	7.669101645673261203e+01
8.230000000000000000e+02	8.230000000000000000e+05	7.681393855748686406e+01
8.240000000000000000e+02	8.240000000000000000e+05	7.676853569040649461e+01
8.250000000000000000e+02	8.250000000000000000e+05	7.673128141016361781e+01
8.260000000000000000e+02	8.260000000000000000e+05	7.672777573452792410e+01
8.270000000000000000e+02	8.270000000000000000e+05	7.665285396204461676e+01
8.280000000000000000e+02	8.280000000000000000e+05	7.668878821879746965e+01
8.290000000000000000e+02	8.290000000000000000e+05	7.677346279159411324e+01
8.300000000000000000e+02	8.300000000000000000e+05	7.683829647223488735e+01
8.310000000000000000e+02	8.310000000000000000e+05	7.679653662655503865e+01
8.320000000000000000e+02	8.320000000000000000e+05	7.681552987158291046e+01
8.330000000000000000e+02	8.330000000000000000e+05	7.676616212543937934e+01
8.340000000000000000e+02	8.340000000000000000e+05	7.677920807708204620e+01
8.350000000000000000e+02	8.350000000000000000e+05	7.692551500230042905e+01
8.360000000000000000e+02	8.360000000000000000e+05	7.681603162328694623e+01
8.370000000000000000e+02	8.370000000000000000e+05	7.707607692356729956e+01
8.380000000000000000e+02	8.380000000000000000e+05	7.720248516293618479e+01
8.390000000000000000e+02	8.390000000000000000e+05	7.724439082994159378e+01
8.400000000000000000e+02	8.400000000000000000e+05	7.734214401258213911e+01
8.410000000000000000e+02	8.410000000000000000e+05	7.757900179044135314e+01
8.420000000000000000e+02	8.420000000000000000e+05	7.766590932886795429e+01
8.430000000000000000e+02	8.430000000000000000e+05	7.775020790071251042e+01
8.440000000000000000e+02	8.440000000000000000e+05	7.786545211011674894e+01
8.450000000000000000e+02	8.450000000000000000e+05	7.821261730661142053e+01
